4  294.176	2.242362e+00	1.125847e-01	6.891742e-01	3.026049e+00	9.765684e-01	2.000974e+00	-3.196956e-01	2.032792e+00	1.980320e-03	2.028970e+00	1.633090e-02	2.039884e+00	2.945566e-02	2.856074e-01	2.061562e+00	7.772396e-01	
1  156.534	2.237299e+00	1.131222e-01	6.874175e-01	2.703894e+00	9.212326e-01	2.296526e+00	-5.091234e-01	2.366054e+00	1.663989e-01	2.332810e+00	2.365456e-01	2.329312e+00	1.397975e-01	2.880993e-01	1.493778e+00	6.500595e-01	
1  120.68	2.237299e+00	1.131222e-01	6.874175e-01	2.703894e+00	9.212326e-01	2.374394e+00	1.829795e-02	2.377491e+00	4.765669e-01	2.343413e+00	5.926834e-01	2.274752e+00	3.078728e-01	2.880993e-01	1.493778e+00	6.500595e-01	
4  114.518	2.237299e+00	1.131222e-01	6.874175e-01	2.703894e+00	9.212326e-01	2.429079e+00	6.081171e-01	2.375996e+00	3.516253e-01	2.417226e+00	1.273785e+00	2.299689e+00	7.139489e-01	2.880993e-01	1.493778e+00	6.500595e-01	
1  110.35	2.237299e+00	1.131222e-01	6.874175e-01	2.703894e+00	9.212326e-01	2.426858e+00	7.283089e-01	2.343127e+00	2.648720e-01	2.424906e+00	1.618810e+00	2.279665e+00	1.028585e+00	2.880993e-01	1.493778e+00	6.500595e-01	
1  103.639	2.237299e+00	1.131222e-01	6.874175e-01	2.703894e+00	9.212326e-01	2.390899e+00	5.720326e-01	2.370446e+00	5.143099e-01	2.364645e+00	1.334438e+00	2.297497e+00	1.549616e+00	2.880993e-01	1.493778e+00	6.500595e-01	
4  105.035	2.237299e+00	1.131222e-01	6.874175e-01	2.703894e+00	9.212326e-01	2.420293e+00	9.099406e-01	2.372534e+00	6.625132e-01	2.313082e+00	1.102851e+00	2.307919e+00	1.685737e+00	2.880993e-01	1.493778e+00	6.500595e-01	
5  101.93	2.237001e+00	1.216239e-01	6.890787e-01	2.650672e+00	8.776558e-01	2.422197e+00	9.962144e-01	2.367122e+00	6.615744e-01	2.307938e+00	1.093922e+00	2.300092e+00	1.671201e+00	3.046104e-01	1.416355e+00	6.528046e-01	
18  100.387	2.237001e+00	1.216239e-01	6.890787e-01	2.650672e+00	8.776558e-01	2.415566e+00	5.710057e-01	2.341346e+00	3.634879e-01	2.204743e+00	4.112128e-01	2.268768e+00	9.704570e-01	3.046104e-01	1.416355e+00	6.528046e-01	
4  100.241	2.256487e+00	1.199732e-01	6.926261e-01	2.661697e+00	9.040251e-01	2.433759e+00	6.356246e-01	2.350002e+00	3.847034e-01	2.213829e+00	4.328771e-01	2.276159e+00	9.880327e-01	2.984637e-01	1.432057e+00	6.567999e-01	
20  101.409	2.238517e+00	1.270105e-01	6.773638e-01	2.651363e+00	8.374876e-01	2.382718e+00	6.026557e-01	2.309555e+00	3.222313e-01	2.174531e+00	3.661520e-01	2.236138e+00	9.255797e-01	3.270111e-01	1.417334e+00	6.587449e-01	
11  100.475	2.238517e+00	1.270105e-01	6.773638e-01	2.651363e+00	8.374876e-01	2.363241e+00	6.125339e-01	2.287924e+00	1.694125e-01	2.190728e+00	4.406816e-01	2.227309e+00	1.093577e+00	3.270111e-01	1.417334e+00	6.587449e-01	
2  98.9118	2.238517e+00	1.270105e-01	6.773638e-01	2.651363e+00	8.374876e-01	2.332400e+00	1.773784e-01	2.243272e+00	1.542768e-01	2.178996e+00	5.997238e-01	2.195420e+00	1.018340e+00	3.270111e-01	1.417334e+00	6.587449e-01	
17  98.6703	2.238517e+00	1.270105e-01	6.773638e-01	2.651363e+00	8.374876e-01	2.314249e+00	1.421340e-01	2.307191e+00	4.764235e-01	2.148870e+00	2.632133e-01	2.212517e+00	8.475133e-01	3.270111e-01	1.417334e+00	6.587449e-01	
5  99.1532	2.246772e+00	1.227117e-01	6.771061e-01	2.723686e+00	8.717291e-01	2.277635e+00	1.500269e-01	2.265932e+00	4.588268e-01	2.111672e+00	2.420101e-01	2.177745e+00	8.421792e-01	3.180638e-01	1.523639e+00	6.765324e-01	
19  96.3904	2.246772e+00	1.227117e-01	6.771061e-01	2.723686e+00	8.717291e-01	2.245565e+00	-1.090417e-02	2.293323e+00	7.026959e-01	2.097353e+00	3.495510e-01	2.246066e+00	1.258783e+00	3.180638e-01	1.523639e+00	6.765324e-01	
7  97.9506	2.289150e+00	1.333504e-01	6.930594e-01	2.654186e+00	8.019436e-01	2.195812e+00	-1.743859e-01	2.259885e+00	6.474840e-01	2.065753e+00	2.966621e-01	2.220496e+00	1.218101e+00	3.266204e-01	1.421342e+00	6.709315e-01	
19  96.2594	2.289150e+00	1.333504e-01	6.930594e-01	2.654186e+00	8.019436e-01	2.162678e+00	-1.819672e-01	2.211081e+00	3.322889e-01	2.087623e+00	3.290132e-01	2.193552e+00	1.292394e+00	3.266204e-01	1.421342e+00	6.709315e-01	
7  95.6414	2.322603e+00	1.189144e-01	6.901620e-01	2.760538e+00	9.105278e-01	2.194020e+00	-1.181763e-01	2.229776e+00	3.708064e-01	2.107112e+00	3.771399e-01	2.210867e+00	1.336973e+00	2.997638e-01	1.580834e+00	6.837423e-01	
13  93.5793	2.322603e+00	1.189144e-01	6.901620e-01	2.760538e+00	9.105278e-01	2.190899e+00	3.868065e-02	2.247538e+00	3.163299e-01	2.156649e+00	6.744964e-01	2.179622e+00	1.606736e+00	2.997638e-01	1.580834e+00	6.837423e-01	
24  93.2628	2.322603e+00	1.189144e-01	6.901620e-01	2.760538e+00	9.105278e-01	2.150469e+00	-2.566195e-01	2.269391e+00	3.471895e-01	2.164336e+00	9.269036e-01	2.169941e+00	1.527661e+00	2.997638e-01	1.580834e+00	6.837423e-01	
5  93.3982	2.322603e+00	1.189144e-01	6.901620e-01	2.760538e+00	9.105278e-01	2.221619e+00	7.760196e-02	2.267394e+00	4.102852e-01	2.148789e+00	8.196729e-01	2.256859e+00	1.843757e+00	2.997638e-01	1.580834e+00	6.837423e-01	
2  94.7052	2.322603e+00	1.189144e-01	6.901620e-01	2.760538e+00	9.105278e-01	2.246877e+00	4.886329e-01	2.329231e+00	1.097690e+00	2.158271e+00	9.575888e-01	2.177943e+00	1.375066e+00	2.997638e-01	1.580834e+00	6.837423e-01	
1  95.8803	2.322603e+00	1.189144e-01	6.901620e-01	2.760538e+00	9.105278e-01	2.253700e+00	5.329795e-01	2.351301e+00	1.057795e+00	2.167135e+00	1.230124e+00	2.246593e+00	1.578305e+00	2.997638e-01	1.580834e+00	6.837423e-01	
1  95.4795	2.315530e+00	1.286864e-01	7.080875e-01	2.740475e+00	8.584031e-01	2.171392e+00	4.840759e-01	2.269642e+00	1.009368e+00	2.091818e+00	1.163448e+00	2.179654e+00	1.544292e+00	3.041275e-01	1.549434e+00	7.015437e-01	
1  92.6348	2.297550e+00	1.213874e-01	7.027398e-01	2.879523e+00	9.187425e-01	2.105634e+00	5.825446e-01	2.187695e+00	9.873039e-01	2.017713e+00	1.125813e+00	2.108413e+00	1.536350e+00	2.936297e-01	1.780577e+00	7.417209e-01	
15  92.7616	2.299933e+00	1.343596e-01	6.934475e-01	2.690028e+00	8.667999e-01	2.283500e+00	9.696582e-01	2.334790e+00	1.108140e+00	2.153584e+00	1.247521e+00	2.222778e+00	1.582386e+00	3.285778e-01	1.473209e+00	7.024743e-01	
7  91.2335	2.322858e+00	1.104057e-01	6.838859e-01	3.048468e+00	9.813185e-01	2.028612e+00	5.517861e-01	2.112061e+00	9.231469e-01	1.948505e+00	1.065270e+00	2.040819e+00	1.497850e+00	2.871037e-01	2.108302e+00	7.708530e-01	
4  90.7144	2.322858e+00	1.104057e-01	6.838859e-01	3.048468e+00	9.813185e-01	1.937798e+00	1.130261e-01	2.089512e+00	8.474596e-01	1.997679e+00	1.514553e+00	2.007857e+00	1.778223e+00	2.871037e-01	2.108302e+00	7.708530e-01	
4  92.7953	2.319237e+00	1.397158e-01	6.974400e-01	2.780567e+00	8.631168e-01	2.078564e+00	6.469830e-01	2.179245e+00	9.650010e-01	2.081614e+00	1.605224e+00	2.072691e+00	1.809748e+00	3.362349e-01	1.612816e+00	7.512010e-01	
13  92.4865	2.319237e+00	1.397158e-01	6.974400e-01	2.780567e+00	8.631168e-01	2.054473e+00	1.743452e-01	2.178847e+00	9.871296e-01	2.052960e+00	1.654443e+00	2.050578e+00	1.917268e+00	3.362349e-01	1.612816e+00	7.512010e-01	
5  91.1473	2.319237e+00	1.397158e-01	6.974400e-01	2.780567e+00	8.631168e-01	2.161619e+00	1.000676e+00	2.199158e+00	1.029670e+00	2.037811e+00	1.349606e+00	2.069859e+00	1.336186e+00	3.362349e-01	1.612816e+00	7.512010e-01	
6  90.1197	2.319237e+00	1.397158e-01	6.974400e-01	2.780567e+00	8.631168e-01	2.112673e+00	4.754151e-01	2.155106e+00	8.875057e-01	2.016867e+00	1.154275e+00	2.040553e+00	1.364172e+00	3.362349e-01	1.612816e+00	7.512010e-01	
8  90.7962	2.248508e+00	1.404298e-01	6.913489e-01	2.903854e+00	8.607812e-01	1.981615e+00	5.572412e-01	2.011925e+00	8.205111e-01	1.884889e+00	1.053651e+00	1.915775e+00	1.314816e+00	3.421999e-01	1.824432e+00	8.032714e-01	
5  93.239	2.248508e+00	1.404298e-01	6.913489e-01	2.903854e+00	8.607812e-01	1.996977e+00	8.795837e-01	1.960190e+00	7.242296e-01	1.860853e+00	9.546841e-01	1.907800e+00	1.440015e+00	3.421999e-01	1.824432e+00	8.032714e-01	
9  93.0671	2.332103e+00	1.371563e-01	6.853289e-01	3.006736e+00	8.601555e-01	1.878040e+00	5.985036e-01	1.869469e+00	5.976052e-01	1.776526e+00	8.451499e-01	1.831343e+00	1.359562e+00	3.430484e-01	2.022130e+00	8.270297e-01	
2  94.0346	2.350451e+00	1.254170e-01	6.807908e-01	3.212778e+00	8.801706e-01	1.659175e+00	9.276282e-02	1.699091e+00	4.138309e-01	1.617649e+00	6.701911e-01	1.694116e+00	1.261483e+00	3.227042e-01	2.484802e+00	8.722982e-01	
2  92.8598	2.373373e+00	1.288572e-01	6.894928e-01	3.151844e+00	8.716709e-01	1.702846e+00	1.303116e-01	1.738151e+00	4.458942e-01	1.654192e+00	7.058833e-01	1.728119e+00	1.282130e+00	3.223285e-01	2.337914e+00	8.584280e-01	
9  92.762	2.350203e+00	1.233233e-01	6.935803e-01	3.198782e+00	9.266518e-01	1.720120e+00	2.608420e-01	1.736661e+00	4.901210e-01	1.654426e+00	7.400972e-01	1.727937e+00	1.321603e+00	3.065552e-01	2.450266e+00	8.755610e-01	
3  93.2571	2.322882e+00	1.251536e-01	7.105135e-01	3.084959e+00	9.123754e-01	1.800267e+00	2.145186e-01	1.821675e+00	5.606110e-01	1.732515e+00	8.149598e-01	1.806782e+00	1.378977e+00	2.952018e-01	2.186656e+00	8.362781e-01	
1  91.6401	2.370142e+00	1.358831e-01	7.091479e-01	2.806347e+00	9.064929e-01	2.134103e+00	7.797214e-01	2.105100e+00	8.027222e-01	1.996065e+00	1.073491e+00	2.037435e+00	1.510343e+00	3.186151e-01	1.654935e+00	7.610520e-01	
6  91.4888	2.408331e+00	1.274805e-01	6.929164e-01	3.042321e+00	9.537213e-01	1.951289e+00	6.789155e-01	1.927527e+00	6.605148e-01	1.832886e+00	9.245881e-01	1.882928e+00	1.418665e+00	3.170120e-01	2.095382e+00	8.316300e-01	
3  92.5669	2.408331e+00	1.274805e-01	6.929164e-01	3.042321e+00	9.537213e-01	1.903216e+00	4.615295e-01	1.892344e+00	4.263468e-01	1.883272e+00	1.206842e+00	1.875439e+00	1.381286e+00	3.170120e-01	2.095382e+00	8.316300e-01	
13  91.4121	2.409066e+00	1.194375e-01	6.821922e-01	3.051668e+00	9.380967e-01	1.878102e+00	4.001873e-02	1.918243e+00	3.642017e-01	1.903984e+00	1.174921e+00	1.903564e+00	1.352599e+00	3.097906e-01	2.115060e+00	7.939201e-01	
2  90.5096	2.397422e+00	1.323812e-01	6.981966e-01	2.960766e+00	8.740586e-01	1.868931e+00	1.098791e-01	1.900544e+00	3.682507e-01	1.887699e+00	1.162750e+00	1.888528e+00	1.345024e+00	3.220645e-01	1.931276e+00	7.945981e-01	
8  91.6892	2.386511e+00	1.373307e-01	6.958578e-01	2.934573e+00	8.230144e-01	1.830993e+00	1.387550e-03	1.877556e+00	3.241790e-01	1.864944e+00	1.118459e+00	1.868749e+00	1.308387e+00	3.342296e-01	1.881347e+00	7.866121e-01	
3  94.2423	2.386511e+00	1.373307e-01	6.958578e-01	2.934573e+00	8.230144e-01	1.817313e+00	1.117026e-02	1.881984e+00	5.065017e-01	1.817419e+00	7.357964e-01	1.896366e+00	9.981771e-01	3.342296e-01	1.881347e+00	7.866121e-01	
21  93.9213	2.377568e+00	1.267330e-01	6.837344e-01	2.903192e+00	8.697898e-01	1.939296e+00	-1.137637e-02	2.011888e+00	5.846491e-01	1.936666e+00	8.385083e-01	2.008211e+00	1.059009e+00	3.233266e-01	1.823226e+00	7.482850e-01	
12  93.7648	2.377568e+00	1.267330e-01	6.837344e-01	2.903192e+00	8.697898e-01	1.956698e+00	-3.029785e-02	2.004405e+00	5.366930e-01	1.978634e+00	1.013016e+00	2.056440e+00	1.445941e+00	3.233266e-01	1.823226e+00	7.482850e-01	
9  92.5696	2.377568e+00	1.267330e-01	6.837344e-01	2.903192e+00	8.697898e-01	1.984925e+00	1.332852e-01	2.019152e+00	2.891503e-01	1.996502e+00	1.189377e+00	2.003957e+00	7.670720e-01	3.233266e-01	1.823226e+00	7.482850e-01	
9  93.4705	2.358714e+00	1.268087e-01	6.790748e-01	2.863083e+00	8.530635e-01	2.016331e+00	9.205688e-02	2.059111e+00	3.027430e-01	2.032284e+00	1.209054e+00	2.038142e+00	7.738922e-01	3.275343e-01	1.751545e+00	7.292892e-01	
1  98.8933	2.358714e+00	1.268087e-01	6.790748e-01	2.863083e+00	8.530635e-01	1.996360e+00	2.383838e-01	2.086139e+00	4.107221e-01	2.098590e+00	1.410780e+00	1.982792e+00	6.686710e-01	3.275343e-01	1.751545e+00	7.292892e-01	
3  96.8329	2.352748e+00	1.349402e-01	7.007241e-01	2.953815e+00	8.265327e-01	1.814338e+00	2.141250e-01	1.895164e+00	3.090676e-01	1.923669e+00	1.273825e+00	1.822797e+00	6.041691e-01	3.240473e-01	1.917898e+00	7.900082e-01	
8  97.4817	2.370477e+00	1.315506e-01	6.855316e-01	2.939651e+00	8.238305e-01	1.852417e+00	1.321214e-01	1.948464e+00	3.063600e-01	1.971556e+00	1.290965e+00	1.866211e+00	5.979560e-01	3.317339e-01	1.890925e+00	7.674301e-01	
3  97.6422	2.370477e+00	1.315506e-01	6.855316e-01	2.939651e+00	8.238305e-01	1.837485e+00	-2.827138e-01	1.943905e+00	1.898489e-01	1.992682e+00	1.601303e+00	1.876035e+00	1.277006e+00	3.317339e-01	1.890925e+00	7.674301e-01	
8  95.0632	2.384397e+00	1.312065e-01	6.836302e-01	2.789971e+00	8.375539e-01	2.038085e+00	-1.132846e-01	2.132858e+00	3.297883e-01	2.167332e+00	1.762169e+00	2.035248e+00	1.365708e+00	3.331434e-01	1.628055e+00	7.133957e-01	
2  95.5283	2.384397e+00	1.312065e-01	6.836302e-01	2.789971e+00	8.375539e-01	2.058310e+00	1.148020e-01	2.099514e+00	3.249576e-01	2.106253e+00	1.048030e+00	2.036195e+00	1.702159e+00	3.331434e-01	1.628055e+00	7.133957e-01	
30  92.3198	2.384397e+00	1.312065e-01	6.836302e-01	2.789971e+00	8.375539e-01	2.068488e+00	-3.528252e-02	2.175055e+00	4.999366e-01	2.077522e+00	1.041965e+00	2.033827e+00	2.059193e+00	3.331434e-01	1.628055e+00	7.133957e-01	
2  92.7241	2.413483e+00	1.309639e-01	7.004109e-01	2.704004e+00	8.354574e-01	2.129418e+00	-1.745106e-01	2.249404e+00	5.387176e-01	2.146036e+00	1.097715e+00	2.104124e+00	2.098799e+00	3.174698e-01	1.493943e+00	6.838171e-01	
12  93.0889	2.442087e+00	1.231906e-01	7.047508e-01	2.759634e+00	9.007074e-01	2.146160e+00	-1.451014e-01	2.257674e+00	5.639843e-01	2.155344e+00	1.128041e+00	2.113380e+00	2.129782e+00	2.984969e-01	1.579406e+00	6.928500e-01	
30  91.9659	2.423820e+00	1.269984e-01	6.970264e-01	2.798183e+00	8.730072e-01	2.079216e+00	-1.182374e-01	2.189156e+00	5.127428e-01	2.091600e+00	1.064227e+00	2.051218e+00	2.084266e+00	3.126109e-01	1.641480e+00	7.120099e-01	
6  94.6341	2.423820e+00	1.269984e-01	6.970264e-01	2.798183e+00	8.730072e-01	2.129256e+00	3.801251e-01	2.149741e+00	4.762451e-01	2.160707e+00	1.838681e+00	2.060052e+00	2.025285e+00	3.126109e-01	1.641480e+00	7.120099e-01	
1  93.0458	2.416177e+00	1.169849e-01	6.846224e-01	3.109059e+00	9.333503e-01	1.871571e+00	2.917667e-01	1.891281e+00	3.058540e-01	1.923311e+00	1.641747e+00	1.838307e+00	1.921256e+00	3.025142e-01	2.239994e+00	8.048648e-01	
1  93.7491	2.390662e+00	1.264910e-01	7.067881e-01	2.928158e+00	9.203887e-01	2.032695e+00	6.117140e-01	2.017292e+00	4.608570e-01	2.041323e+00	1.785187e+00	1.946000e+00	2.019729e+00	3.023561e-01	1.869317e+00	7.759587e-01	
1  93.2141	2.389948e+00	1.273677e-01	6.985764e-01	2.905089e+00	9.020097e-01	2.048914e+00	5.881974e-01	2.040404e+00	4.568592e-01	2.061713e+00	1.787707e+00	1.963754e+00	2.010278e+00	3.112880e-01	1.826687e+00	7.631199e-01	
4  93.8969	2.366265e+00	1.259657e-01	7.015904e-01	2.842050e+00	9.187044e-01	2.142742e+00	6.937381e-01	2.124254e+00	5.389050e-01	2.139459e+00	1.872044e+00	2.036055e+00	2.067901e+00	3.052898e-01	1.715090e+00	7.410581e-01	
1  91.6548	2.366265e+00	1.259657e-01	7.015904e-01	2.842050e+00	9.187044e-01	2.131152e+00	6.556470e-01	2.131108e+00	6.283332e-01	2.111388e+00	1.673258e+00	2.068732e+00	1.987936e+00	3.052898e-01	1.715090e+00	7.410581e-01	
1  94.3965	2.366265e+00	1.259657e-01	7.015904e-01	2.842050e+00	9.187044e-01	2.144136e+00	7.159404e-01	2.144676e+00	6.547005e-01	2.108065e+00	1.404654e+00	2.100842e+00	2.309870e+00	3.052898e-01	1.715090e+00	7.410581e-01	
4  91.6709	2.366265e+00	1.259657e-01	7.015904e-01	2.842050e+00	9.187044e-01	2.167192e+00	7.590745e-01	2.128365e+00	6.210534e-01	2.079496e+00	1.392083e+00	2.053356e+00	2.105094e+00	3.052898e-01	1.715090e+00	7.410581e-01	
1  92.7388	2.316405e+00	1.180944e-01	6.719779e-01	2.945250e+00	9.286003e-01	2.114677e+00	6.896689e-01	2.089812e+00	5.664556e-01	2.042031e+00	1.338804e+00	2.016262e+00	2.063062e+00	3.142538e-01	1.901541e+00	7.478274e-01	
3  92.3336	2.233504e+00	1.241358e-01	6.820728e-01	2.850695e+00	8.910505e-01	2.158465e+00	7.755972e-01	2.125911e+00	6.252439e-01	2.074712e+00	1.380669e+00	2.049183e+00	2.100335e+00	3.162243e-01	1.729979e+00	7.330574e-01	
4  91.9537	2.213613e+00	1.201211e-01	6.820840e-01	2.892994e+00	9.297038e-01	2.165643e+00	8.819748e-01	2.118879e+00	6.521263e-01	2.069294e+00	1.399273e+00	2.042987e+00	2.123310e+00	3.071572e-01	1.804726e+00	7.452203e-01	
1  92.1032	2.213613e+00	1.201211e-01	6.820840e-01	2.892994e+00	9.297038e-01	2.166226e+00	8.531087e-01	2.173621e+00	1.371629e+00	2.070913e+00	1.306264e+00	2.023049e+00	2.081625e+00	3.071572e-01	1.804726e+00	7.452203e-01	
9  90.1982	2.213613e+00	1.201211e-01	6.820840e-01	2.892994e+00	9.297038e-01	2.161629e+00	7.658739e-01	2.167791e+00	9.648129e-01	2.034200e+00	1.055762e+00	2.041701e+00	1.971658e+00	3.071572e-01	1.804726e+00	7.452203e-01	
1  88.8509	2.213613e+00	1.201211e-01	6.820840e-01	2.892994e+00	9.297038e-01	2.076204e+00	2.094209e-01	2.188274e+00	1.041406e+00	2.081264e+00	1.386424e+00	2.061599e+00	1.723952e+00	3.071572e-01	1.804726e+00	7.452203e-01	
2  91.1905	2.213613e+00	1.201211e-01	6.820840e-01	2.892994e+00	9.297038e-01	2.183071e+00	1.044458e+00	2.192423e+00	1.054200e+00	2.095360e+00	1.301866e+00	2.044286e+00	1.776914e+00	3.071572e-01	1.804726e+00	7.452203e-01	
1  92.4232	2.213613e+00	1.201211e-01	6.820840e-01	2.892994e+00	9.297038e-01	2.189853e+00	1.158323e+00	2.192486e+00	1.146846e+00	2.059906e+00	9.491687e-01	2.048089e+00	2.002402e+00	3.071572e-01	1.804726e+00	7.452203e-01	
1  92.7979	2.213613e+00	1.201211e-01	6.820840e-01	2.892994e+00	9.297038e-01	2.209796e+00	1.310591e+00	2.195209e+00	1.483041e+00	2.080763e+00	1.484383e+00	2.003429e+00	1.743161e+00	3.071572e-01	1.804726e+00	7.452203e-01	
2  90.925	2.213613e+00	1.201211e-01	6.820840e-01	2.892994e+00	9.297038e-01	2.153424e+00	7.960347e-01	2.168479e+00	9.004554e-01	2.073565e+00	1.713416e+00	2.036901e+00	2.012007e+00	3.071572e-01	1.804726e+00	7.452203e-01	
2  93.6097	2.213613e+00	1.201211e-01	6.820840e-01	2.892994e+00	9.297038e-01	2.183185e+00	9.415391e-01	2.251547e+00	1.368859e+00	2.044857e+00	1.664110e+00	2.076277e+00	2.076886e+00	3.071572e-01	1.804726e+00	7.452203e-01	
14  93.9147	2.228204e+00	1.142081e-01	6.703812e-01	2.993620e+00	9.617682e-01	2.130924e+00	9.172757e-01	2.201013e+00	1.324473e+00	1.998455e+00	1.621293e+00	2.031101e+00	2.048636e+00	3.051423e-01	1.995781e+00	7.640387e-01	
2  94.0266	2.229618e+00	1.193580e-01	6.767293e-01	3.026779e+00	9.357004e-01	2.044481e+00	8.931661e-01	2.113729e+00	1.266809e+00	1.918077e+00	1.549452e+00	1.956708e+00	2.007028e+00	3.107205e-01	2.063067e+00	7.929708e-01	
3  97.7065	2.233841e+00	1.330804e-01	6.959098e-01	3.008694e+00	9.175441e-01	2.016328e+00	1.260838e+00	2.038324e+00	1.290101e+00	1.851510e+00	1.534902e+00	1.887554e+00	2.007644e+00	3.222506e-01	2.026092e+00	8.400714e-01	
2  95.0469	2.233841e+00	1.330804e-01	6.959098e-01	3.008694e+00	9.175441e-01	1.995746e+00	1.444237e+00	2.029295e+00	1.653115e+00	1.804434e+00	9.055165e-01	1.916085e+00	1.771073e+00	3.222506e-01	2.026092e+00	8.400714e-01	
3  96.2778	2.233841e+00	1.330804e-01	6.959098e-01	3.008694e+00	9.175441e-01	1.993671e+00	1.198389e+00	2.004538e+00	2.131363e+00	1.843664e+00	1.136349e+00	1.863853e+00	1.230460e+00	3.222506e-01	2.026092e+00	8.400714e-01	
2  94.7461	2.233841e+00	1.330804e-01	6.959098e-01	3.008694e+00	9.175441e-01	1.899240e+00	5.600801e-01	1.948724e+00	1.547085e+00	1.837850e+00	1.211533e+00	1.840746e+00	1.019751e+00	3.222506e-01	2.026092e+00	8.400714e-01	
1  92.4507	2.184185e+00	1.318373e-01	6.803879e-01	2.817326e+00	8.922668e-01	2.117398e+00	5.991842e-01	2.177767e+00	1.682493e+00	2.046704e+00	1.374361e+00	2.034495e+00	1.101230e+00	3.333637e-01	1.673206e+00	7.507722e-01	
7  92.0598	2.175192e+00	1.292908e-01	6.851525e-01	2.790604e+00	8.964442e-01	2.142466e+00	5.037294e-01	2.213149e+00	1.700252e+00	2.078870e+00	1.399720e+00	2.068707e+00	1.122356e+00	3.231271e-01	1.629086e+00	7.348994e-01	
1  91.9997	2.175192e+00	1.292908e-01	6.851525e-01	2.790604e+00	8.964442e-01	2.242462e+00	9.548297e-01	2.199316e+00	1.096670e+00	2.071038e+00	1.272193e+00	2.059590e+00	1.402199e+00	3.231271e-01	1.629086e+00	7.348994e-01	
6  92.0147	2.175192e+00	1.292908e-01	6.851525e-01	2.790604e+00	8.964442e-01	2.231260e+00	1.087162e+00	2.196037e+00	8.595878e-01	2.139171e+00	1.854533e+00	2.129169e+00	1.538364e+00	3.231271e-01	1.629086e+00	7.348994e-01	
7  92.5096	2.164408e+00	1.258990e-01	6.890159e-01	2.779954e+00	9.251657e-01	2.277277e+00	1.137665e+00	2.235256e+00	9.068727e-01	2.176007e+00	1.902913e+00	2.164378e+00	1.577317e+00	3.121422e-01	1.611828e+00	7.285313e-01	
1  92.2038	2.164408e+00	1.258990e-01	6.890159e-01	2.779954e+00	9.251657e-01	2.258833e+00	8.868170e-01	2.219543e+00	7.975409e-01	2.142740e+00	1.930992e+00	2.126367e+00	1.395376e+00	3.121422e-01	1.611828e+00	7.285313e-01	
8  92.6368	2.164408e+00	1.258990e-01	6.890159e-01	2.779954e+00	9.251657e-01	2.240542e+00	9.548281e-01	2.250580e+00	1.243954e+00	2.124853e+00	1.771623e+00	2.062986e+00	1.247987e+00	3.121422e-01	1.611828e+00	7.285313e-01	
1  91.7052	2.164408e+00	1.258990e-01	6.890159e-01	2.779954e+00	9.251657e-01	2.196509e+00	4.762860e-01	2.302757e+00	1.506679e+00	2.135667e+00	1.924490e+00	2.054432e+00	1.184511e+00	3.121422e-01	1.611828e+00	7.285313e-01	
21  91.3118	2.164408e+00	1.258990e-01	6.890159e-01	2.779954e+00	9.251657e-01	2.243382e+00	7.545459e-01	2.286077e+00	1.037478e+00	2.141600e+00	1.821612e+00	2.110250e+00	1.412541e+00	3.121422e-01	1.611828e+00	7.285313e-01	
15  90.6354	2.188359e+00	1.257477e-01	6.762840e-01	2.860754e+00	9.116785e-01	2.151725e+00	6.616567e-01	2.205598e+00	9.481906e-01	2.066617e+00	1.733266e+00	2.038334e+00	1.345486e+00	3.241984e-01	1.747470e+00	7.496485e-01	
1  90.6225	2.258644e+00	1.119071e-01	6.788771e-01	2.992708e+00	9.664193e-01	2.054553e+00	2.429178e-01	2.147167e+00	8.514140e-01	2.012378e+00	1.663273e+00	1.997420e+00	1.310592e+00	2.932205e-01	1.993961e+00	7.550521e-01	
2  91.1515	2.258644e+00	1.119071e-01	6.788771e-01	2.992708e+00	9.664193e-01	2.042062e+00	1.143597e-01	2.153599e+00	1.020456e+00	2.025533e+00	1.390875e+00	1.924561e+00	9.305451e-01	2.932205e-01	1.993961e+00	7.550521e-01	
4  89.0929	2.258644e+00	1.119071e-01	6.788771e-01	2.992708e+00	9.664193e-01	2.058424e+00	3.993681e-01	2.200553e+00	1.298172e+00	1.994250e+00	1.069455e+00	1.973011e+00	1.231495e+00	2.932205e-01	1.993961e+00	7.550521e-01	
2  89.4377	2.258644e+00	1.119071e-01	6.788771e-01	2.992708e+00	9.664193e-01	2.055199e+00	4.010871e-01	2.175576e+00	1.741592e+00	2.028611e+00	1.368334e+00	2.006649e+00	1.085798e+00	2.932205e-01	1.993961e+00	7.550521e-01	
7  89.2694	2.300107e+00	1.140161e-01	6.728734e-01	3.111749e+00	9.547137e-01	1.909646e+00	3.331180e-01	2.034006e+00	1.621953e+00	1.898195e+00	1.239914e+00	1.882603e+00	9.988549e-01	3.040501e-01	2.246030e+00	8.034553e-01	
2  90.2873	2.300107e+00	1.140161e-01	6.728734e-01	3.111749e+00	9.547137e-01	1.875205e+00	7.530386e-02	2.062444e+00	1.849614e+00	1.910432e+00	1.245120e+00	1.889934e+00	1.143633e+00	3.040501e-01	2.246030e+00	8.034553e-01	
4  91.6002	2.300107e+00	1.140161e-01	6.728734e-01	3.111749e+00	9.547137e-01	1.846754e+00	8.125617e-03	2.064350e+00	1.943783e+00	1.872188e+00	8.080248e-01	1.870024e+00	1.495254e+00	3.040501e-01	2.246030e+00	8.034553e-01	
1  95.3074	2.356033e+00	1.200471e-01	6.669939e-01	3.016646e+00	9.717014e-01	2.003321e+00	4.435676e-01	2.177794e+00	2.059753e+00	1.979240e+00	9.270511e-01	1.956172e+00	1.549287e+00	3.242476e-01	2.042269e+00	7.918704e-01	
3  94.3851	2.321226e+00	1.331780e-01	6.754433e-01	2.991666e+00	8.755147e-01	1.882683e+00	3.268590e-01	2.069820e+00	1.968605e+00	1.877959e+00	8.148909e-01	1.864768e+00	1.476780e+00	3.442049e-01	1.991883e+00	8.092127e-01	
# After 105 accepted steps: update proposal 
11  91.916	2.315549e+00	1.271111e-01	6.726799e-01	2.878500e+00	8.779815e-01	2.017146e+00	1.545626e-01	2.229988e+00	2.042504e+00	2.023904e+00	9.214975e-01	2.006389e+00	1.536671e+00	3.335057e-01	1.778756e+00	7.437129e-01	
5  91.6067	2.155442e+00	1.116915e-01	6.581785e-01	2.970930e+00	9.381036e-01	1.996281e+00	-1.040537e-01	2.249788e+00	2.099912e+00	2.031845e+00	9.691144e-01	2.031422e+00	1.554147e+00	3.090729e-01	1.951005e+00	7.398810e-01	
7  92.705	2.155442e+00	1.116915e-01	6.581785e-01	2.970930e+00	9.381036e-01	2.025878e+00	2.581775e-01	2.188186e+00	1.788257e+00	2.063987e+00	1.476643e+00	2.039175e+00	1.181018e+00	3.090729e-01	1.951005e+00	7.398810e-01	
2  92.3153	2.208392e+00	1.124235e-01	6.763704e-01	2.972212e+00	9.534702e-01	2.015351e+00	2.999163e-01	2.166506e+00	1.829452e+00	2.045674e+00	1.465015e+00	2.036924e+00	1.344833e+00	2.954282e-01	1.953509e+00	7.485710e-01	
1  95.3175	2.082604e+00	1.018640e-01	6.508901e-01	3.080478e+00	1.002084e+00	1.989145e+00	2.393548e-01	2.151613e+00	1.771140e+00	2.036741e+00	1.494080e+00	2.006780e+00	1.135143e+00	2.911173e-01	2.176880e+00	7.554323e-01	
2  93.7281	2.193310e+00	1.196180e-01	6.639943e-01	2.883263e+00	8.769682e-01	2.035763e+00	1.926094e-01	2.210667e+00	1.797341e+00	2.075531e+00	1.435239e+00	2.060189e+00	1.215796e+00	3.225196e-01	1.787249e+00	7.228070e-01	
2  93.1936	2.193310e+00	1.196180e-01	6.639943e-01	2.883263e+00	8.769682e-01	1.974058e+00	-1.197905e-01	2.227193e+00	1.678063e+00	2.096071e+00	1.381268e+00	2.040700e+00	1.176987e+00	3.225196e-01	1.787249e+00	7.228070e-01	
3  93.3897	2.193310e+00	1.196180e-01	6.639943e-01	2.883263e+00	8.769682e-01	1.944675e+00	-3.853596e-01	2.260565e+00	1.858354e+00	2.037316e+00	1.241482e+00	2.032340e+00	1.136357e+00	3.225196e-01	1.787249e+00	7.228070e-01	
2  92.4405	2.193310e+00	1.196180e-01	6.639943e-01	2.883263e+00	8.769682e-01	1.963165e+00	-3.518101e-01	2.246477e+00	1.833158e+00	2.077511e+00	1.510415e+00	2.016555e+00	8.173670e-01	3.225196e-01	1.787249e+00	7.228070e-01	
6  93.918	2.170637e+00	1.137680e-01	6.684541e-01	2.947306e+00	9.109945e-01	1.918546e+00	-4.508063e-01	2.213320e+00	1.847472e+00	2.045402e+00	1.488628e+00	1.999721e+00	9.133726e-01	3.046310e-01	1.905455e+00	7.342016e-01	
1  92.4588	2.170637e+00	1.137680e-01	6.684541e-01	2.947306e+00	9.109945e-01	1.927456e+00	-1.682631e-01	2.190789e+00	1.198425e+00	2.038254e+00	1.371174e+00	2.008959e+00	1.072883e+00	3.046310e-01	1.905455e+00	7.342016e-01	
3  92.6771	2.170637e+00	1.137680e-01	6.684541e-01	2.947306e+00	9.109945e-01	1.912134e+00	-3.346052e-01	2.167238e+00	8.033625e-01	2.009172e+00	1.151542e+00	1.981484e+00	1.214850e+00	3.046310e-01	1.905455e+00	7.342016e-01	
1  94.3107	2.170637e+00	1.137680e-01	6.684541e-01	2.947306e+00	9.109945e-01	1.934308e+00	-1.993804e-01	2.216146e+00	9.001158e-01	2.005433e+00	1.044609e+00	1.993900e+00	1.797360e+00	3.046310e-01	1.905455e+00	7.342016e-01	
1  93.2373	2.170637e+00	1.137680e-01	6.684541e-01	2.947306e+00	9.109945e-01	1.928812e+00	-2.614474e-01	2.176044e+00	8.914042e-01	1.925008e+00	5.057667e-01	1.976768e+00	1.656600e+00	3.046310e-01	1.905455e+00	7.342016e-01	
12  92.7447	2.170637e+00	1.137680e-01	6.684541e-01	2.947306e+00	9.109945e-01	1.945470e+00	-1.612142e-01	2.194775e+00	8.970601e-01	1.933085e+00	4.944863e-01	2.035193e+00	1.921206e+00	3.046310e-01	1.905455e+00	7.342016e-01	
4  92.3183	2.170637e+00	1.137680e-01	6.684541e-01	2.947306e+00	9.109945e-01	1.949652e+00	-2.186668e-01	2.167183e+00	8.140139e-01	1.910770e+00	3.289547e-01	1.990936e+00	1.461138e+00	3.046310e-01	1.905455e+00	7.342016e-01	
2  93.1482	2.224168e+00	1.219292e-01	6.695507e-01	2.854555e+00	8.910689e-01	2.047988e+00	9.863967e-02	2.220245e+00	8.241925e-01	1.970711e+00	4.143338e-01	2.022274e+00	1.343544e+00	3.230327e-01	1.736671e+00	7.240961e-01	
2  93.8665	2.232259e+00	1.196318e-01	6.621725e-01	2.871408e+00	8.861655e-01	2.035218e+00	-1.328867e-02	2.225274e+00	8.155525e-01	1.969717e+00	4.016669e-01	2.028462e+00	1.385482e+00	3.252167e-01	1.766186e+00	7.182750e-01	
4  94.5813	2.232259e+00	1.196318e-01	6.621725e-01	2.871408e+00	8.861655e-01	2.014186e+00	-3.369320e-01	2.240022e+00	1.151506e+00	1.987506e+00	4.386680e-01	2.072313e+00	1.686629e+00	3.252167e-01	1.766186e+00	7.182750e-01	
2  94.2556	2.232259e+00	1.196318e-01	6.621725e-01	2.871408e+00	8.861655e-01	2.074575e+00	-7.910470e-02	2.234862e+00	1.093882e+00	2.011008e+00	1.041243e+00	2.083080e+00	1.655222e+00	3.252167e-01	1.766186e+00	7.182750e-01	
3  93.606	2.232259e+00	1.196318e-01	6.621725e-01	2.871408e+00	8.861655e-01	2.014496e+00	-2.803455e-01	2.159674e+00	5.279204e-01	2.013383e+00	8.564582e-01	1.989050e+00	8.006608e-01	3.252167e-01	1.766186e+00	7.182750e-01	
1  93.3757	2.234778e+00	1.294902e-01	6.686844e-01	2.873849e+00	8.445503e-01	1.933697e+00	-2.034201e-01	2.065664e+00	3.948263e-01	1.937057e+00	7.226378e-01	1.889226e+00	5.821272e-01	3.410174e-01	1.770503e+00	7.450530e-01	
14  94.7116	2.151863e+00	1.344185e-01	6.686574e-01	2.741048e+00	8.099844e-01	2.039351e+00	-1.296302e-01	2.167742e+00	4.854257e-01	2.024820e+00	8.192319e-01	1.969741e+00	4.646645e-01	3.502131e-01	1.550322e+00	7.084280e-01	
2  95.3504	2.243784e+00	1.284170e-01	6.648356e-01	2.761198e+00	8.256449e-01	2.058576e+00	-2.609054e-01	2.205457e+00	5.444467e-01	2.049543e+00	8.555724e-01	2.022629e+00	7.482547e-01	3.427528e-01	1.581879e+00	6.947850e-01	
7  95.0008	2.243784e+00	1.284170e-01	6.648356e-01	2.761198e+00	8.256449e-01	2.135041e+00	1.115132e-01	2.195289e+00	4.119143e-01	2.053706e+00	6.526528e-01	1.967678e+00	4.233114e-01	3.427528e-01	1.581879e+00	6.947850e-01	
3  95.6598	2.196744e+00	1.270874e-01	6.688634e-01	2.888450e+00	8.023533e-01	1.913611e+00	-3.055210e-01	2.031727e+00	2.656714e-01	1.894302e+00	3.886025e-01	1.831158e+00	4.211375e-01	3.346139e-01	1.796544e+00	7.333997e-01	
16  94.2001	2.290678e+00	1.306908e-01	7.046078e-01	2.832688e+00	8.207727e-01	1.948954e+00	-1.590483e-01	2.038242e+00	3.892630e-01	1.902117e+00	4.199022e-01	1.866909e+00	7.193005e-01	3.106755e-01	1.699107e+00	7.319183e-01	
3  95.2452	2.290678e+00	1.306908e-01	7.046078e-01	2.832688e+00	8.207727e-01	1.999128e+00	1.285050e-01	2.007077e+00	2.989008e-01	1.897207e+00	3.696561e-01	1.849257e+00	4.302629e-01	3.106755e-01	1.699107e+00	7.319183e-01	
1  97.3546	2.290678e+00	1.306908e-01	7.046078e-01	2.832688e+00	8.207727e-01	2.039912e+00	2.137883e-01	2.082029e+00	1.026075e+00	1.852760e+00	2.593250e-01	1.914349e+00	7.025944e-01	3.106755e-01	1.699107e+00	7.319183e-01	
5  97.6283	2.290678e+00	1.306908e-01	7.046078e-01	2.832688e+00	8.207727e-01	2.034636e+00	1.680095e-01	2.132557e+00	1.627172e+00	1.839505e+00	1.567808e-01	1.899501e+00	4.222400e-01	3.106755e-01	1.699107e+00	7.319183e-01	
1  99.1024	2.165081e+00	1.194398e-01	6.842243e-01	2.928586e+00	8.778435e-01	2.026050e+00	1.214162e-01	2.132636e+00	1.609198e+00	1.843249e+00	2.106513e-01	1.888733e+00	2.710950e-01	3.027466e-01	1.870116e+00	7.449505e-01	
1  97.252	2.327904e+00	1.213071e-01	6.929301e-01	2.815729e+00	8.657373e-01	2.158473e+00	1.975484e-01	2.254412e+00	1.763660e+00	1.945384e+00	3.405873e-01	2.019070e+00	6.328682e-01	3.024671e-01	1.670534e+00	7.004070e-01	
12  97.6708	2.327668e+00	1.166992e-01	7.012304e-01	2.882974e+00	9.056728e-01	2.114654e+00	1.783654e-01	2.208482e+00	1.769086e+00	1.906517e+00	3.193494e-01	1.990509e+00	7.245158e-01	2.859734e-01	1.786733e+00	7.187462e-01	
2  97.4249	2.250602e+00	1.191942e-01	6.929087e-01	2.921366e+00	8.754432e-01	2.024059e+00	5.425444e-02	2.138135e+00	1.650556e+00	1.842141e+00	2.001996e-01	1.911571e+00	4.973862e-01	2.964750e-01	1.856662e+00	7.373339e-01	
7  98.2982	2.250602e+00	1.191942e-01	6.929087e-01	2.921366e+00	8.754432e-01	2.063409e+00	3.177949e-01	2.164133e+00	2.075530e+00	1.873183e+00	3.723958e-01	1.883836e+00	3.117700e-01	2.964750e-01	1.856662e+00	7.373339e-01	
4  97.6459	2.250602e+00	1.191942e-01	6.929087e-01	2.921366e+00	8.754432e-01	2.050308e+00	3.343164e-01	2.170168e+00	2.011024e+00	1.872456e+00	2.353613e-01	1.835178e+00	4.217764e-01	2.964750e-01	1.856662e+00	7.373339e-01	
10  97.1463	2.231220e+00	1.278442e-01	6.982520e-01	2.737518e+00	8.639884e-01	2.259976e+00	7.948043e-01	2.317180e+00	2.139643e+00	2.018114e+00	4.549303e-01	1.947596e+00	2.596406e-01	3.092991e-01	1.544859e+00	7.017988e-01	
2  98.3396	2.255869e+00	1.247921e-01	6.887142e-01	2.912906e+00	8.505635e-01	2.034369e+00	4.326982e-01	2.140402e+00	1.928611e+00	1.852831e+00	1.948985e-01	1.791663e+00	2.429442e-01	3.120102e-01	1.841021e+00	7.476193e-01	
7  96.9746	2.361985e+00	1.165777e-01	6.864334e-01	2.904677e+00	9.087141e-01	2.157895e+00	5.619346e-01	2.243142e+00	2.069293e+00	1.946887e+00	3.785380e-01	1.901535e+00	5.437228e-01	2.989058e-01	1.825934e+00	7.219765e-01	
3  97.0891	2.361985e+00	1.165777e-01	6.864334e-01	2.904677e+00	9.087141e-01	2.136634e+00	3.099829e-01	2.234430e+00	2.016217e+00	1.959434e+00	7.379336e-01	1.967691e+00	1.000438e+00	2.989058e-01	1.825934e+00	7.219765e-01	
4  96.437	2.361985e+00	1.165777e-01	6.864334e-01	2.904677e+00	9.087141e-01	2.085038e+00	6.197855e-03	2.202151e+00	1.822704e+00	1.933224e+00	6.035689e-01	1.982463e+00	7.092254e-01	2.989058e-01	1.825934e+00	7.219765e-01	
11  98.386	2.237558e+00	1.355042e-01	7.092114e-01	2.720250e+00	8.421767e-01	2.153390e+00	3.639057e-01	2.221793e+00	1.831955e+00	1.963575e+00	6.137008e-01	1.971893e+00	2.975325e-01	3.151689e-01	1.518412e+00	7.167357e-01	
4  100.502	2.166240e+00	1.310996e-01	6.948902e-01	2.777707e+00	8.672985e-01	2.140290e+00	3.867123e-01	2.206507e+00	1.781684e+00	1.955839e+00	6.284316e-01	1.943938e+00	1.248975e-01	3.176951e-01	1.608210e+00	7.309810e-01	
1  91.7457	2.166240e+00	1.310996e-01	6.948902e-01	2.777707e+00	8.672985e-01	2.140682e+00	4.732468e-01	2.240558e+00	1.389447e+00	2.010083e+00	7.866648e-01	1.923511e+00	3.212677e-01	3.176951e-01	1.608210e+00	7.309810e-01	
1  95.1818	2.166240e+00	1.310996e-01	6.948902e-01	2.777707e+00	8.672985e-01	2.112222e+00	3.795307e-01	2.215182e+00	1.067390e+00	2.035206e+00	8.308023e-01	1.845001e+00	-6.225739e-02	3.176951e-01	1.608210e+00	7.309810e-01	
1  93.7935	2.166240e+00	1.310996e-01	6.948902e-01	2.777707e+00	8.672985e-01	2.125338e+00	3.800097e-01	2.243738e+00	1.142063e+00	2.050886e+00	7.294933e-01	1.875312e+00	4.100909e-01	3.176951e-01	1.608210e+00	7.309810e-01	
1  94.2839	2.166240e+00	1.310996e-01	6.948902e-01	2.777707e+00	8.672985e-01	2.145135e+00	4.012303e-01	2.267965e+00	1.505003e+00	2.063730e+00	8.524157e-01	1.871141e+00	4.409457e-01	3.176951e-01	1.608210e+00	7.309810e-01	
3  94.6982	2.166240e+00	1.310996e-01	6.948902e-01	2.777707e+00	8.672985e-01	2.179636e+00	7.142340e-01	2.228250e+00	1.098641e+00	2.002772e+00	6.617421e-01	1.826001e+00	2.597722e-01	3.176951e-01	1.608210e+00	7.309810e-01	
8  95.1671	2.166240e+00	1.310996e-01	6.948902e-01	2.777707e+00	8.672985e-01	2.095755e+00	3.367795e-01	2.234870e+00	1.115686e+00	2.070236e+00	9.720430e-01	1.821215e+00	3.894718e-01	3.176951e-01	1.608210e+00	7.309810e-01	
4  95.1842	2.166240e+00	1.310996e-01	6.948902e-01	2.777707e+00	8.672985e-01	2.124614e+00	4.500234e-01	2.284194e+00	1.254258e+00	2.076669e+00	1.066155e+00	1.815412e+00	1.260950e-01	3.176951e-01	1.608210e+00	7.309810e-01	
9  94.9782	2.166240e+00	1.310996e-01	6.948902e-01	2.777707e+00	8.672985e-01	2.150990e+00	3.651913e-01	2.275164e+00	1.379284e+00	2.003174e+00	9.678416e-01	1.900642e+00	4.566701e-01	3.176951e-01	1.608210e+00	7.309810e-01	
2  94.7697	2.166240e+00	1.310996e-01	6.948902e-01	2.777707e+00	8.672985e-01	2.129509e+00	2.729914e-01	2.286078e+00	1.457144e+00	2.072970e+00	1.574608e+00	1.904450e+00	6.570046e-01	3.176951e-01	1.608210e+00	7.309810e-01	
6  93.0503	2.166240e+00	1.310996e-01	6.948902e-01	2.777707e+00	8.672985e-01	2.139286e+00	4.583237e-01	2.259670e+00	1.121990e+00	2.021361e+00	1.041460e+00	1.895461e+00	4.144413e-01	3.176951e-01	1.608210e+00	7.309810e-01	
2  93.6274	2.083742e+00	1.258765e-01	6.822709e-01	2.840478e+00	8.911647e-01	2.110946e+00	4.138305e-01	2.239039e+00	1.079314e+00	2.005289e+00	1.039240e+00	1.866987e+00	2.746137e-01	3.165630e-01	1.712395e+00	7.444201e-01	
5  93.1468	2.236906e+00	1.373351e-01	7.057609e-01	2.897302e+00	8.637523e-01	1.967258e+00	5.343340e-01	2.066886e+00	9.107814e-01	1.863517e+00	8.273585e-01	1.716432e+00	2.784207e-01	3.219208e-01	1.812518e+00	7.952815e-01	
5  93.8638	2.236906e+00	1.373351e-01	7.057609e-01	2.897302e+00	8.637523e-01	1.989559e+00	7.186654e-01	2.083624e+00	1.145227e+00	1.897329e+00	1.231918e+00	1.744979e+00	6.726910e-01	3.219208e-01	1.812518e+00	7.952815e-01	
4  93.0286	2.235667e+00	1.326481e-01	6.943690e-01	2.876319e+00	8.753823e-01	2.059808e+00	6.936043e-01	2.161095e+00	1.211987e+00	1.962393e+00	1.329258e+00	1.815325e+00	7.413162e-01	3.228238e-01	1.774882e+00	7.715581e-01	
1  93.0468	2.235667e+00	1.326481e-01	6.943690e-01	2.876319e+00	8.753823e-01	2.105718e+00	9.228888e-01	2.148726e+00	1.157241e+00	1.987293e+00	1.380192e+00	1.780658e+00	3.022466e-01	3.228238e-01	1.774882e+00	7.715581e-01	
4  92.063	2.235667e+00	1.326481e-01	6.943690e-01	2.876319e+00	8.753823e-01	2.043058e+00	6.444020e-01	2.144022e+00	9.102041e-01	1.975108e+00	1.150536e+00	1.820568e+00	5.798557e-01	3.228238e-01	1.774882e+00	7.715581e-01	
4  90.011	2.235667e+00	1.326481e-01	6.943690e-01	2.876319e+00	8.753823e-01	2.039063e+00	5.725719e-01	2.154853e+00	1.129289e+00	1.924155e+00	8.829080e-01	1.905352e+00	7.594811e-01	3.228238e-01	1.774882e+00	7.715581e-01	
3  91.5271	2.270021e+00	1.384739e-01	7.126675e-01	2.759997e+00	8.646196e-01	2.138148e+00	7.586027e-01	2.226605e+00	1.246332e+00	1.990177e+00	9.740029e-01	1.977442e+00	8.563704e-01	3.186058e-01	1.579980e+00	7.461520e-01	
1  92.2405	2.115170e+00	1.309173e-01	7.022810e-01	2.918933e+00	8.808985e-01	1.954415e+00	4.166926e-01	2.092313e+00	1.108630e+00	1.863588e+00	7.960958e-01	1.852830e+00	6.781183e-01	3.096381e-01	1.852151e+00	7.927275e-01	
12  92.406	2.115170e+00	1.309173e-01	7.022810e-01	2.918933e+00	8.808985e-01	1.942357e+00	5.543902e-01	2.080801e+00	1.147911e+00	1.896654e+00	9.585627e-01	1.830708e+00	6.014248e-01	3.096381e-01	1.852151e+00	7.927275e-01	
6  93.7279	2.121838e+00	1.282751e-01	7.008873e-01	2.863171e+00	9.374375e-01	2.110947e+00	9.550541e-01	2.190616e+00	1.266203e+00	2.011763e+00	1.189812e+00	1.921904e+00	5.764317e-01	3.056279e-01	1.751699e+00	7.775551e-01	
7  93.6486	2.121838e+00	1.282751e-01	7.008873e-01	2.863171e+00	9.374375e-01	2.073094e+00	7.720629e-01	2.131868e+00	9.477075e-01	2.050385e+00	1.396008e+00	1.997938e+00	9.307361e-01	3.056279e-01	1.751699e+00	7.775551e-01	
1  90.2689	2.215844e+00	1.231060e-01	6.770774e-01	2.837695e+00	9.257395e-01	2.154360e+00	6.433593e-01	2.237638e+00	9.993123e-01	2.133720e+00	1.490799e+00	2.095609e+00	1.120187e+00	3.182762e-01	1.707635e+00	7.337938e-01	
1  90.7976	2.215844e+00	1.231060e-01	6.770774e-01	2.837695e+00	9.257395e-01	2.196522e+00	8.114692e-01	2.294104e+00	1.436556e+00	2.098723e+00	1.264426e+00	2.122150e+00	1.083081e+00	3.182762e-01	1.707635e+00	7.337938e-01	
2  90.4725	2.215844e+00	1.231060e-01	6.770774e-01	2.837695e+00	9.257395e-01	2.168104e+00	5.357378e-01	2.293045e+00	1.380571e+00	2.079486e+00	1.091972e+00	2.161941e+00	1.443503e+00	3.182762e-01	1.707635e+00	7.337938e-01	
4  89.6424	2.215844e+00	1.231060e-01	6.770774e-01	2.837695e+00	9.257395e-01	2.183356e+00	6.861512e-01	2.290732e+00	1.313209e+00	2.076389e+00	9.149989e-01	2.115673e+00	1.406317e+00	3.182762e-01	1.707635e+00	7.337938e-01	
1  91.6632	2.215844e+00	1.231060e-01	6.770774e-01	2.837695e+00	9.257395e-01	2.124123e+00	3.970852e-01	2.245529e+00	8.779704e-01	2.068142e+00	8.029110e-01	2.150400e+00	1.504711e+00	3.182762e-01	1.707635e+00	7.337938e-01	
6  94.0931	2.075425e+00	1.220888e-01	6.825197e-01	2.911605e+00	9.060426e-01	1.960322e+00	5.232268e-02	2.132219e+00	7.934908e-01	1.954794e+00	6.108857e-01	2.052391e+00	1.396074e+00	3.080227e-01	1.838628e+00	7.617371e-01	
4  90.5334	2.075425e+00	1.220888e-01	6.825197e-01	2.911605e+00	9.060426e-01	1.977922e+00	1.864716e-01	2.137452e+00	8.387019e-01	2.005703e+00	1.247045e+00	2.028645e+00	1.251550e+00	3.080227e-01	1.838628e+00	7.617371e-01	
19  91.1832	2.075425e+00	1.220888e-01	6.825197e-01	2.911605e+00	9.060426e-01	2.083304e+00	7.985203e-01	2.115083e+00	9.139203e-01	1.989451e+00	1.198909e+00	2.025159e+00	1.051511e+00	3.080227e-01	1.838628e+00	7.617371e-01	
2  91.6365	2.185349e+00	1.307643e-01	6.962978e-01	2.998344e+00	8.773708e-01	1.913155e+00	8.070083e-01	1.934947e+00	7.170399e-01	1.836736e+00	9.650468e-01	1.863051e+00	1.000322e+00	3.161143e-01	2.005230e+00	8.172359e-01	
11  92.6393	2.185349e+00	1.307643e-01	6.962978e-01	2.998344e+00	8.773708e-01	1.937476e+00	8.787565e-01	1.918086e+00	6.153239e-01	1.861714e+00	1.072292e+00	1.865745e+00	8.869635e-01	3.161143e-01	2.005230e+00	8.172359e-01	
20  91.2825	2.094186e+00	1.144085e-01	6.812414e-01	3.139231e+00	9.339048e-01	1.859136e+00	5.137194e-01	1.893465e+00	6.261930e-01	1.826588e+00	1.049953e+00	1.858957e+00	1.012601e+00	2.930348e-01	2.308610e+00	8.261226e-01	
2  93.7486	2.094186e+00	1.144085e-01	6.812414e-01	3.139231e+00	9.339048e-01	1.892753e+00	5.789056e-01	1.975661e+00	1.423280e+00	1.786309e+00	9.124902e-01	1.884937e+00	1.035757e+00	2.930348e-01	2.308610e+00	8.261226e-01	
3  92.0478	2.094186e+00	1.144085e-01	6.812414e-01	3.139231e+00	9.339048e-01	1.855662e+00	3.656932e-01	1.990136e+00	1.284821e+00	1.772885e+00	7.951310e-01	1.900954e+00	1.407118e+00	2.930348e-01	2.308610e+00	8.261226e-01	
4  91.7446	2.071708e+00	1.039564e-01	6.685582e-01	3.177239e+00	9.973474e-01	1.931108e+00	4.334731e-01	2.056210e+00	1.360578e+00	1.835888e+00	9.400887e-01	1.962144e+00	1.467369e+00	2.803714e-01	2.398045e+00	8.076710e-01	
5  93.09	2.071708e+00	1.039564e-01	6.685582e-01	3.177239e+00	9.973474e-01	1.928875e+00	4.639069e-01	2.063201e+00	1.156318e+00	1.816504e+00	9.036698e-01	1.955412e+00	1.322900e+00	2.803714e-01	2.398045e+00	8.076710e-01	
6  92.3973	2.071708e+00	1.039564e-01	6.685582e-01	3.177239e+00	9.973474e-01	1.914248e+00	5.235872e-01	2.026589e+00	7.532507e-01	1.854956e+00	7.920120e-01	1.913471e+00	1.028873e+00	2.803714e-01	2.398045e+00	8.076710e-01	
4  92.1314	2.113644e+00	1.055103e-01	6.639062e-01	3.095705e+00	9.861508e-01	2.020089e+00	6.294678e-01	2.120422e+00	8.276907e-01	1.938481e+00	9.028703e-01	1.994910e+00	1.079813e+00	2.887912e-01	2.210281e+00	7.759907e-01	
9  90.4174	2.113644e+00	1.055103e-01	6.639062e-01	3.095705e+00	9.861508e-01	1.960141e+00	1.514963e-01	2.099409e+00	1.002814e+00	1.914378e+00	7.876789e-01	2.017325e+00	1.091188e+00	2.887912e-01	2.210281e+00	7.759907e-01	
7  90.6901	2.114871e+00	1.101126e-01	6.649459e-01	3.034412e+00	9.560792e-01	1.990648e+00	1.800738e-01	2.128302e+00	1.015153e+00	1.938537e+00	7.970479e-01	2.038144e+00	1.051195e+00	2.983254e-01	2.078876e+00	7.658311e-01	
7  91.0132	2.114871e+00	1.101126e-01	6.649459e-01	3.034412e+00	9.560792e-01	1.956014e+00	-2.289166e-02	2.159199e+00	1.282036e+00	1.949827e+00	8.100337e-01	2.017664e+00	1.034885e+00	2.983254e-01	2.078876e+00	7.658311e-01	
3  89.2747	2.114871e+00	1.101126e-01	6.649459e-01	3.034412e+00	9.560792e-01	2.009690e+00	2.491441e-01	2.075111e+00	6.763936e-01	2.009655e+00	1.411444e+00	1.956235e+00	7.852282e-01	2.983254e-01	2.078876e+00	7.658311e-01	
1  91.629	2.114871e+00	1.101126e-01	6.649459e-01	3.034412e+00	9.560792e-01	1.968909e+00	-2.546355e-02	2.148099e+00	1.517759e+00	1.950659e+00	8.587720e-01	1.929828e+00	6.083798e-01	2.983254e-01	2.078876e+00	7.658311e-01	
13  88.5122	2.114871e+00	1.101126e-01	6.649459e-01	3.034412e+00	9.560792e-01	2.000174e+00	2.226997e-01	2.139726e+00	1.427782e+00	1.948375e+00	1.044292e+00	1.901011e+00	7.440566e-01	2.983254e-01	2.078876e+00	7.658311e-01	
3  89.4679	2.114871e+00	1.101126e-01	6.649459e-01	3.034412e+00	9.560792e-01	2.021920e+00	2.787118e-01	2.140822e+00	1.644715e+00	1.979150e+00	1.343258e+00	1.989277e+00	1.193100e+00	2.983254e-01	2.078876e+00	7.658311e-01	
6  90.0919	2.114871e+00	1.101126e-01	6.649459e-01	3.034412e+00	9.560792e-01	2.023505e+00	4.271744e-01	2.205145e+00	1.489259e+00	1.981498e+00	1.307291e+00	1.946023e+00	1.146313e+00	2.983254e-01	2.078876e+00	7.658311e-01	
2  89.5943	2.114871e+00	1.101126e-01	6.649459e-01	3.034412e+00	9.560792e-01	1.996760e+00	3.138440e-01	2.164589e+00	1.249257e+00	1.994616e+00	1.076556e+00	1.899406e+00	1.082789e+00	2.983254e-01	2.078876e+00	7.658311e-01	
2  89.431	2.114871e+00	1.101126e-01	6.649459e-01	3.034412e+00	9.560792e-01	1.979344e+00	2.368749e-01	2.184028e+00	1.434605e+00	1.982203e+00	8.806024e-01	1.944173e+00	1.129702e+00	2.983254e-01	2.078876e+00	7.658311e-01	
8  88.703	2.114871e+00	1.101126e-01	6.649459e-01	3.034412e+00	9.560792e-01	1.951605e+00	5.883643e-02	2.155864e+00	1.173875e+00	1.977120e+00	8.963431e-01	1.938564e+00	9.862883e-01	2.983254e-01	2.078876e+00	7.658311e-01	
6  90.8058	2.166377e+00	1.107587e-01	6.855238e-01	2.917797e+00	9.943973e-01	2.126267e+00	3.868764e-01	2.280539e+00	1.380845e+00	2.096119e+00	1.109804e+00	2.065955e+00	1.192343e+00	2.831548e-01	1.850049e+00	7.371259e-01	
8  91.1891	2.166377e+00	1.107587e-01	6.855238e-01	2.917797e+00	9.943973e-01	2.165726e+00	5.342393e-01	2.291968e+00	1.449959e+00	2.042835e+00	7.855327e-01	2.044696e+00	1.041501e+00	2.831548e-01	1.850049e+00	7.371259e-01	
1  91.8597	2.166377e+00	1.107587e-01	6.855238e-01	2.917797e+00	9.943973e-01	2.163896e+00	4.681035e-01	2.228906e+00	1.222096e+00	2.050015e+00	8.480412e-01	1.994466e+00	6.796516e-01	2.831548e-01	1.850049e+00	7.371259e-01	
4  92.0827	2.166377e+00	1.107587e-01	6.855238e-01	2.917797e+00	9.943973e-01	2.154246e+00	4.975951e-01	2.209566e+00	1.182416e+00	2.095002e+00	1.257660e+00	2.022132e+00	8.104615e-01	2.831548e-01	1.850049e+00	7.371259e-01	
1  92.5418	2.166377e+00	1.107587e-01	6.855238e-01	2.917797e+00	9.943973e-01	2.106187e+00	3.030445e-01	2.202751e+00	1.004574e+00	2.137475e+00	1.359796e+00	2.044039e+00	9.019560e-01	2.831548e-01	1.850049e+00	7.371259e-01	
2  93.1105	2.166377e+00	1.107587e-01	6.855238e-01	2.917797e+00	9.943973e-01	2.056134e+00	-3.090430e-02	2.233525e+00	1.055517e+00	2.102191e+00	1.169237e+00	2.092943e+00	1.237555e+00	2.831548e-01	1.850049e+00	7.371259e-01	
2  91.3389	2.266733e+00	1.259909e-01	7.060177e-01	2.824161e+00	9.140850e-01	2.021670e+00	6.108452e-03	2.192193e+00	1.008263e+00	2.063007e+00	1.047550e+00	2.057536e+00	1.258152e+00	2.995267e-01	1.684681e+00	7.399029e-01	
4  91.5582	2.310568e+00	1.134508e-01	6.903230e-01	2.883512e+00	9.805884e-01	2.090526e+00	1.179940e-02	2.259762e+00	1.084015e+00	2.124048e+00	1.187218e+00	2.127815e+00	1.448210e+00	2.879063e-01	1.787694e+00	7.247422e-01	
8  91.7819	2.310568e+00	1.134508e-01	6.903230e-01	2.883512e+00	9.805884e-01	2.153115e+00	2.942559e-01	2.246738e+00	9.413169e-01	2.184042e+00	1.783754e+00	2.125074e+00	1.049285e+00	2.879063e-01	1.787694e+00	7.247422e-01	
2  92.8906	2.217179e+00	1.189683e-01	6.915246e-01	2.867428e+00	9.540844e-01	2.116332e+00	3.291638e-01	2.206658e+00	8.748987e-01	2.152124e+00	1.722165e+00	2.071886e+00	7.899585e-01	2.964917e-01	1.759171e+00	7.399677e-01	
3  92.4307	2.390552e+00	1.194950e-01	7.124569e-01	3.016476e+00	9.775422e-01	1.939294e+00	2.763541e-01	2.023424e+00	7.444255e-01	1.993975e+00	1.518721e+00	1.932287e+00	1.025272e+00	2.837788e-01	2.041920e+00	8.008774e-01	
3  93.5112	2.390552e+00	1.194950e-01	7.124569e-01	3.016476e+00	9.775422e-01	1.966119e+00	6.463189e-01	2.008258e+00	6.947606e-01	1.981057e+00	1.237160e+00	1.938593e+00	1.288005e+00	2.837788e-01	2.041920e+00	8.008774e-01	
2  95.5504	2.390552e+00	1.194950e-01	7.124569e-01	3.016476e+00	9.775422e-01	1.912151e+00	3.684746e-01	2.062504e+00	1.077504e+00	1.973194e+00	9.656676e-01	1.942451e+00	1.302299e+00	2.837788e-01	2.041920e+00	8.008774e-01	
1  96.2289	2.390552e+00	1.194950e-01	7.124569e-01	3.016476e+00	9.775422e-01	1.958346e+00	5.770371e-01	2.072687e+00	1.180993e+00	2.001096e+00	1.167998e+00	1.912720e+00	7.761714e-01	2.837788e-01	2.041920e+00	8.008774e-01	
5  95.9048	2.390552e+00	1.194950e-01	7.124569e-01	3.016476e+00	9.775422e-01	1.965369e+00	6.152570e-01	2.104644e+00	1.577470e+00	2.016681e+00	1.318002e+00	1.968223e+00	1.300119e+00	2.837788e-01	2.041920e+00	8.008774e-01	
1  95.814	2.358381e+00	1.118472e-01	7.009109e-01	3.164694e+00	1.014352e+00	1.851186e+00	4.754164e-01	2.007666e+00	1.466577e+00	1.932194e+00	1.226278e+00	1.879422e+00	1.238765e+00	2.769832e-01	2.368149e+00	8.365596e-01	
7  97.0942	2.358381e+00	1.118472e-01	7.009109e-01	3.164694e+00	1.014352e+00	1.869417e+00	5.523095e-01	1.997762e+00	1.733618e+00	1.925882e+00	1.119000e+00	1.863433e+00	1.101323e+00	2.769832e-01	2.368149e+00	8.365596e-01	
2  96.7878	2.358381e+00	1.118472e-01	7.009109e-01	3.164694e+00	1.014352e+00	1.864994e+00	4.756973e-01	2.048878e+00	2.081949e+00	1.919137e+00	1.587532e+00	1.845469e+00	8.740418e-01	2.769832e-01	2.368149e+00	8.365596e-01	
12  95.8871	2.283760e+00	1.149429e-01	6.825647e-01	3.143297e+00	9.648552e-01	1.844615e+00	3.552346e-01	2.053155e+00	2.004384e+00	1.917602e+00	1.538546e+00	1.827128e+00	6.392363e-01	2.971159e-01	2.318017e+00	8.272604e-01	
1  96.7385	2.320173e+00	1.022358e-01	6.632488e-01	3.127752e+00	1.005282e+00	1.974933e+00	2.442447e-01	2.204611e+00	2.165460e+00	2.041394e+00	1.733852e+00	1.977833e+00	9.294727e-01	2.866151e-01	2.282261e+00	7.634889e-01	
4  97.1581	2.228978e+00	9.828627e-02	6.553077e-01	3.154646e+00	1.023160e+00	1.971707e+00	2.144511e-01	2.207724e+00	2.161637e+00	2.044871e+00	1.753875e+00	1.973176e+00	8.124884e-01	2.822828e-01	2.344474e+00	7.621285e-01	
8  95.2001	2.228978e+00	9.828627e-02	6.553077e-01	3.154646e+00	1.023160e+00	1.982337e+00	2.231449e-01	2.214354e+00	1.994354e+00	2.033930e+00	1.665939e+00	1.983956e+00	9.491641e-01	2.822828e-01	2.344474e+00	7.621285e-01	
1  94.7849	2.341881e+00	1.126425e-01	6.987079e-01	3.125541e+00	9.506610e-01	1.824312e+00	6.138569e-02	2.071860e+00	1.935049e+00	1.896729e+00	1.401892e+00	1.884037e+00	1.159116e+00	2.800236e-01	2.277220e+00	8.048375e-01	
2  92.1935	2.441961e+00	1.198448e-01	6.969798e-01	3.242259e+00	9.302506e-01	1.663026e+00	1.408741e-01	1.891643e+00	1.681577e+00	1.750648e+00	1.190415e+00	1.705938e+00	9.655564e-01	2.983002e-01	2.559146e+00	8.742947e-01	
3  92.7035	2.370425e+00	1.187110e-01	6.925156e-01	3.267745e+00	9.313996e-01	1.630567e+00	8.862041e-02	1.868044e+00	1.647168e+00	1.729459e+00	1.160717e+00	1.677610e+00	8.448625e-01	2.983028e-01	2.625206e+00	8.842865e-01	
3  94.0189	2.370425e+00	1.187110e-01	6.925156e-01	3.267745e+00	9.313996e-01	1.596188e+00	-1.047724e-01	1.818091e+00	1.452904e+00	1.681407e+00	8.643456e-01	1.667092e+00	7.301130e-01	2.983028e-01	2.625206e+00	8.842865e-01	
8  93.1954	2.370425e+00	1.187110e-01	6.925156e-01	3.267745e+00	9.313996e-01	1.605249e+00	5.577142e-02	1.827146e+00	1.307546e+00	1.679414e+00	9.339949e-01	1.593637e+00	4.289505e-01	2.983028e-01	2.625206e+00	8.842865e-01	
10  91.9394	2.380658e+00	1.143447e-01	6.910851e-01	3.266330e+00	9.450736e-01	1.631929e+00	-2.412328e-02	1.866255e+00	1.370575e+00	1.708146e+00	9.788966e-01	1.639484e+00	5.703053e-01	2.906111e-01	2.621495e+00	8.656801e-01	
2  95.7246	2.217943e+00	1.036361e-01	6.562648e-01	3.306842e+00	9.959703e-01	1.713736e+00	5.404313e-02	1.943856e+00	1.376862e+00	1.785173e+00	1.137540e+00	1.680223e+00	2.727277e-01	2.936254e-01	2.729877e+00	8.454509e-01	
6  92.5561	2.213727e+00	1.066281e-01	6.579822e-01	3.111344e+00	9.405559e-01	1.873222e+00	-6.281211e-02	2.130463e+00	1.583363e+00	1.931000e+00	1.280691e+00	1.858776e+00	4.772455e-01	2.989081e-01	2.245121e+00	7.670056e-01	
3  92.0657	2.213727e+00	1.066281e-01	6.579822e-01	3.111344e+00	9.405559e-01	1.842403e+00	-2.395731e-01	2.097221e+00	9.550222e-01	1.947362e+00	1.291772e+00	1.861285e+00	5.831651e-01	2.989081e-01	2.245121e+00	7.670056e-01	
1  91.9359	2.213727e+00	1.066281e-01	6.579822e-01	3.111344e+00	9.405559e-01	1.908841e+00	1.655108e-01	2.096443e+00	1.227393e+00	1.943277e+00	1.141662e+00	1.867973e+00	6.686876e-01	2.989081e-01	2.245121e+00	7.670056e-01	
1  91.6082	2.260421e+00	1.194961e-01	6.849454e-01	3.076936e+00	8.625815e-01	1.776254e+00	-3.729701e-03	1.985289e+00	1.148004e+00	1.834439e+00	9.136272e-01	1.779796e+00	7.153806e-01	3.042618e-01	2.169184e+00	7.922166e-01	
18  92.3149	2.191780e+00	1.227511e-01	6.954947e-01	3.031124e+00	8.650459e-01	1.806346e+00	1.305667e-01	1.995829e+00	1.183452e+00	1.849331e+00	9.454429e-01	1.784451e+00	6.040449e-01	3.004118e-01	2.072051e+00	7.947043e-01	
11  94.7623	2.191780e+00	1.227511e-01	6.954947e-01	3.031124e+00	8.650459e-01	1.856524e+00	2.951851e-01	2.055016e+00	1.500110e+00	1.868081e+00	1.051904e+00	1.733334e+00	5.352586e-01	3.004118e-01	2.072051e+00	7.947043e-01	
1  94.0501	2.107534e+00	1.099895e-01	6.597696e-01	3.102173e+00	9.053112e-01	1.894092e+00	1.809795e-01	2.115418e+00	1.497443e+00	1.919635e+00	1.152483e+00	1.773432e+00	4.378915e-01	3.025734e-01	2.224623e+00	7.768975e-01	
2  95.2046	2.107534e+00	1.099895e-01	6.597696e-01	3.102173e+00	9.053112e-01	1.883946e+00	-5.432551e-02	2.094572e+00	1.555196e+00	1.889873e+00	9.646749e-01	1.854008e+00	5.363821e-01	3.025734e-01	2.224623e+00	7.768975e-01	
1  92.515	2.107534e+00	1.099895e-01	6.597696e-01	3.102173e+00	9.053112e-01	1.911635e+00	2.318518e-01	2.099659e+00	1.515285e+00	1.897313e+00	9.813435e-01	1.842193e+00	7.897808e-01	3.025734e-01	2.224623e+00	7.768975e-01	
3  92.4868	2.107534e+00	1.099895e-01	6.597696e-01	3.102173e+00	9.053112e-01	1.891380e+00	2.213967e-01	2.059572e+00	1.085444e+00	1.944063e+00	1.358871e+00	1.886874e+00	1.107443e+00	3.025734e-01	2.224623e+00	7.768975e-01	
2  93.4282	2.107534e+00	1.099895e-01	6.597696e-01	3.102173e+00	9.053112e-01	1.885238e+00	6.084589e-02	1.973809e+00	4.588981e-01	1.950298e+00	1.428633e+00	1.863239e+00	6.238430e-01	3.025734e-01	2.224623e+00	7.768975e-01	
1  93.5341	2.111931e+00	1.099002e-01	6.854360e-01	3.041615e+00	9.393927e-01	1.960315e+00	2.193362e-01	2.021923e+00	6.108334e-01	1.995984e+00	1.527792e+00	1.926934e+00	8.083108e-01	2.802413e-01	2.093903e+00	7.678441e-01	
1  93.4252	2.230581e+00	1.163466e-01	6.939142e-01	3.017622e+00	8.931666e-01	1.917445e+00	1.353347e-01	1.989566e+00	5.738681e-01	1.960747e+00	1.432494e+00	1.907442e+00	9.518089e-01	2.892869e-01	2.044261e+00	7.682522e-01	
1  95.5648	2.082161e+00	1.212921e-01	6.925348e-01	2.935053e+00	8.644489e-01	1.960573e+00	2.024225e-01	2.029048e+00	5.908309e-01	1.997150e+00	1.465161e+00	1.922596e+00	6.699032e-01	2.976575e-01	1.882251e+00	7.576462e-01	
11  93.166	2.120133e+00	1.143548e-01	6.801630e-01	3.073205e+00	9.250494e-01	1.912058e+00	3.157573e-01	1.958378e+00	4.917367e-01	1.948833e+00	1.458746e+00	1.852314e+00	6.084137e-01	2.944095e-01	2.161106e+00	7.944998e-01	
1  92.9999	2.228086e+00	1.217580e-01	6.905235e-01	3.078488e+00	8.649405e-01	1.802705e+00	1.194197e-01	1.875185e+00	4.041358e-01	1.864614e+00	1.277625e+00	1.788660e+00	7.342760e-01	3.034314e-01	2.172553e+00	8.061865e-01	
9  92.9352	2.248953e+00	1.243598e-01	7.040674e-01	2.979379e+00	8.887631e-01	1.943733e+00	4.460966e-01	1.967595e+00	5.377149e-01	1.957566e+00	1.444656e+00	1.873867e+00	7.823043e-01	2.975392e-01	1.967559e+00	7.860380e-01	
2  92.9334	2.248953e+00	1.243598e-01	7.040674e-01	2.979379e+00	8.887631e-01	1.992049e+00	6.510904e-01	1.966799e+00	5.146697e-01	1.897034e+00	1.137520e+00	1.889574e+00	9.654281e-01	2.975392e-01	1.967559e+00	7.860380e-01	
4  92.1742	2.291050e+00	1.178082e-01	6.992036e-01	3.133636e+00	9.327767e-01	1.878350e+00	5.816800e-01	1.856621e+00	4.049629e-01	1.804197e+00	1.043446e+00	1.795828e+00	1.000838e+00	2.891531e-01	2.295731e+00	8.301453e-01	
5  92.1076	2.383123e+00	1.142895e-01	6.846667e-01	3.165478e+00	9.373117e-01	1.890851e+00	5.373508e-01	1.875986e+00	3.848494e-01	1.819723e+00	1.064906e+00	1.814415e+00	1.110102e+00	2.960199e-01	2.370008e+00	8.187741e-01	
4  91.5193	2.383123e+00	1.142895e-01	6.846667e-01	3.165478e+00	9.373117e-01	1.833031e+00	1.858472e-01	1.857412e+00	3.975117e-01	1.788121e+00	5.927978e-01	1.756397e+00	7.996427e-01	2.960199e-01	2.370008e+00	8.187741e-01	
2  92.4046	2.354487e+00	1.059353e-01	6.672248e-01	3.227237e+00	9.638224e-01	1.828146e+00	6.070177e-02	1.872813e+00	3.929939e-01	1.798030e+00	6.219524e-01	1.769318e+00	8.164031e-01	2.922901e-01	2.520991e+00	8.085164e-01	
12  92.0818	2.347062e+00	1.112699e-01	6.711850e-01	3.200763e+00	9.683883e-01	1.862924e+00	3.445528e-01	1.864579e+00	3.630840e-01	1.806251e+00	6.562745e-01	1.745873e+00	6.272996e-01	3.005282e-01	2.455124e+00	8.272281e-01	
2  98.1441	2.359813e+00	1.305077e-01	7.063204e-01	2.965542e+00	9.481549e-01	2.066099e+00	1.082330e+00	1.958281e+00	4.861532e-01	1.917581e+00	8.377787e-01	1.812032e+00	4.110237e-01	3.101894e-01	1.940521e+00	8.170727e-01	
4  99.6211	2.332526e+00	1.329237e-01	7.120537e-01	2.677583e+00	9.467430e-01	2.421572e+00	1.437543e+00	2.272239e+00	8.405238e-01	2.196159e+00	1.238952e+00	2.095424e+00	5.466987e-01	3.094413e-01	1.454989e+00	7.181002e-01	
1  99.7568	2.332526e+00	1.329237e-01	7.120537e-01	2.677583e+00	9.467430e-01	2.386877e+00	1.429288e+00	2.304463e+00	1.169390e+00	2.162719e+00	9.655848e-01	2.071628e+00	3.564384e-01	3.094413e-01	1.454989e+00	7.181002e-01	
1  100.62	2.332526e+00	1.329237e-01	7.120537e-01	2.677583e+00	9.467430e-01	2.323938e+00	1.209837e+00	2.283163e+00	8.769957e-01	2.146583e+00	6.726735e-01	2.035866e+00	6.450976e-01	3.094413e-01	1.454989e+00	7.181002e-01	
1  100.556	2.332526e+00	1.329237e-01	7.120537e-01	2.677583e+00	9.467430e-01	2.373312e+00	1.490455e+00	2.303939e+00	1.290183e+00	2.084143e+00	5.570875e-01	2.045750e+00	7.360572e-01	3.094413e-01	1.454989e+00	7.181002e-01	
6  99.185	2.332526e+00	1.329237e-01	7.120537e-01	2.677583e+00	9.467430e-01	2.379030e+00	1.615912e+00	2.346261e+00	1.847368e+00	2.113012e+00	7.005332e-01	2.037932e+00	5.375148e-01	3.094413e-01	1.454989e+00	7.181002e-01	
4  98.6301	2.392607e+00	1.210633e-01	7.033316e-01	2.768466e+00	9.529540e-01	2.293722e+00	1.090620e+00	2.338073e+00	1.879153e+00	2.078889e+00	6.229703e-01	2.064168e+00	9.475484e-01	2.944021e-01	1.593417e+00	7.045878e-01	
6  97.4075	2.392607e+00	1.210633e-01	7.033316e-01	2.768466e+00	9.529540e-01	2.344207e+00	1.421594e+00	2.404993e+00	2.392351e+00	2.132022e+00	8.135552e-01	2.082518e+00	9.436607e-01	2.944021e-01	1.593417e+00	7.045878e-01	
1  97.0348	2.370858e+00	1.327756e-01	6.917587e-01	2.659599e+00	8.714257e-01	2.382076e+00	1.497852e+00	2.439346e+00	2.323432e+00	2.163467e+00	7.944058e-01	2.083086e+00	6.561668e-01	3.283561e-01	1.429055e+00	6.841083e-01	
5  95.8316	2.320447e+00	1.257184e-01	6.839392e-01	2.741425e+00	9.203262e-01	2.362876e+00	1.522840e+00	2.414706e+00	2.301279e+00	2.147853e+00	8.176188e-01	2.057576e+00	5.910340e-01	3.197429e-01	1.550908e+00	7.028935e-01	
4  96.825	2.320447e+00	1.257184e-01	6.839392e-01	2.741425e+00	9.203262e-01	2.331411e+00	1.420505e+00	2.368202e+00	2.006845e+00	2.140439e+00	7.347710e-01	2.087575e+00	4.794520e-01	3.197429e-01	1.550908e+00	7.028935e-01	
1  98.3841	2.320447e+00	1.257184e-01	6.839392e-01	2.741425e+00	9.203262e-01	2.349717e+00	1.377066e+00	2.413009e+00	2.487651e+00	2.099956e+00	4.731505e-01	2.136108e+00	1.046340e+00	3.197429e-01	1.550908e+00	7.028935e-01	
4  96.2715	2.320447e+00	1.257184e-01	6.839392e-01	2.741425e+00	9.203262e-01	2.367811e+00	1.498496e+00	2.366577e+00	2.179425e+00	2.092279e+00	8.284786e-01	2.157602e+00	1.327497e+00	3.197429e-01	1.550908e+00	7.028935e-01	
4  97.0366	2.354633e+00	1.327530e-01	6.794910e-01	2.733574e+00	8.710453e-01	2.316711e+00	1.473584e+00	2.320199e+00	2.073004e+00	2.051108e+00	7.293015e-01	2.103162e+00	1.203549e+00	3.399192e-01	1.538778e+00	7.078513e-01	
2  96.2132	2.354633e+00	1.327530e-01	6.794910e-01	2.733574e+00	8.710453e-01	2.260229e+00	9.573949e-01	2.354627e+00	2.209451e+00	2.050028e+00	5.620725e-01	2.162206e+00	1.427387e+00	3.399192e-01	1.538778e+00	7.078513e-01	
21  97.4635	2.354633e+00	1.327530e-01	6.794910e-01	2.733574e+00	8.710453e-01	2.248317e+00	9.576119e-01	2.292373e+00	1.806849e+00	2.084066e+00	9.385491e-01	2.179863e+00	1.544977e+00	3.399192e-01	1.538778e+00	7.078513e-01	
3  95.3578	2.397538e+00	1.238652e-01	6.706275e-01	2.992551e+00	9.196480e-01	2.014281e+00	7.354833e-01	2.081101e+00	1.583940e+00	1.899990e+00	7.143796e-01	1.995967e+00	1.548096e+00	3.301559e-01	1.993648e+00	7.812454e-01	
2  95.5924	2.397538e+00	1.238652e-01	6.706275e-01	2.992551e+00	9.196480e-01	2.066442e+00	9.732184e-01	2.136499e+00	1.925263e+00	1.894856e+00	6.513505e-01	1.999854e+00	1.750369e+00	3.301559e-01	1.993648e+00	7.812454e-01	
1  94.68	2.397538e+00	1.238652e-01	6.706275e-01	2.992551e+00	9.196480e-01	2.101733e+00	1.142123e+00	2.143398e+00	1.693528e+00	1.939370e+00	1.031926e+00	1.939904e+00	1.596871e+00	3.301559e-01	1.993648e+00	7.812454e-01	
2  94.7691	2.397538e+00	1.238652e-01	6.706275e-01	2.992551e+00	9.196480e-01	2.091984e+00	1.111666e+00	2.148406e+00	1.285308e+00	1.917682e+00	8.948227e-01	1.966460e+00	1.817724e+00	3.301559e-01	1.993648e+00	7.812454e-01	
4  93.3825	2.397538e+00	1.238652e-01	6.706275e-01	2.992551e+00	9.196480e-01	2.026960e+00	6.374657e-01	2.145452e+00	1.374365e+00	1.847687e+00	5.141645e-01	1.980650e+00	1.613763e+00	3.301559e-01	1.993648e+00	7.812454e-01	
15  93.0822	2.393346e+00	1.256168e-01	6.805538e-01	3.063984e+00	9.438859e-01	1.951268e+00	7.714890e-01	2.043706e+00	1.285827e+00	1.770091e+00	4.376848e-01	1.885353e+00	1.496740e+00	3.242864e-01	2.141270e+00	8.272709e-01	
10  92.5887	2.385746e+00	1.234602e-01	6.830326e-01	3.104055e+00	9.050180e-01	1.826576e+00	2.986006e-01	1.989361e+00	1.261451e+00	1.697507e+00	2.739106e-01	1.857308e+00	1.686119e+00	3.171514e-01	2.228815e+00	8.239011e-01	
7  92.038	2.400182e+00	1.299438e-01	6.846656e-01	2.985676e+00	9.045986e-01	1.982088e+00	7.107609e-01	2.086720e+00	1.330593e+00	1.800209e+00	4.408709e-01	1.926764e+00	1.545385e+00	3.297796e-01	1.979988e+00	8.011428e-01	
4  92.7703	2.400182e+00	1.299438e-01	6.846656e-01	2.985676e+00	9.045986e-01	2.020129e+00	9.295251e-01	2.049595e+00	1.423813e+00	1.839245e+00	8.652435e-01	1.912929e+00	1.463899e+00	3.297796e-01	1.979988e+00	8.011428e-01	
10  91.7329	2.400182e+00	1.299438e-01	6.846656e-01	2.985676e+00	9.045986e-01	2.026306e+00	1.041802e+00	2.028898e+00	9.916919e-01	1.898009e+00	1.096439e+00	1.903149e+00	1.757270e+00	3.297796e-01	1.979988e+00	8.011428e-01	
2  93.2546	2.400182e+00	1.299438e-01	6.846656e-01	2.985676e+00	9.045986e-01	2.067351e+00	1.083805e+00	2.039660e+00	1.275626e+00	1.900838e+00	1.069186e+00	1.910855e+00	1.704727e+00	3.297796e-01	1.979988e+00	8.011428e-01	
4  93.0265	2.400182e+00	1.299438e-01	6.846656e-01	2.985676e+00	9.045986e-01	2.018252e+00	8.076802e-01	1.983034e+00	9.331016e-01	1.950985e+00	1.200062e+00	1.901230e+00	1.699003e+00	3.297796e-01	1.979988e+00	8.011428e-01	
9  92.9715	2.266937e+00	1.332316e-01	6.872537e-01	2.783705e+00	8.944441e-01	2.239128e+00	1.046420e+00	2.178510e+00	1.144309e+00	2.125921e+00	1.447450e+00	2.064658e+00	1.577415e+00	3.314402e-01	1.617885e+00	7.405651e-01	
7  94.2313	2.266937e+00	1.332316e-01	6.872537e-01	2.783705e+00	8.944441e-01	2.232770e+00	1.035041e+00	2.198646e+00	1.245932e+00	2.175684e+00	1.815604e+00	2.054118e+00	1.445790e+00	3.314402e-01	1.617885e+00	7.405651e-01	
4  92.0462	2.266937e+00	1.332316e-01	6.872537e-01	2.783705e+00	8.944441e-01	2.215256e+00	1.024225e+00	2.175373e+00	7.023228e-01	2.145364e+00	1.485706e+00	2.075244e+00	1.657473e+00	3.314402e-01	1.617885e+00	7.405651e-01	
3  91.1076	2.266937e+00	1.332316e-01	6.872537e-01	2.783705e+00	8.944441e-01	2.171417e+00	7.331988e-01	2.219981e+00	1.139809e+00	2.109163e+00	1.134656e+00	2.031803e+00	1.504793e+00	3.314402e-01	1.617885e+00	7.405651e-01	
1  91.5094	2.266937e+00	1.332316e-01	6.872537e-01	2.783705e+00	8.944441e-01	2.174127e+00	4.996885e-01	2.194151e+00	8.220545e-01	2.118940e+00	1.379526e+00	2.030261e+00	1.334187e+00	3.314402e-01	1.617885e+00	7.405651e-01	
1  92.4448	2.412642e+00	1.361168e-01	6.908885e-01	2.928202e+00	8.680387e-01	1.958560e+00	2.730253e-01	2.003473e+00	6.088277e-01	1.946167e+00	1.104419e+00	1.868929e+00	1.431317e+00	3.370591e-01	1.869398e+00	7.906123e-01	
1  90.9815	2.294101e+00	1.283656e-01	6.823702e-01	2.777254e+00	8.921934e-01	2.191477e+00	3.002162e-01	2.243015e+00	8.882494e-01	2.149075e+00	1.404721e+00	2.088870e+00	1.542190e+00	3.263343e-01	1.607482e+00	7.183852e-01	
6  93.6709	2.126648e+00	1.279552e-01	6.564365e-01	2.770007e+00	8.683373e-01	2.196450e+00	2.435447e-01	2.265164e+00	8.196110e-01	2.168586e+00	1.412557e+00	2.075740e+00	1.158767e+00	3.477900e-01	1.595875e+00	7.114523e-01	
2  93.9253	2.126648e+00	1.279552e-01	6.564365e-01	2.770007e+00	8.683373e-01	2.237137e+00	5.571311e-01	2.277326e+00	9.452067e-01	2.189224e+00	1.759793e+00	2.116577e+00	1.667705e+00	3.477900e-01	1.595875e+00	7.114523e-01	
2  93.9716	2.126648e+00	1.279552e-01	6.564365e-01	2.770007e+00	8.683373e-01	2.254478e+00	8.116411e-01	2.314209e+00	1.358443e+00	2.181997e+00	1.547578e+00	2.105173e+00	1.772149e+00	3.477900e-01	1.595875e+00	7.114523e-01	
1  94.3936	2.126648e+00	1.279552e-01	6.564365e-01	2.770007e+00	8.683373e-01	2.242149e+00	7.841817e-01	2.285955e+00	1.566377e+00	2.111208e+00	1.064292e+00	2.090020e+00	1.436487e+00	3.477900e-01	1.595875e+00	7.114523e-01	
7  93.7495	2.083575e+00	1.257139e-01	6.535773e-01	2.785240e+00	8.536157e-01	2.196696e+00	5.574809e-01	2.275875e+00	1.564127e+00	2.090682e+00	1.009490e+00	2.086639e+00	1.474038e+00	3.445843e-01	1.620371e+00	7.074521e-01	
6  93.5144	2.083575e+00	1.257139e-01	6.535773e-01	2.785240e+00	8.536157e-01	2.135460e+00	1.438284e-01	2.240705e+00	1.322394e+00	2.068135e+00	7.498320e-01	2.092605e+00	1.262411e+00	3.445843e-01	1.620371e+00	7.074521e-01	
1  93.6205	2.175006e+00	1.201189e-01	6.533713e-01	2.886556e+00	8.841383e-01	2.065473e+00	4.222765e-02	2.179988e+00	1.281618e+00	2.012946e+00	6.919820e-01	2.053772e+00	1.454028e+00	3.338370e-01	1.793144e+00	7.263550e-01	
8  92.9391	2.074947e+00	1.259402e-01	6.556830e-01	2.825453e+00	8.809672e-01	2.122285e+00	3.169115e-01	2.198674e+00	1.276683e+00	2.043512e+00	7.512950e-01	2.046902e+00	1.145105e+00	3.427004e-01	1.686858e+00	7.305745e-01	
1  93.7337	2.074947e+00	1.259402e-01	6.556830e-01	2.825453e+00	8.809672e-01	2.118787e+00	4.262232e-01	2.194490e+00	1.302997e+00	2.059035e+00	9.433384e-01	2.014905e+00	1.046122e+00	3.427004e-01	1.686858e+00	7.305745e-01	
2  92.5438	2.074947e+00	1.259402e-01	6.556830e-01	2.825453e+00	8.809672e-01	2.158426e+00	5.323568e-01	2.286448e+00	1.920685e+00	2.023149e+00	8.174226e-01	2.038588e+00	8.227941e-01	3.427004e-01	1.686858e+00	7.305745e-01	
2  92.3295	2.074947e+00	1.259402e-01	6.556830e-01	2.825453e+00	8.809672e-01	2.116730e+00	3.818004e-01	2.305667e+00	1.684636e+00	2.037522e+00	8.802021e-01	2.032987e+00	1.214914e+00	3.427004e-01	1.686858e+00	7.305745e-01	
2  93.6572	2.234710e+00	1.256346e-01	6.694746e-01	2.768957e+00	9.204735e-01	2.247449e+00	6.786546e-01	2.388025e+00	1.818683e+00	2.120215e+00	1.041923e+00	2.124803e+00	1.506895e+00	3.316089e-01	1.594200e+00	7.137378e-01	
1  90.5312	2.284857e+00	1.227198e-01	6.703564e-01	2.948261e+00	8.830211e-01	1.956474e+00	5.895715e-02	2.182693e+00	1.624060e+00	1.914530e+00	6.877705e-01	1.963444e+00	1.687002e+00	3.253665e-01	1.907277e+00	7.562355e-01	
4  89.357	2.310231e+00	1.232494e-01	6.876471e-01	2.987173e+00	9.260948e-01	1.940609e+00	2.765003e-01	2.127454e+00	1.619867e+00	1.879369e+00	6.892450e-01	1.919770e+00	1.697219e+00	3.108665e-01	1.982955e+00	7.882090e-01	
1  91.4254	2.310231e+00	1.232494e-01	6.876471e-01	2.987173e+00	9.260948e-01	1.971833e+00	5.114771e-01	2.119697e+00	1.672363e+00	1.870357e+00	9.317572e-01	1.951913e+00	1.887844e+00	3.108665e-01	1.982955e+00	7.882090e-01	
7  89.6409	2.310231e+00	1.232494e-01	6.876471e-01	2.987173e+00	9.260948e-01	1.941652e+00	3.569179e-01	2.098150e+00	1.165830e+00	1.881027e+00	9.168428e-01	1.913941e+00	1.606941e+00	3.108665e-01	1.982955e+00	7.882090e-01	
12  90.5832	2.379345e+00	1.209966e-01	6.886137e-01	3.096438e+00	9.027242e-01	1.768093e+00	-4.328200e-02	1.979547e+00	1.058116e+00	1.759528e+00	7.034969e-01	1.826708e+00	1.798067e+00	3.067010e-01	2.211901e+00	8.114211e-01	
1  90.0772	2.233316e+00	1.195935e-01	6.886941e-01	3.005324e+00	9.180367e-01	1.888084e+00	8.230704e-02	2.086862e+00	1.187859e+00	1.856742e+00	8.594984e-01	1.914357e+00	1.666458e+00	3.005923e-01	2.019276e+00	7.829908e-01	
3  96.0052	2.350766e+00	1.066154e-01	6.870163e-01	3.069314e+00	9.983152e-01	1.951742e+00	9.125813e-02	2.144378e+00	1.307764e+00	1.907477e+00	9.944137e-01	1.994273e+00	2.063167e+00	2.770542e-01	2.152713e+00	7.646210e-01	
5  93.6772	2.350766e+00	1.066154e-01	6.870163e-01	3.069314e+00	9.983152e-01	1.972146e+00	1.629993e-01	2.150042e+00	1.632609e+00	1.953635e+00	1.249399e+00	1.985854e+00	1.905835e+00	2.770542e-01	2.152713e+00	7.646210e-01	
1  93.5031	2.350766e+00	1.066154e-01	6.870163e-01	3.069314e+00	9.983152e-01	1.935004e+00	3.425258e-02	2.179406e+00	1.732846e+00	1.997120e+00	1.516523e+00	1.973457e+00	1.931582e+00	2.770542e-01	2.152713e+00	7.646210e-01	
3  94.6464	2.350766e+00	1.066154e-01	6.870163e-01	3.069314e+00	9.983152e-01	1.936932e+00	8.881929e-02	2.164027e+00	1.895004e+00	1.934647e+00	9.530659e-01	1.997452e+00	1.975856e+00	2.770542e-01	2.152713e+00	7.646210e-01	
9  91.788	2.238691e+00	1.074920e-01	6.766782e-01	3.110339e+00	1.000897e+00	1.895494e+00	1.582750e-01	2.113898e+00	1.794274e+00	1.899350e+00	9.150656e-01	1.927757e+00	1.643605e+00	2.850511e-01	2.242865e+00	7.904761e-01	
3  92.1433	2.238691e+00	1.074920e-01	6.766782e-01	3.110339e+00	1.000897e+00	1.903591e+00	1.501812e-01	2.082538e+00	1.641406e+00	1.904642e+00	1.139693e+00	1.933341e+00	1.359848e+00	2.850511e-01	2.242865e+00	7.904761e-01	
2  91.9536	2.278467e+00	1.234292e-01	6.955063e-01	3.006697e+00	9.779563e-01	1.971976e+00	6.925718e-01	2.068143e+00	1.599570e+00	1.918119e+00	1.173685e+00	1.896308e+00	1.079533e+00	3.035955e-01	2.022049e+00	8.168952e-01	
3  93.6429	2.311569e+00	1.156672e-01	6.657208e-01	3.224597e+00	9.732411e-01	1.751694e+00	2.772509e-01	1.906909e+00	1.350650e+00	1.766307e+00	9.372265e-01	1.745664e+00	1.026843e+00	3.146030e-01	2.514344e+00	8.610753e-01	
1  93.9951	2.311569e+00	1.156672e-01	6.657208e-01	3.224597e+00	9.732411e-01	1.772822e+00	3.829553e-01	1.919970e+00	1.620743e+00	1.774533e+00	1.026812e+00	1.783135e+00	1.216054e+00	3.146030e-01	2.514344e+00	8.610753e-01	
9  93.611	2.311569e+00	1.156672e-01	6.657208e-01	3.224597e+00	9.732411e-01	1.806532e+00	4.506699e-01	1.873222e+00	1.110688e+00	1.777325e+00	1.093820e+00	1.737724e+00	9.856278e-01	3.146030e-01	2.514344e+00	8.610753e-01	
3  91.3937	2.369632e+00	1.182970e-01	6.774418e-01	3.102029e+00	9.596186e-01	1.926198e+00	5.207044e-01	1.984663e+00	1.265604e+00	1.870692e+00	1.211777e+00	1.852225e+00	1.202850e+00	3.108062e-01	2.224304e+00	8.169903e-01	
13  93.6049	2.369632e+00	1.182970e-01	6.774418e-01	3.102029e+00	9.596186e-01	1.838345e+00	1.124905e-01	1.956641e+00	9.608202e-01	1.872536e+00	1.282578e+00	1.875966e+00	1.824540e+00	3.108062e-01	2.224304e+00	8.169903e-01	
7  94.6121	2.369632e+00	1.182970e-01	6.774418e-01	3.102029e+00	9.596186e-01	1.818895e+00	-1.908889e-03	1.939008e+00	7.384342e-01	1.875290e+00	1.181842e+00	1.862901e+00	2.008336e+00	3.108062e-01	2.224304e+00	8.169903e-01	
8  94.0669	2.349264e+00	1.228530e-01	6.970856e-01	2.936997e+00	9.740299e-01	2.010436e+00	3.591299e-01	2.079202e+00	9.407485e-01	2.008621e+00	1.398310e+00	1.991809e+00	2.049983e+00	3.024928e-01	1.885913e+00	7.813764e-01	
1  94.9447	2.349264e+00	1.228530e-01	6.970856e-01	2.936997e+00	9.740299e-01	2.045961e+00	7.136926e-01	2.126093e+00	1.259434e+00	1.989195e+00	1.295068e+00	1.969719e+00	2.081061e+00	3.024928e-01	1.885913e+00	7.813764e-01	
2  94.6948	2.349264e+00	1.228530e-01	6.970856e-01	2.936997e+00	9.740299e-01	2.046829e+00	6.505560e-01	2.118612e+00	1.143257e+00	1.934011e+00	8.962130e-01	1.962814e+00	2.065215e+00	3.024928e-01	1.885913e+00	7.813764e-01	
3  98.0591	2.349264e+00	1.228530e-01	6.970856e-01	2.936997e+00	9.740299e-01	2.057090e+00	6.967183e-01	2.176951e+00	1.863580e+00	1.844728e+00	4.187434e-01	2.005223e+00	2.171929e+00	3.024928e-01	1.885913e+00	7.813764e-01	
8  97.2284	2.324238e+00	1.252837e-01	6.971053e-01	2.909350e+00	9.448153e-01	2.042294e+00	5.986127e-01	2.178996e+00	1.857766e+00	1.840116e+00	3.816363e-01	2.005712e+00	2.145973e+00	3.069626e-01	1.834487e+00	7.730140e-01	
1  94.689	2.324238e+00	1.252837e-01	6.971053e-01	2.909350e+00	9.448153e-01	2.051680e+00	6.121072e-01	2.153903e+00	1.236528e+00	1.882405e+00	7.436669e-01	1.967470e+00	1.676664e+00	3.069626e-01	1.834487e+00	7.730140e-01	
1  93.731	2.324238e+00	1.252837e-01	6.971053e-01	2.909350e+00	9.448153e-01	2.071532e+00	7.943550e-01	2.113598e+00	1.099464e+00	1.971492e+00	1.325877e+00	1.924135e+00	1.115139e+00	3.069626e-01	1.834487e+00	7.730140e-01	
7  93.6166	2.324238e+00	1.252837e-01	6.971053e-01	2.909350e+00	9.448153e-01	2.055901e+00	6.332227e-01	2.090530e+00	9.922231e-01	1.960135e+00	1.102259e+00	1.939770e+00	1.484578e+00	3.069626e-01	1.834487e+00	7.730140e-01	
1  94.291	2.324238e+00	1.252837e-01	6.971053e-01	2.909350e+00	9.448153e-01	2.005667e+00	4.792009e-01	2.132926e+00	1.309614e+00	1.971238e+00	1.043406e+00	1.993156e+00	2.093935e+00	3.069626e-01	1.834487e+00	7.730140e-01	
1  92.7355	2.324238e+00	1.252837e-01	6.971053e-01	2.909350e+00	9.448153e-01	2.009982e+00	2.371449e-01	2.148853e+00	1.565111e+00	1.994285e+00	1.258225e+00	2.025342e+00	2.116182e+00	3.069626e-01	1.834487e+00	7.730140e-01	
1  92.7327	2.324238e+00	1.252837e-01	6.971053e-01	2.909350e+00	9.448153e-01	2.027117e+00	2.231725e-01	2.168521e+00	1.822355e+00	1.976676e+00	8.176006e-01	1.982378e+00	1.893261e+00	3.069626e-01	1.834487e+00	7.730140e-01	
1  92.4702	2.324238e+00	1.252837e-01	6.971053e-01	2.909350e+00	9.448153e-01	2.084533e+00	7.416942e-01	2.102155e+00	1.184338e+00	2.037545e+00	1.470948e+00	1.927035e+00	1.338598e+00	3.069626e-01	1.834487e+00	7.730140e-01	
5  91.7446	2.324238e+00	1.252837e-01	6.971053e-01	2.909350e+00	9.448153e-01	2.125888e+00	1.064569e+00	2.140754e+00	1.598031e+00	2.039337e+00	1.426517e+00	1.977916e+00	1.726139e+00	3.069626e-01	1.834487e+00	7.730140e-01	
1  94.5017	2.451930e+00	1.351927e-01	7.094291e-01	2.674069e+00	8.923408e-01	2.341635e+00	1.285514e+00	2.329385e+00	1.797905e+00	2.202824e+00	1.616057e+00	2.155221e+00	1.954406e+00	3.186160e-01	1.449885e+00	7.019290e-01	
1  92.5254	2.390747e+00	1.213351e-01	6.891676e-01	2.903166e+00	9.263132e-01	2.129893e+00	8.045932e-01	2.185607e+00	1.643427e+00	2.062470e+00	1.423961e+00	2.033985e+00	1.975468e+00	3.071610e-01	1.823177e+00	7.439922e-01	
2  92.7043	2.267661e+00	1.202690e-01	6.763383e-01	2.825862e+00	9.368314e-01	2.258245e+00	9.851918e-01	2.294541e+00	1.719011e+00	2.165736e+00	1.588673e+00	2.110254e+00	1.750368e+00	3.139030e-01	1.687548e+00	7.186700e-01	
1  92.8512	2.267661e+00	1.202690e-01	6.763383e-01	2.825862e+00	9.368314e-01	2.278560e+00	1.116488e+00	2.287219e+00	1.606970e+00	2.163276e+00	1.610412e+00	2.137289e+00	1.814489e+00	3.139030e-01	1.687548e+00	7.186700e-01	
1  94.4703	2.267661e+00	1.202690e-01	6.763383e-01	2.825862e+00	9.368314e-01	2.219070e+00	8.056296e-01	2.238703e+00	1.204809e+00	2.180701e+00	1.780386e+00	2.113941e+00	1.535057e+00	3.139030e-01	1.687548e+00	7.186700e-01	
2  95.6693	2.267661e+00	1.202690e-01	6.763383e-01	2.825862e+00	9.368314e-01	2.148447e+00	4.308394e-01	2.234160e+00	1.190570e+00	2.101961e+00	1.096276e+00	2.135071e+00	1.767087e+00	3.139030e-01	1.687548e+00	7.186700e-01	
3  96.144	2.267661e+00	1.202690e-01	6.763383e-01	2.825862e+00	9.368314e-01	2.228750e+00	7.858374e-01	2.315991e+00	2.018950e+00	2.054677e+00	1.049173e+00	2.175081e+00	1.929484e+00	3.139030e-01	1.687548e+00	7.186700e-01	
1  96.4366	2.267661e+00	1.202690e-01	6.763383e-01	2.825862e+00	9.368314e-01	2.204350e+00	5.291687e-01	2.264538e+00	1.782273e+00	2.091321e+00	1.519884e+00	2.129287e+00	1.459093e+00	3.139030e-01	1.687548e+00	7.186700e-01	
4  95.9618	2.233387e+00	1.184443e-01	6.805571e-01	3.044931e+00	9.061384e-01	1.852629e+00	-6.457479e-02	1.993192e+00	1.523012e+00	1.832632e+00	1.102510e+00	1.899438e+00	1.450636e+00	3.053434e-01	2.100859e+00	7.883748e-01	
5  95.0751	2.339353e+00	1.260439e-01	6.893007e-01	3.022335e+00	8.920854e-01	1.859272e+00	1.584513e-01	1.963230e+00	1.474102e+00	1.817360e+00	1.082676e+00	1.867727e+00	1.430626e+00	3.158711e-01	2.053920e+00	8.017950e-01	
3  93.9687	2.339353e+00	1.260439e-01	6.893007e-01	3.022335e+00	8.920854e-01	1.840909e+00	2.075917e-01	1.961135e+00	1.184386e+00	1.822075e+00	9.105962e-01	1.909213e+00	1.879401e+00	3.158711e-01	2.053920e+00	8.017950e-01	
1  94.3197	2.339353e+00	1.260439e-01	6.893007e-01	3.022335e+00	8.920854e-01	1.852818e+00	3.143826e-01	1.931239e+00	9.889451e-01	1.788708e+00	4.865549e-01	1.865409e+00	1.148560e+00	3.158711e-01	2.053920e+00	8.017950e-01	
8  95.5688	2.305906e+00	1.286132e-01	6.878429e-01	3.006229e+00	9.138178e-01	1.909539e+00	6.293819e-01	1.941172e+00	9.718880e-01	1.815353e+00	5.633852e-01	1.854827e+00	9.260527e-01	3.219351e-01	2.021104e+00	8.137735e-01	
1  93.7125	2.305906e+00	1.286132e-01	6.878429e-01	3.006229e+00	9.138178e-01	1.855999e+00	1.759096e-01	1.997245e+00	1.402272e+00	1.842379e+00	1.025233e+00	1.943288e+00	1.364771e+00	3.219351e-01	2.021104e+00	8.137735e-01	
3  90.0098	2.305906e+00	1.286132e-01	6.878429e-01	3.006229e+00	9.138178e-01	1.903584e+00	3.919902e-01	2.028529e+00	1.270534e+00	1.869763e+00	1.240753e+00	1.929018e+00	1.370664e+00	3.219351e-01	2.021104e+00	8.137735e-01	
1  90.2191	2.305906e+00	1.286132e-01	6.878429e-01	3.006229e+00	9.138178e-01	1.923332e+00	5.592012e-01	2.032309e+00	1.070623e+00	1.859917e+00	9.538647e-01	1.961614e+00	1.423189e+00	3.219351e-01	2.021104e+00	8.137735e-01	
5  90.7371	2.157638e+00	1.075378e-01	6.627361e-01	3.233580e+00	9.912075e-01	1.779084e+00	1.113418e-01	1.953308e+00	1.008763e+00	1.777998e+00	8.817768e-01	1.899498e+00	1.439714e+00	2.954296e-01	2.537031e+00	8.399679e-01	
2  91.0722	2.157638e+00	1.075378e-01	6.627361e-01	3.233580e+00	9.912075e-01	1.761051e+00	-6.177937e-03	1.970497e+00	9.584891e-01	1.797691e+00	8.794758e-01	1.874573e+00	1.416774e+00	2.954296e-01	2.537031e+00	8.399679e-01	
1  91.0147	2.157638e+00	1.075378e-01	6.627361e-01	3.233580e+00	9.912075e-01	1.771799e+00	6.258478e-03	1.912238e+00	6.104490e-01	1.809154e+00	8.540822e-01	1.839676e+00	1.213954e+00	2.954296e-01	2.537031e+00	8.399679e-01	
3  90.9844	2.157638e+00	1.075378e-01	6.627361e-01	3.233580e+00	9.912075e-01	1.782947e+00	1.526048e-01	1.969016e+00	9.022057e-01	1.829545e+00	8.067986e-01	1.845895e+00	1.457456e+00	2.954296e-01	2.537031e+00	8.399679e-01	
8  91.8021	2.157638e+00	1.075378e-01	6.627361e-01	3.233580e+00	9.912075e-01	1.800802e+00	3.194635e-01	1.947051e+00	8.800562e-01	1.867648e+00	9.595254e-01	1.789957e+00	1.108370e+00	2.954296e-01	2.537031e+00	8.399679e-01	
10  92.6481	2.157638e+00	1.075378e-01	6.627361e-01	3.233580e+00	9.912075e-01	1.851223e+00	5.395136e-01	1.989428e+00	1.039812e+00	1.815285e+00	6.623087e-01	1.800511e+00	8.332803e-01	2.954296e-01	2.537031e+00	8.399679e-01	
13  90.8949	2.192379e+00	1.049475e-01	6.647005e-01	3.164430e+00	1.013741e+00	1.977432e+00	6.648900e-01	2.098684e+00	1.178849e+00	1.912935e+00	8.215434e-01	1.907260e+00	9.920392e-01	2.886095e-01	2.367525e+00	8.030650e-01	
1  90.9435	2.156452e+00	1.015517e-01	6.666735e-01	3.191493e+00	1.034416e+00	1.964122e+00	6.254451e-01	2.090231e+00	1.197105e+00	1.904495e+00	8.252113e-01	1.904694e+00	1.013897e+00	2.784550e-01	2.432473e+00	8.051293e-01	
6  92.1166	2.255454e+00	1.096724e-01	6.743993e-01	2.965903e+00	9.695821e-01	2.152136e+00	6.799593e-01	2.277649e+00	1.392951e+00	2.058356e+00	9.807691e-01	2.083482e+00	1.263110e+00	2.921435e-01	1.941223e+00	7.351898e-01	
7  92.3229	2.255454e+00	1.096724e-01	6.743993e-01	2.965903e+00	9.695821e-01	2.163907e+00	4.927303e-01	2.229320e+00	1.010001e+00	2.004477e+00	7.616011e-01	2.090451e+00	1.740527e+00	2.921435e-01	1.941223e+00	7.351898e-01	
4  93.086	2.224340e+00	1.114470e-01	6.888630e-01	3.008279e+00	1.003166e+00	2.126551e+00	6.973376e-01	2.155916e+00	9.701026e-01	1.954005e+00	7.347094e-01	2.021362e+00	1.617950e+00	2.830884e-01	2.025251e+00	7.740695e-01	
4  97.199	2.224340e+00	1.114470e-01	6.888630e-01	3.008279e+00	1.003166e+00	2.138438e+00	6.898591e-01	2.125383e+00	8.061934e-01	1.902025e+00	4.141581e-01	1.997852e+00	9.850953e-01	2.830884e-01	2.025251e+00	7.740695e-01	
1  97.1829	2.224340e+00	1.114470e-01	6.888630e-01	3.008279e+00	1.003166e+00	2.180243e+00	9.066013e-01	2.146863e+00	9.083844e-01	1.936715e+00	6.995252e-01	1.979341e+00	9.245792e-01	2.830884e-01	2.025251e+00	7.740695e-01	
5  96.0203	2.246798e+00	1.117356e-01	6.909260e-01	3.075321e+00	9.839068e-01	2.060103e+00	6.855242e-01	2.056706e+00	8.199094e-01	1.848804e+00	5.482740e-01	1.905853e+00	9.722500e-01	2.824753e-01	2.165682e+00	7.949868e-01	
3  94.1697	2.246798e+00	1.117356e-01	6.909260e-01	3.075321e+00	9.839068e-01	2.032112e+00	5.271190e-01	2.008803e+00	6.099968e-01	1.874039e+00	8.317621e-01	1.925165e+00	1.267800e+00	2.824753e-01	2.165682e+00	7.949868e-01	
3  94.9662	2.246798e+00	1.117356e-01	6.909260e-01	3.075321e+00	9.839068e-01	2.010879e+00	4.562405e-01	2.023813e+00	5.941533e-01	1.848748e+00	7.948997e-01	1.968460e+00	1.621868e+00	2.824753e-01	2.165682e+00	7.949868e-01	
1  92.4104	2.246798e+00	1.117356e-01	6.909260e-01	3.075321e+00	9.839068e-01	2.000167e+00	4.597622e-01	2.015512e+00	8.541243e-01	1.866873e+00	7.509582e-01	1.982602e+00	1.344946e+00	2.824753e-01	2.165682e+00	7.949868e-01	
1  93.1596	2.246798e+00	1.117356e-01	6.909260e-01	3.075321e+00	9.839068e-01	1.975897e+00	4.302845e-01	2.024263e+00	9.397389e-01	1.851696e+00	5.071009e-01	2.000922e+00	1.500509e+00	2.824753e-01	2.165682e+00	7.949868e-01	
11  92.6809	2.219057e+00	1.113917e-01	6.868103e-01	3.000847e+00	9.713595e-01	2.057090e+00	4.135593e-01	2.112913e+00	1.026748e+00	1.924557e+00	5.951131e-01	2.080147e+00	1.532080e+00	2.845539e-01	2.010256e+00	7.615547e-01	
9  92.4234	2.219057e+00	1.113917e-01	6.868103e-01	3.000847e+00	9.713595e-01	2.001598e+00	2.495175e-01	2.094718e+00	8.970591e-01	1.937428e+00	6.846142e-01	2.028573e+00	9.338173e-01	2.845539e-01	2.010256e+00	7.615547e-01	
5  90.3693	2.219057e+00	1.113917e-01	6.868103e-01	3.000847e+00	9.713595e-01	2.005471e+00	2.162233e-01	2.117392e+00	1.078035e+00	1.970939e+00	9.863806e-01	2.008974e+00	9.869474e-01	2.845539e-01	2.010256e+00	7.615547e-01	
4  90.9775	2.219057e+00	1.113917e-01	6.868103e-01	3.000847e+00	9.713595e-01	2.006787e+00	1.428295e-01	2.157743e+00	1.315654e+00	1.966520e+00	1.072948e+00	2.035530e+00	1.176558e+00	2.845539e-01	2.010256e+00	7.615547e-01	
8  92.8148	2.222674e+00	1.141176e-01	7.005627e-01	2.992191e+00	9.779115e-01	1.998675e+00	2.380573e-01	2.132478e+00	1.324868e+00	1.948824e+00	1.059717e+00	2.017045e+00	1.180533e+00	2.791193e-01	1.992931e+00	7.753657e-01	
1  91.9363	2.222674e+00	1.141176e-01	7.005627e-01	2.992191e+00	9.779115e-01	2.015728e+00	3.736086e-01	2.143321e+00	1.294818e+00	1.940587e+00	9.288036e-01	2.024732e+00	1.676007e+00	2.791193e-01	1.992931e+00	7.753657e-01	
1  92.047	2.222674e+00	1.141176e-01	7.005627e-01	2.992191e+00	9.779115e-01	2.037932e+00	5.532681e-01	2.113193e+00	1.103512e+00	1.971131e+00	1.185867e+00	2.007504e+00	1.791944e+00	2.791193e-01	1.992931e+00	7.753657e-01	
3  91.8188	2.130361e+00	1.161151e-01	6.850970e-01	2.864414e+00	1.002465e+00	2.267957e+00	1.065089e+00	2.275421e+00	1.200947e+00	2.137327e+00	1.470237e+00	2.116766e+00	1.456420e+00	2.941527e-01	1.753877e+00	7.447081e-01	
6  91.2626	2.247367e+00	1.094708e-01	6.876689e-01	3.019418e+00	1.018029e+00	2.100245e+00	7.243288e-01	2.150165e+00	1.110807e+00	2.014492e+00	1.290875e+00	2.032236e+00	1.758938e+00	2.803804e-01	2.047938e+00	7.717451e-01	
5  93.2274	2.247367e+00	1.094708e-01	6.876689e-01	3.019418e+00	1.018029e+00	2.079445e+00	6.814968e-01	2.114787e+00	1.115038e+00	2.011278e+00	1.219610e+00	2.007709e+00	1.844501e+00	2.803804e-01	2.047938e+00	7.717451e-01	
4  92.9189	2.074765e+00	1.088494e-01	6.718386e-01	2.970047e+00	1.033906e+00	2.180065e+00	9.085507e-01	2.188920e+00	1.137265e+00	2.089241e+00	1.358853e+00	2.041946e+00	1.464057e+00	2.885482e-01	1.949284e+00	7.616873e-01	
2  94.8133	2.074765e+00	1.088494e-01	6.718386e-01	2.970047e+00	1.033906e+00	2.184936e+00	9.955430e-01	2.187427e+00	8.110163e-01	2.078657e+00	1.470639e+00	2.030776e+00	1.649475e+00	2.885482e-01	1.949284e+00	7.616873e-01	
4  95.1433	2.074765e+00	1.088494e-01	6.718386e-01	2.970047e+00	1.033906e+00	2.220036e+00	1.122829e+00	2.211422e+00	1.081446e+00	2.056700e+00	1.581816e+00	2.081391e+00	1.897212e+00	2.885482e-01	1.949284e+00	7.616873e-01	
4  95.8148	2.074765e+00	1.088494e-01	6.718386e-01	2.970047e+00	1.033906e+00	2.152511e+00	5.971529e-01	2.268859e+00	1.604388e+00	2.029203e+00	1.237388e+00	2.122036e+00	2.133327e+00	2.885482e-01	1.949284e+00	7.616873e-01	
11  92.8006	2.097914e+00	1.194292e-01	6.799168e-01	2.931440e+00	9.664248e-01	2.082214e+00	5.349793e-01	2.208069e+00	1.515330e+00	1.971452e+00	1.096947e+00	2.061217e+00	2.039825e+00	3.051189e-01	1.875462e+00	7.741010e-01	
7  92.5599	2.112975e+00	1.277374e-01	6.706613e-01	2.916283e+00	9.386443e-01	2.085332e+00	7.792731e-01	2.176205e+00	1.391262e+00	1.958660e+00	1.073643e+00	2.002154e+00	1.731352e+00	3.324050e-01	1.847249e+00	7.892537e-01	
2  93.3581	2.112975e+00	1.277374e-01	6.706613e-01	2.916283e+00	9.386443e-01	2.081909e+00	7.351521e-01	2.205000e+00	1.364408e+00	1.990643e+00	1.150968e+00	1.979814e+00	1.858768e+00	3.324050e-01	1.847249e+00	7.892537e-01	
3  93.3138	2.112975e+00	1.277374e-01	6.706613e-01	2.916283e+00	9.386443e-01	2.055821e+00	6.542780e-01	2.173724e+00	1.269414e+00	2.029152e+00	1.241139e+00	1.916818e+00	1.303726e+00	3.324050e-01	1.847249e+00	7.892537e-01	
9  93.8941	2.112975e+00	1.277374e-01	6.706613e-01	2.916283e+00	9.386443e-01	2.147465e+00	1.198541e+00	2.195590e+00	1.457167e+00	1.984392e+00	1.044656e+00	1.965193e+00	1.995540e+00	3.324050e-01	1.847249e+00	7.892537e-01	
3  93.532	2.112975e+00	1.277374e-01	6.706613e-01	2.916283e+00	9.386443e-01	2.141025e+00	1.116002e+00	2.190519e+00	1.467817e+00	2.013207e+00	1.250087e+00	1.998728e+00	2.079419e+00	3.324050e-01	1.847249e+00	7.892537e-01	
1  93.2277	2.112975e+00	1.277374e-01	6.706613e-01	2.916283e+00	9.386443e-01	2.147785e+00	1.152749e+00	2.134029e+00	1.318036e+00	2.018443e+00	1.456066e+00	1.988120e+00	1.904157e+00	3.324050e-01	1.847249e+00	7.892537e-01	
9  93.4051	2.112975e+00	1.277374e-01	6.706613e-01	2.916283e+00	9.386443e-01	2.132828e+00	1.138505e+00	2.127836e+00	1.207496e+00	1.964101e+00	9.596527e-01	1.991198e+00	1.988817e+00	3.324050e-01	1.847249e+00	7.892537e-01	
3  95.3208	2.112975e+00	1.277374e-01	6.706613e-01	2.916283e+00	9.386443e-01	2.070773e+00	7.171353e-01	2.121357e+00	9.539534e-01	1.951992e+00	9.342449e-01	1.992880e+00	2.217210e+00	3.324050e-01	1.847249e+00	7.892537e-01	
7  93.7409	2.112975e+00	1.277374e-01	6.706613e-01	2.916283e+00	9.386443e-01	2.104132e+00	7.874300e-01	2.139418e+00	1.441765e+00	2.021256e+00	1.380379e+00	2.020122e+00	2.065659e+00	3.324050e-01	1.847249e+00	7.892537e-01	
1  93.3387	2.112975e+00	1.277374e-01	6.706613e-01	2.916283e+00	9.386443e-01	2.042403e+00	5.303891e-01	2.155482e+00	1.734800e+00	1.985054e+00	9.868912e-01	1.994890e+00	1.700757e+00	3.324050e-01	1.847249e+00	7.892537e-01	
2  93.9539	2.112975e+00	1.277374e-01	6.706613e-01	2.916283e+00	9.386443e-01	2.026891e+00	4.231060e-01	2.121683e+00	1.384551e+00	2.011698e+00	1.155943e+00	1.956707e+00	1.513134e+00	3.324050e-01	1.847249e+00	7.892537e-01	
1  94.364	2.112975e+00	1.277374e-01	6.706613e-01	2.916283e+00	9.386443e-01	2.039882e+00	4.061132e-01	2.144030e+00	1.661025e+00	2.009741e+00	1.181882e+00	1.949906e+00	1.441228e+00	3.324050e-01	1.847249e+00	7.892537e-01	
1  93.7236	2.112975e+00	1.277374e-01	6.706613e-01	2.916283e+00	9.386443e-01	2.049252e+00	5.213202e-01	2.179650e+00	1.798546e+00	1.997940e+00	1.003332e+00	1.972028e+00	1.714518e+00	3.324050e-01	1.847249e+00	7.892537e-01	
3  93.0369	2.112975e+00	1.277374e-01	6.706613e-01	2.916283e+00	9.386443e-01	2.098816e+00	7.468749e-01	2.154443e+00	1.734034e+00	2.015070e+00	1.221986e+00	1.970044e+00	1.652338e+00	3.324050e-01	1.847249e+00	7.892537e-01	
2  94.0454	2.137522e+00	1.291843e-01	6.970533e-01	2.927716e+00	8.764394e-01	1.923539e+00	1.259399e-01	2.068141e+00	1.754583e+00	1.903072e+00	9.722385e-01	1.937189e+00	2.050127e+00	3.111933e-01	1.868490e+00	7.858532e-01	
2  94.4697	2.332836e+00	1.295978e-01	6.982302e-01	2.938807e+00	8.920299e-01	1.962641e+00	2.862256e-01	2.078755e+00	1.756789e+00	1.919768e+00	1.015419e+00	1.956359e+00	2.271692e+00	3.149996e-01	1.889330e+00	7.848851e-01	
1  92.558	2.350171e+00	1.370811e-01	6.910615e-01	2.746305e+00	8.632107e-01	2.189322e+00	6.536682e-01	2.259559e+00	1.881319e+00	2.089438e+00	1.247021e+00	2.097295e+00	2.157485e+00	3.376015e-01	1.558494e+00	7.270087e-01	
8  93.0643	2.350171e+00	1.370811e-01	6.910615e-01	2.746305e+00	8.632107e-01	2.235886e+00	9.750532e-01	2.243922e+00	1.885633e+00	2.119050e+00	1.385968e+00	2.105672e+00	1.906341e+00	3.376015e-01	1.558494e+00	7.270087e-01	
3  94.3684	2.315936e+00	1.416962e-01	6.917513e-01	2.672791e+00	8.511531e-01	2.307395e+00	1.157879e+00	2.291318e+00	1.913516e+00	2.167899e+00	1.455255e+00	2.134876e+00	1.765029e+00	3.458575e-01	1.448033e+00	7.133142e-01	
14  94.0536	2.343827e+00	1.452322e-01	7.048457e-01	2.741299e+00	8.130911e-01	2.131099e+00	8.606318e-01	2.154276e+00	1.801973e+00	2.034504e+00	1.220182e+00	2.026055e+00	1.843210e+00	3.408052e-01	1.550712e+00	7.394791e-01	
7  93.2574	2.253999e+00	1.383260e-01	7.040780e-01	2.711706e+00	8.368497e-01	2.192410e+00	7.504860e-01	2.235413e+00	1.932682e+00	2.097311e+00	1.319431e+00	2.109490e+00	1.940325e+00	3.258053e-01	1.505494e+00	7.191090e-01	
5  93.8234	2.253999e+00	1.383260e-01	7.040780e-01	2.711706e+00	8.368497e-01	2.194776e+00	7.406943e-01	2.226185e+00	1.769836e+00	2.144187e+00	1.753269e+00	2.124858e+00	1.518966e+00	3.258053e-01	1.505494e+00	7.191090e-01	
