2  347.277	2.246216e+00	1.104133e-01	6.863332e-01	3.166294e+00	1.030778e+00	1.924910e+00	-7.548913e-02	1.923056e+00	-2.085472e-02	1.930373e+00	-3.200901e-02	1.941209e+00	1.145380e-02	2.834489e-01	2.371942e+00	8.391681e-01	
4  202.23	2.239125e+00	9.994839e-02	6.891256e-01	2.976479e+00	1.081575e+00	2.208772e+00	-8.275912e-02	2.215118e+00	1.796123e-01	2.199346e+00	2.108052e-01	2.196525e+00	1.634536e-01	2.589710e-01	1.961861e+00	7.283683e-01	
3  173.65	2.239125e+00	9.994839e-02	6.891256e-01	2.976479e+00	1.081575e+00	2.266081e+00	2.466263e-01	2.201242e+00	-2.242767e-02	2.242962e+00	4.911556e-01	2.222147e+00	5.869347e-01	2.589710e-01	1.961861e+00	7.283683e-01	
4  148.844	2.239125e+00	9.994839e-02	6.891256e-01	2.976479e+00	1.081575e+00	2.232536e+00	4.740643e-02	2.185179e+00	5.154727e-01	2.200569e+00	4.177219e-01	2.177331e+00	6.894165e-01	2.589710e-01	1.961861e+00	7.283683e-01	
6  138.173	2.282493e+00	1.169551e-01	7.069870e-01	2.675988e+00	9.837105e-01	2.414859e+00	8.613615e-02	2.371511e+00	6.206452e-01	2.371451e+00	5.437836e-01	2.336572e+00	7.427402e-01	2.809436e-01	1.452669e+00	6.723373e-01	
6  125.092	2.282493e+00	1.169551e-01	7.069870e-01	2.675988e+00	9.837105e-01	2.456998e+00	3.712303e-01	2.350233e+00	2.235534e-01	2.387067e+00	1.055396e+00	2.299114e+00	4.362788e-01	2.809436e-01	1.452669e+00	6.723373e-01	
8  116.54	2.282493e+00	1.169551e-01	7.069870e-01	2.675988e+00	9.837105e-01	2.511930e+00	9.579655e-01	2.340692e+00	9.959112e-02	2.380856e+00	1.025296e+00	2.330569e+00	9.453491e-01	2.809436e-01	1.452669e+00	6.723373e-01	
1  114.119	2.282493e+00	1.169551e-01	7.069870e-01	2.675988e+00	9.837105e-01	2.450027e+00	7.967073e-01	2.372545e+00	8.695297e-01	2.386682e+00	9.365202e-01	2.269520e+00	6.204693e-01	2.809436e-01	1.452669e+00	6.723373e-01	
9  114.02	2.282493e+00	1.169551e-01	7.069870e-01	2.675988e+00	9.837105e-01	2.433003e+00	8.611685e-01	2.337517e+00	1.993875e-01	2.372296e+00	8.449762e-01	2.254144e+00	6.246370e-01	2.809436e-01	1.452669e+00	6.723373e-01	
4  112.337	2.289200e+00	1.069813e-01	6.766678e-01	2.706566e+00	9.971144e-01	2.466757e+00	6.933123e-01	2.399413e+00	1.784381e-01	2.427057e+00	8.540139e-01	2.304105e+00	6.079275e-01	2.850477e-01	1.497775e+00	6.402665e-01	
1  108.602	2.289200e+00	1.069813e-01	6.766678e-01	2.706566e+00	9.971144e-01	2.460891e+00	4.332502e-01	2.407620e+00	1.931729e-03	2.443383e+00	1.154896e+00	2.226413e+00	4.977097e-02	2.850477e-01	1.497775e+00	6.402665e-01	
13  106.5	2.289200e+00	1.069813e-01	6.766678e-01	2.706566e+00	9.971144e-01	2.493555e+00	5.156154e-01	2.460370e+00	2.880623e-01	2.381639e+00	6.273902e-01	2.159869e+00	4.891049e-02	2.850477e-01	1.497775e+00	6.402665e-01	
2  106.563	2.289200e+00	1.069813e-01	6.766678e-01	2.706566e+00	9.971144e-01	2.480027e+00	5.946101e-01	2.481076e+00	5.412302e-01	2.365680e+00	5.518372e-01	2.209592e+00	2.033873e-01	2.850477e-01	1.497775e+00	6.402665e-01	
1  103.044	2.289200e+00	1.069813e-01	6.766678e-01	2.706566e+00	9.971144e-01	2.451536e+00	1.710776e-01	2.469117e+00	2.259162e-01	2.322504e+00	4.409556e-01	2.235995e+00	4.376798e-01	2.850477e-01	1.497775e+00	6.402665e-01	
6  103.938	2.289200e+00	1.069813e-01	6.766678e-01	2.706566e+00	9.971144e-01	2.401531e+00	-1.011315e-01	2.444693e+00	4.359724e-01	2.370246e+00	6.215531e-01	2.321130e+00	1.238139e+00	2.850477e-01	1.497775e+00	6.402665e-01	
15  104.209	2.289200e+00	1.069813e-01	6.766678e-01	2.706566e+00	9.971144e-01	2.428208e+00	-1.703913e-02	2.426070e+00	1.819612e-01	2.362236e+00	5.232237e-01	2.412716e+00	1.639417e+00	2.850477e-01	1.497775e+00	6.402665e-01	
3  103.327	2.289200e+00	1.069813e-01	6.766678e-01	2.706566e+00	9.971144e-01	2.405658e+00	2.377931e-02	2.407345e+00	1.182095e-01	2.352379e+00	9.072621e-01	2.332978e+00	1.658246e+00	2.850477e-01	1.497775e+00	6.402665e-01	
4  102.331	2.289200e+00	1.069813e-01	6.766678e-01	2.706566e+00	9.971144e-01	2.408824e+00	7.541979e-02	2.460437e+00	2.430132e-01	2.372198e+00	9.658864e-01	2.300886e+00	1.267513e+00	2.850477e-01	1.497775e+00	6.402665e-01	
7  99.9524	2.281654e+00	1.144414e-01	6.982019e-01	2.697261e+00	9.382305e-01	2.292331e+00	-1.647781e-01	2.364395e+00	1.608386e-01	2.282683e+00	8.724695e-01	2.226245e+00	1.220692e+00	2.828842e-01	1.483903e+00	6.565766e-01	
16  99.9426	2.281654e+00	1.144414e-01	6.982019e-01	2.697261e+00	9.382305e-01	2.334354e+00	-9.460749e-02	2.399625e+00	6.187548e-01	2.255132e+00	6.073716e-01	2.244368e+00	1.161971e+00	2.828842e-01	1.483903e+00	6.565766e-01	
2  99.7585	2.281654e+00	1.144414e-01	6.982019e-01	2.697261e+00	9.382305e-01	2.311313e+00	2.157157e-01	2.423258e+00	9.021331e-01	2.311326e+00	1.187866e+00	2.246739e+00	1.652904e+00	2.828842e-01	1.483903e+00	6.565766e-01	
2  97.9798	2.249912e+00	1.178130e-01	7.075965e-01	2.771371e+00	9.014902e-01	2.152719e+00	2.496696e-02	2.279979e+00	7.951743e-01	2.178289e+00	1.061566e+00	2.128909e+00	1.587399e+00	2.815223e-01	1.598053e+00	6.882991e-01	
8  96.4897	2.270225e+00	1.267155e-01	7.088093e-01	2.668652e+00	8.661459e-01	2.226292e+00	1.971310e-01	2.338771e+00	8.428918e-01	2.232862e+00	1.109276e+00	2.174268e+00	1.602123e+00	2.986836e-01	1.442052e+00	6.747957e-01	
8  94.9351	2.270225e+00	1.267155e-01	7.088093e-01	2.668652e+00	8.661459e-01	2.197840e+00	-1.335929e-01	2.398650e+00	1.523605e+00	2.246047e+00	1.465803e+00	2.203584e+00	2.025842e+00	2.986836e-01	1.442052e+00	6.747957e-01	
9  94.1754	2.270225e+00	1.267155e-01	7.088093e-01	2.668652e+00	8.661459e-01	2.218615e+00	9.058798e-02	2.390056e+00	1.398276e+00	2.211227e+00	1.323965e+00	2.156958e+00	1.279994e+00	2.986836e-01	1.442052e+00	6.747957e-01	
1  88.9876	2.250865e+00	1.281159e-01	6.947212e-01	2.813292e+00	8.843699e-01	2.109853e+00	3.398668e-01	2.251505e+00	1.340492e+00	2.084864e+00	1.235109e+00	2.029846e+00	1.225674e+00	3.134209e-01	1.666469e+00	7.336260e-01	
1  91.2536	2.280349e+00	1.216395e-01	6.698255e-01	2.984583e+00	8.649795e-01	1.918279e+00	-6.283651e-02	2.106116e+00	1.148135e+00	1.947984e+00	1.056307e+00	1.905118e+00	1.096961e+00	3.233744e-01	1.977825e+00	7.611185e-01	
1  89.0346	2.229465e+00	1.147963e-01	6.772667e-01	2.931383e+00	9.230435e-01	2.051002e+00	9.857427e-02	2.220304e+00	1.281237e+00	2.054523e+00	1.189115e+00	2.005994e+00	1.200079e+00	3.002791e-01	1.875354e+00	7.341464e-01	
4  90.9411	2.255987e+00	1.231437e-01	6.971913e-01	2.848808e+00	8.761942e-01	2.042538e+00	4.413427e-04	2.219874e+00	1.271438e+00	2.053999e+00	1.179986e+00	2.009907e+00	1.195306e+00	3.010800e-01	1.726719e+00	7.265801e-01	
6  91.3862	2.255987e+00	1.231437e-01	6.971913e-01	2.848808e+00	8.761942e-01	2.081258e+00	1.935673e-01	2.152727e+00	8.955009e-01	2.039458e+00	1.064618e+00	1.972165e+00	7.991299e-01	3.010800e-01	1.726719e+00	7.265801e-01	
2  93.4753	2.227353e+00	1.119862e-01	6.944315e-01	2.881725e+00	9.548727e-01	2.159279e+00	3.061054e-01	2.216910e+00	9.776651e-01	2.099899e+00	1.149658e+00	2.028522e+00	8.683713e-01	2.797471e-01	1.784502e+00	7.167076e-01	
13  90.13	2.292749e+00	1.241184e-01	6.967316e-01	2.772895e+00	9.216691e-01	2.243235e+00	5.822865e-01	2.273843e+00	1.029187e+00	2.153844e+00	1.201559e+00	2.068988e+00	8.781826e-01	3.042427e-01	1.600490e+00	7.130503e-01	
4  90.4259	2.216615e+00	1.372249e-01	6.931178e-01	2.724628e+00	8.506897e-01	2.217507e+00	8.110088e-01	2.227434e+00	1.029083e+00	2.110432e+00	1.169019e+00	2.022712e+00	8.527184e-01	3.331205e-01	1.525074e+00	7.238159e-01	
6  91.2114	2.216615e+00	1.372249e-01	6.931178e-01	2.724628e+00	8.506897e-01	2.253071e+00	1.025648e+00	2.269973e+00	1.275403e+00	2.085528e+00	1.018806e+00	2.090231e+00	1.122349e+00	3.331205e-01	1.525074e+00	7.238159e-01	
7  91.0461	2.291954e+00	1.286703e-01	6.915373e-01	2.728369e+00	9.122462e-01	2.333500e+00	1.003134e+00	2.351950e+00	1.318499e+00	2.162311e+00	1.089208e+00	2.161199e+00	1.161819e+00	3.183320e-01	1.530790e+00	7.095856e-01	
5  92.8066	2.291954e+00	1.286703e-01	6.915373e-01	2.728369e+00	9.122462e-01	2.387894e+00	1.642521e+00	2.346036e+00	1.207105e+00	2.180979e+00	1.252981e+00	2.194145e+00	1.305806e+00	3.183320e-01	1.530790e+00	7.095856e-01	
2  93.0141	2.291954e+00	1.286703e-01	6.915373e-01	2.728369e+00	9.122462e-01	2.366533e+00	1.358884e+00	2.400102e+00	1.560955e+00	2.177668e+00	1.225713e+00	2.194429e+00	1.389751e+00	3.183320e-01	1.530790e+00	7.095856e-01	
3  92.8026	2.318007e+00	1.445317e-01	7.021471e-01	2.788868e+00	8.355281e-01	2.172291e+00	1.373070e+00	2.198242e+00	1.422050e+00	1.991914e+00	1.054217e+00	2.018528e+00	1.278799e+00	3.414854e-01	1.626260e+00	7.625273e-01	
1  93.6692	2.323788e+00	1.431249e-01	6.928755e-01	2.923451e+00	8.092932e-01	1.989119e+00	1.092396e+00	2.043919e+00	1.265277e+00	1.847898e+00	8.938458e-01	1.887763e+00	1.175193e+00	3.478757e-01	1.860539e+00	8.002983e-01	
3  94.1854	2.323788e+00	1.431249e-01	6.928755e-01	2.923451e+00	8.092932e-01	1.989455e+00	9.733997e-01	2.039649e+00	1.546148e+00	1.835009e+00	8.231081e-01	1.913468e+00	1.534353e+00	3.478757e-01	1.860539e+00	8.002983e-01	
5  92.0471	2.323788e+00	1.431249e-01	6.928755e-01	2.923451e+00	8.092932e-01	1.966637e+00	8.185017e-01	2.019214e+00	1.184374e+00	1.889916e+00	1.243872e+00	1.825720e+00	9.009157e-01	3.478757e-01	1.860539e+00	8.002983e-01	
5  90.3677	2.356590e+00	1.277973e-01	6.969544e-01	3.134256e+00	9.038518e-01	1.837040e+00	6.241502e-01	1.898776e+00	1.103941e+00	1.780362e+00	1.164439e+00	1.729561e+00	8.774536e-01	3.129362e-01	2.297155e+00	8.599583e-01	
10  93.693	2.356590e+00	1.277973e-01	6.969544e-01	3.134256e+00	9.038518e-01	1.854226e+00	6.145850e-01	1.848272e+00	7.522829e-01	1.774021e+00	1.008061e+00	1.710720e+00	5.641086e-01	3.129362e-01	2.297155e+00	8.599583e-01	
1  94.1219	2.370768e+00	1.188075e-01	7.008206e-01	3.048955e+00	9.688112e-01	2.036360e+00	6.879573e-01	2.023897e+00	8.913626e-01	1.937033e+00	1.171723e+00	1.863901e+00	6.718202e-01	2.914780e-01	2.109328e+00	8.065295e-01	
2  92.8729	2.319672e+00	1.101279e-01	6.830887e-01	3.135925e+00	1.019475e+00	2.042095e+00	8.127243e-01	2.017788e+00	9.111630e-01	1.931636e+00	1.184195e+00	1.855226e+00	6.855291e-01	2.871106e-01	2.300991e+00	8.156277e-01	
6  92.1635	2.319672e+00	1.101279e-01	6.830887e-01	3.135925e+00	1.019475e+00	2.003797e+00	6.280835e-01	2.033044e+00	1.017151e+00	1.977310e+00	1.796094e+00	1.863641e+00	1.068528e+00	2.871106e-01	2.300991e+00	8.156277e-01	
2  92.1953	2.319672e+00	1.101279e-01	6.830887e-01	3.135925e+00	1.019475e+00	1.978859e+00	7.958128e-01	2.067227e+00	1.423974e+00	1.944256e+00	1.524801e+00	1.833916e+00	1.136538e+00	2.871106e-01	2.300991e+00	8.156277e-01	
8  90.8346	2.282230e+00	1.148342e-01	6.795395e-01	3.091777e+00	9.796777e-01	1.983629e+00	8.147454e-01	2.074000e+00	1.425399e+00	1.949399e+00	1.520110e+00	1.838096e+00	1.128137e+00	2.994985e-01	2.201617e+00	8.095388e-01	
1  91.4044	2.282230e+00	1.148342e-01	6.795395e-01	3.091777e+00	9.796777e-01	1.971433e+00	8.232775e-01	2.037822e+00	1.205310e+00	1.926629e+00	1.560528e+00	1.818510e+00	7.834920e-01	2.994985e-01	2.201617e+00	8.095388e-01	
13  91.1807	2.282230e+00	1.148342e-01	6.795395e-01	3.091777e+00	9.796777e-01	1.881088e+00	2.580517e-01	2.071755e+00	1.339185e+00	1.932753e+00	1.315273e+00	1.789591e+00	3.997718e-01	2.994985e-01	2.201617e+00	8.095388e-01	
8  90.477	2.282230e+00	1.148342e-01	6.795395e-01	3.091777e+00	9.796777e-01	1.911174e+00	2.949458e-01	2.135517e+00	1.378379e+00	1.917978e+00	1.146311e+00	1.882033e+00	1.169070e+00	2.994985e-01	2.201617e+00	8.095388e-01	
12  90.5913	2.286942e+00	1.115204e-01	6.710092e-01	3.169259e+00	9.897648e-01	1.848818e+00	2.286352e-01	2.079902e+00	1.325213e+00	1.866373e+00	1.092867e+00	1.833585e+00	1.134083e+00	2.999065e-01	2.378984e+00	8.259725e-01	
5  91.5165	2.341294e+00	1.105010e-01	6.861181e-01	3.204498e+00	1.011766e+00	1.806472e+00	1.454257e-01	2.039093e+00	1.298180e+00	1.830040e+00	1.068527e+00	1.802976e+00	1.128438e+00	2.858328e-01	2.464311e+00	8.428342e-01	
6  91.0753	2.341294e+00	1.105010e-01	6.861181e-01	3.204498e+00	1.011766e+00	1.821948e+00	1.709688e-01	2.028761e+00	1.298204e+00	1.849290e+00	1.101509e+00	1.830639e+00	1.382384e+00	2.858328e-01	2.464311e+00	8.428342e-01	
2  91.3378	2.293489e+00	1.153546e-01	6.930858e-01	3.154817e+00	1.003755e+00	1.862797e+00	3.765436e-01	2.046828e+00	1.357997e+00	1.866746e+00	1.142656e+00	1.844729e+00	1.416976e+00	2.892234e-01	2.344875e+00	8.486660e-01	
1  92.9429	2.330068e+00	1.182753e-01	6.963063e-01	2.883803e+00	9.903765e-01	2.155698e+00	4.958763e-01	2.337662e+00	1.547079e+00	2.134648e+00	1.370558e+00	2.092477e+00	1.536914e+00	2.933326e-01	1.788216e+00	7.480529e-01	
2  91.0749	2.263644e+00	1.150338e-01	6.873861e-01	2.995737e+00	9.874748e-01	2.037086e+00	4.102870e-01	2.227279e+00	1.471705e+00	2.031761e+00	1.277133e+00	1.998759e+00	1.489098e+00	2.927291e-01	2.000009e+00	7.779014e-01	
10  89.4777	2.263644e+00	1.150338e-01	6.873861e-01	2.995737e+00	9.874748e-01	2.051579e+00	6.153236e-01	2.175497e+00	1.290286e+00	1.996164e+00	1.187551e+00	2.017275e+00	1.758276e+00	2.927291e-01	2.000009e+00	7.779014e-01	
1  90.6783	2.252460e+00	1.263462e-01	6.907033e-01	2.857654e+00	9.483808e-01	2.161636e+00	9.174784e-01	2.257377e+00	1.380948e+00	2.072383e+00	1.268727e+00	2.081147e+00	1.797737e+00	3.134019e-01	1.742062e+00	7.610355e-01	
4  91.5292	2.259968e+00	1.317803e-01	6.783910e-01	2.806846e+00	8.871738e-01	2.156834e+00	8.182776e-01	2.271165e+00	1.341162e+00	2.082975e+00	1.239158e+00	2.089516e+00	1.755429e+00	3.368519e-01	1.655761e+00	7.404415e-01	
5  91.2466	2.259968e+00	1.317803e-01	6.783910e-01	2.806846e+00	8.871738e-01	2.189686e+00	9.948013e-01	2.245473e+00	1.570857e+00	2.070422e+00	1.243079e+00	2.049877e+00	1.565720e+00	3.368519e-01	1.655761e+00	7.404415e-01	
3  90.2303	2.277743e+00	1.278665e-01	6.772911e-01	2.912145e+00	9.068952e-01	2.092916e+00	8.857438e-01	2.156051e+00	1.498850e+00	1.988180e+00	1.168168e+00	1.974930e+00	1.524844e+00	3.298024e-01	1.839621e+00	7.706017e-01	
1  89.9127	2.283294e+00	1.177173e-01	6.784713e-01	2.994262e+00	9.761604e-01	2.089378e+00	8.725430e-01	2.148895e+00	1.511686e+00	1.982796e+00	1.184024e+00	1.971883e+00	1.550516e+00	3.067287e-01	1.997063e+00	7.821559e-01	
2  90.8862	2.198728e+00	1.139838e-01	6.693309e-01	3.044822e+00	9.953086e-01	2.078864e+00	9.911793e-01	2.126505e+00	1.531150e+00	1.961986e+00	1.184973e+00	1.951180e+00	1.563202e+00	3.049421e-01	2.100629e+00	7.942720e-01	
9  90.2688	2.198728e+00	1.139838e-01	6.693309e-01	3.044822e+00	9.953086e-01	2.040294e+00	6.642189e-01	2.059791e+00	9.788813e-01	1.989550e+00	1.120113e+00	1.981259e+00	1.614233e+00	3.049421e-01	2.100629e+00	7.942720e-01	
8  89.2161	2.203906e+00	1.181491e-01	6.764431e-01	2.931855e+00	9.322774e-01	2.063678e+00	3.876452e-01	2.117692e+00	9.651797e-01	2.040525e+00	1.125829e+00	2.036269e+00	1.608151e+00	3.077795e-01	1.876241e+00	7.518761e-01	
7  89.4218	2.203906e+00	1.181491e-01	6.764431e-01	2.931855e+00	9.322774e-01	2.020619e+00	1.041338e-01	2.126353e+00	1.039380e+00	2.056648e+00	1.314481e+00	1.991220e+00	1.174472e+00	3.077795e-01	1.876241e+00	7.518761e-01	
11  89.95	2.197908e+00	1.236751e-01	6.653577e-01	2.986570e+00	9.026105e-01	1.940262e+00	1.959291e-01	2.037478e+00	9.768421e-01	1.974497e+00	1.235725e+00	1.908805e+00	1.114873e+00	3.304676e-01	1.981759e+00	7.841676e-01	
2  89.7177	2.183032e+00	1.351220e-01	6.887091e-01	2.874896e+00	8.512929e-01	1.958568e+00	2.541323e-01	2.046786e+00	1.009495e+00	1.983466e+00	1.254242e+00	1.919743e+00	1.134163e+00	3.322576e-01	1.772358e+00	7.742679e-01	
2  90.1047	2.190636e+00	1.203890e-01	6.801798e-01	2.872505e+00	9.005676e-01	2.036125e+00	-7.337928e-03	2.156316e+00	1.041371e+00	2.083069e+00	1.322404e+00	2.019559e+00	1.177144e+00	3.089618e-01	1.768125e+00	7.316646e-01	
14  89.9479	2.190636e+00	1.203890e-01	6.801798e-01	2.872505e+00	9.005676e-01	2.033013e+00	2.432316e-02	2.185118e+00	1.190473e+00	2.067374e+00	1.021771e+00	2.050888e+00	1.730964e+00	3.089618e-01	1.768125e+00	7.316646e-01	
7  91.0249	2.190636e+00	1.203890e-01	6.801798e-01	2.872505e+00	9.005676e-01	2.047196e+00	-3.878762e-02	2.156932e+00	9.296087e-01	2.020423e+00	9.681394e-01	2.054190e+00	1.931748e+00	3.089618e-01	1.768125e+00	7.316646e-01	
2  91.0369	2.200766e+00	1.265934e-01	6.755959e-01	2.756644e+00	8.817906e-01	2.171385e+00	1.960582e-01	2.261894e+00	1.015256e+00	2.117628e+00	1.058035e+00	2.137641e+00	1.971034e+00	3.269839e-01	1.574690e+00	7.058725e-01	
3  90.4405	2.211624e+00	1.317478e-01	6.841416e-01	2.887822e+00	8.752098e-01	1.995573e+00	2.349767e-01	2.072459e+00	9.085687e-01	1.944340e+00	9.205136e-01	1.974684e+00	1.897117e+00	3.301106e-01	1.795417e+00	7.717366e-01	
1  89.9265	2.211624e+00	1.317478e-01	6.841416e-01	2.887822e+00	8.752098e-01	2.045925e+00	6.100548e-01	2.071239e+00	6.278313e-01	1.920518e+00	8.441723e-01	1.926043e+00	9.625973e-01	3.301106e-01	1.795417e+00	7.717366e-01	
1  90.5877	2.211624e+00	1.317478e-01	6.841416e-01	2.887822e+00	8.752098e-01	2.075979e+00	8.516856e-01	2.135004e+00	1.389405e+00	1.914638e+00	6.748678e-01	1.856332e+00	6.491780e-01	3.301106e-01	1.795417e+00	7.717366e-01	
13  90.637	2.211624e+00	1.317478e-01	6.841416e-01	2.887822e+00	8.752098e-01	1.973521e+00	1.637604e-01	2.140507e+00	1.573542e+00	1.967821e+00	9.295528e-01	1.837000e+00	6.500152e-01	3.301106e-01	1.795417e+00	7.717366e-01	
16  90.1049	2.211624e+00	1.317478e-01	6.841416e-01	2.887822e+00	8.752098e-01	1.974453e+00	3.249958e-01	2.079734e+00	8.191945e-01	1.882466e+00	6.512331e-01	1.926510e+00	1.003932e+00	3.301106e-01	1.795417e+00	7.717366e-01	
25  89.0553	2.211624e+00	1.317478e-01	6.841416e-01	2.887822e+00	8.752098e-01	1.975839e+00	3.318747e-01	2.110867e+00	1.170062e+00	1.921255e+00	7.933984e-01	1.970463e+00	1.143178e+00	3.301106e-01	1.795417e+00	7.717366e-01	
4  89.544	2.211624e+00	1.317478e-01	6.841416e-01	2.887822e+00	8.752098e-01	2.019244e+00	4.454565e-01	2.134728e+00	1.335465e+00	1.889920e+00	7.094837e-01	1.972474e+00	1.575670e+00	3.301106e-01	1.795417e+00	7.717366e-01	
13  89.248	2.203913e+00	1.157705e-01	6.691220e-01	3.028565e+00	9.479254e-01	1.978332e+00	2.888331e-01	2.109494e+00	1.300917e+00	1.866328e+00	6.869772e-01	1.953476e+00	1.570603e+00	3.092389e-01	2.066755e+00	7.816076e-01	
13  89.219	2.231593e+00	1.217737e-01	6.789403e-01	3.017542e+00	9.343372e-01	1.956253e+00	3.646609e-01	2.075771e+00	1.291805e+00	1.836281e+00	6.690617e-01	1.923722e+00	1.559840e+00	3.139835e-01	2.044098e+00	7.994203e-01	
12  90.9846	2.177460e+00	1.202821e-01	6.709815e-01	2.853728e+00	9.484074e-01	2.188846e+00	6.242439e-01	2.290029e+00	1.471081e+00	2.033736e+00	8.598005e-01	2.103528e+00	1.672489e+00	3.169607e-01	1.735236e+00	7.359465e-01	
1  90.9169	2.241436e+00	1.159511e-01	6.706343e-01	3.119256e+00	9.904976e-01	1.934427e+00	5.074935e-01	2.035373e+00	1.289864e+00	1.800612e+00	6.600000e-01	1.885656e+00	1.559249e+00	3.090816e-01	2.262953e+00	8.295573e-01	
3  91.1502	2.252340e+00	1.329097e-01	6.871100e-01	2.918657e+00	9.143407e-01	2.038464e+00	7.033796e-01	2.121605e+00	1.368084e+00	1.880456e+00	7.325717e-01	1.956618e+00	1.591975e+00	3.305880e-01	1.851641e+00	7.980023e-01	
9  91.1312	2.298779e+00	1.375257e-01	6.874081e-01	2.989226e+00	8.520984e-01	1.859654e+00	3.451408e-01	1.979966e+00	1.199148e+00	1.747893e+00	5.674948e-01	1.838109e+00	1.477665e+00	3.410528e-01	1.987029e+00	8.212063e-01	
27  91.1724	2.270906e+00	1.118762e-01	6.738493e-01	3.177149e+00	9.848257e-01	1.843125e+00	1.789862e-01	1.976959e+00	1.200858e+00	1.745527e+00	5.839610e-01	1.841870e+00	1.513882e+00	2.978143e-01	2.397830e+00	8.313359e-01	
2  91.1056	2.320719e+00	1.143644e-01	6.853675e-01	3.077987e+00	1.003429e+00	1.966192e+00	3.433396e-01	2.081376e+00	1.295771e+00	1.843595e+00	6.889943e-01	1.930526e+00	1.576802e+00	2.942459e-01	2.171465e+00	8.080897e-01	
8  92.5934	2.306558e+00	1.106728e-01	6.714155e-01	3.001295e+00	1.013929e+00	2.097654e+00	4.152852e-01	2.213364e+00	1.377857e+00	1.964535e+00	7.890199e-01	2.040432e+00	1.626407e+00	2.980987e-01	2.011156e+00	7.612990e-01	
2  93.4367	2.306558e+00	1.106728e-01	6.714155e-01	3.001295e+00	1.013929e+00	2.035411e+00	8.332266e-02	2.198302e+00	1.077569e+00	1.993464e+00	9.448129e-01	2.052929e+00	1.245931e+00	2.980987e-01	2.011156e+00	7.612990e-01	
2  92.7054	2.316059e+00	1.235172e-01	6.788037e-01	3.025013e+00	9.681575e-01	1.937050e+00	2.569730e-01	2.077065e+00	1.020824e+00	1.882799e+00	8.580663e-01	1.944203e+00	1.189716e+00	3.197269e-01	2.059428e+00	8.145776e-01	
8  92.1657	2.308892e+00	1.369604e-01	6.996469e-01	2.947045e+00	9.101650e-01	1.912697e+00	3.470811e-01	2.039451e+00	1.021822e+00	1.848714e+00	8.381523e-01	1.912815e+00	1.182276e+00	3.282771e-01	1.904958e+00	8.228898e-01	
4  91.3407	2.308892e+00	1.369604e-01	6.996469e-01	2.947045e+00	9.101650e-01	2.011228e+00	1.015709e+00	2.054212e+00	1.228931e+00	1.856454e+00	1.008413e+00	1.878670e+00	1.255519e+00	3.282771e-01	1.904958e+00	8.228898e-01	
4  90.3244	2.292756e+00	1.120242e-01	6.726576e-01	3.105352e+00	9.699296e-01	1.941596e+00	4.313655e-01	2.052085e+00	1.131231e+00	1.850876e+00	9.520909e-01	1.885605e+00	1.222039e+00	2.996805e-01	2.231708e+00	7.965746e-01	
4  91.3085	2.292756e+00	1.120242e-01	6.726576e-01	3.105352e+00	9.699296e-01	1.979944e+00	7.172937e-01	2.114188e+00	1.535218e+00	1.873361e+00	9.765781e-01	1.890212e+00	8.627056e-01	2.996805e-01	2.231708e+00	7.965746e-01	
6  93.0452	2.292756e+00	1.120242e-01	6.726576e-01	3.105352e+00	9.699296e-01	2.030743e+00	8.758622e-01	2.050070e+00	1.069092e+00	1.938616e+00	1.525507e+00	1.941157e+00	9.320885e-01	2.996805e-01	2.231708e+00	7.965746e-01	
2  95.2282	2.336800e+00	1.363322e-01	6.832938e-01	2.918788e+00	8.550988e-01	2.077413e+00	1.114433e+00	2.075708e+00	1.088982e+00	1.962465e+00	1.533995e+00	1.954879e+00	9.085767e-01	3.434303e-01	1.851884e+00	7.863373e-01	
2  93.5221	2.316563e+00	1.235673e-01	6.932560e-01	3.107936e+00	9.225510e-01	1.924573e+00	8.728403e-01	1.937030e+00	1.004140e+00	1.835237e+00	1.439155e+00	1.846006e+00	8.845343e-01	3.066498e-01	2.237480e+00	8.385445e-01	
3  93.0986	2.316563e+00	1.235673e-01	6.932560e-01	3.107936e+00	9.225510e-01	1.857490e+00	3.130172e-01	1.915811e+00	1.340085e+00	1.844171e+00	1.421084e+00	1.804476e+00	1.099317e+00	3.066498e-01	2.237480e+00	8.385445e-01	
6  92.8304	2.316563e+00	1.235673e-01	6.932560e-01	3.107936e+00	9.225510e-01	1.854008e+00	3.501064e-01	1.977146e+00	1.843936e+00	1.842170e+00	1.391786e+00	1.831794e+00	1.673318e+00	3.066498e-01	2.237480e+00	8.385445e-01	
3  92.5237	2.317257e+00	1.174445e-01	6.982321e-01	2.873906e+00	9.230285e-01	2.110963e+00	1.641794e-01	2.264185e+00	2.002291e+00	2.104894e+00	1.600030e+00	2.084894e+00	1.794855e+00	2.897499e-01	1.770604e+00	7.231756e-01	
12  92.0642	2.317257e+00	1.174445e-01	6.982321e-01	2.873906e+00	9.230285e-01	2.088379e+00	1.379599e-01	2.243830e+00	1.891763e+00	2.095246e+00	1.390071e+00	2.089038e+00	2.006964e+00	2.897499e-01	1.770604e+00	7.231756e-01	
11  90.5255	2.334949e+00	1.189664e-01	6.909135e-01	3.012740e+00	9.361074e-01	1.962257e+00	2.593229e-01	2.099871e+00	1.809363e+00	1.963799e+00	1.285955e+00	1.960281e+00	1.942111e+00	2.994795e-01	2.034307e+00	7.827316e-01	
2  90.5773	2.306136e+00	1.233970e-01	6.949900e-01	2.903155e+00	8.968937e-01	2.028209e+00	2.399563e-01	2.172375e+00	1.853555e+00	2.029520e+00	1.334308e+00	2.023665e+00	1.968343e+00	3.045529e-01	1.823157e+00	7.499594e-01	
10  91.9795	2.311802e+00	1.161172e-01	6.777516e-01	3.140439e+00	9.224954e-01	1.814954e+00	7.693289e-02	1.972202e+00	1.689673e+00	1.844543e+00	1.158551e+00	1.850888e+00	1.861749e+00	3.045176e-01	2.311402e+00	8.155513e-01	
13  93.3517	2.305149e+00	1.049902e-01	6.744384e-01	3.120895e+00	1.041541e+00	2.018917e+00	5.018848e-01	2.129178e+00	1.879276e+00	1.992725e+00	1.352090e+00	1.981478e+00	1.995806e+00	2.829086e-01	2.266666e+00	7.890368e-01	
6  92.5912	2.349054e+00	1.104200e-01	6.819489e-01	3.135790e+00	1.029160e+00	1.971326e+00	5.410817e-01	2.073519e+00	1.844427e+00	1.942405e+00	1.310578e+00	1.932537e+00	1.967441e+00	2.893311e-01	2.300681e+00	8.177478e-01	
16  93.7605	2.349054e+00	1.104200e-01	6.819489e-01	3.135790e+00	1.029160e+00	1.951170e+00	4.186151e-01	2.122863e+00	1.980595e+00	1.898475e+00	8.716948e-01	1.941955e+00	2.010836e+00	2.893311e-01	2.300681e+00	8.177478e-01	
3  94.4004	2.349054e+00	1.104200e-01	6.819489e-01	3.135790e+00	1.029160e+00	1.899155e+00	2.783941e-01	2.144103e+00	1.412737e+00	1.898790e+00	9.986592e-01	1.985475e+00	1.863225e+00	2.893311e-01	2.300681e+00	8.177478e-01	
# After 109 accepted steps: update proposal 
2  97.9136	2.357004e+00	1.002748e-01	6.799997e-01	3.255670e+00	1.095560e+00	1.853002e+00	2.419629e-01	2.096313e+00	1.391613e+00	1.855804e+00	9.773210e-01	1.946876e+00	1.864485e+00	2.692237e-01	2.593700e+00	8.323332e-01	
3  98.4686	2.430805e+00	1.143469e-01	7.042372e-01	2.936588e+00	1.032347e+00	2.125991e+00	5.658565e-01	2.328774e+00	1.665890e+00	2.059234e+00	1.219024e+00	2.162746e+00	2.047149e+00	2.808732e-01	1.885141e+00	7.593306e-01	
3  95.5437	2.430805e+00	1.143469e-01	7.042372e-01	2.936588e+00	1.032347e+00	2.118425e+00	5.175521e-01	2.307493e+00	1.388418e+00	2.080411e+00	1.398602e+00	2.095696e+00	1.742646e+00	2.808732e-01	1.885141e+00	7.593306e-01	
2  95.26	2.430805e+00	1.143469e-01	7.042372e-01	2.936588e+00	1.032347e+00	2.085798e+00	3.632536e-01	2.264763e+00	1.093861e+00	2.101828e+00	1.453146e+00	2.095426e+00	1.573462e+00	2.808732e-01	1.885141e+00	7.593306e-01	
7  94.9254	2.430805e+00	1.143469e-01	7.042372e-01	2.936588e+00	1.032347e+00	2.123001e+00	4.320754e-01	2.320734e+00	1.565707e+00	2.066161e+00	1.184037e+00	2.049364e+00	1.239216e+00	2.808732e-01	1.885141e+00	7.593306e-01	
8  94.1512	2.275164e+00	1.141505e-01	6.869265e-01	2.966212e+00	1.023542e+00	2.086581e+00	4.115703e-01	2.292148e+00	1.471491e+00	2.044754e+00	1.150519e+00	1.995340e+00	8.682013e-01	2.914932e-01	1.941823e+00	7.724478e-01	
1  94.9404	2.275164e+00	1.141505e-01	6.869265e-01	2.966212e+00	1.023542e+00	2.067878e+00	3.603676e-01	2.280073e+00	1.796766e+00	1.980779e+00	6.516070e-01	2.062263e+00	1.529826e+00	2.914932e-01	1.941823e+00	7.724478e-01	
1  94.6627	2.323905e+00	1.325335e-01	7.002822e-01	2.811013e+00	9.337501e-01	2.108528e+00	5.708013e-01	2.292522e+00	1.761719e+00	1.996669e+00	6.101778e-01	2.055935e+00	1.356242e+00	3.189605e-01	1.662676e+00	7.598252e-01	
4  93.4899	2.331159e+00	1.229544e-01	6.927438e-01	2.904032e+00	9.654705e-01	2.053075e+00	3.371066e-01	2.269862e+00	1.762382e+00	1.967552e+00	5.817628e-01	2.050765e+00	1.525984e+00	3.061304e-01	1.824757e+00	7.664426e-01	
3  95.2712	2.331159e+00	1.229544e-01	6.927438e-01	2.904032e+00	9.654705e-01	2.068103e+00	4.280402e-01	2.243129e+00	1.357134e+00	1.942560e+00	3.771715e-01	2.015681e+00	1.317080e+00	3.061304e-01	1.824757e+00	7.664426e-01	
1  94.9219	2.331159e+00	1.229544e-01	6.927438e-01	2.904032e+00	9.654705e-01	2.089508e+00	7.382438e-01	2.197434e+00	9.458929e-01	1.994195e+00	6.339381e-01	1.986795e+00	1.297432e+00	3.061304e-01	1.824757e+00	7.664426e-01	
2  97.1546	2.331159e+00	1.229544e-01	6.927438e-01	2.904032e+00	9.654705e-01	2.093976e+00	6.581173e-01	2.208313e+00	6.590975e-01	2.010018e+00	8.754265e-01	1.972832e+00	8.352042e-01	3.061304e-01	1.824757e+00	7.664426e-01	
2  95.3349	2.331159e+00	1.229544e-01	6.927438e-01	2.904032e+00	9.654705e-01	2.138910e+00	1.044223e+00	2.208241e+00	7.930395e-01	2.037032e+00	1.185432e+00	1.986537e+00	7.376448e-01	3.061304e-01	1.824757e+00	7.664426e-01	
5  94.1253	2.442975e+00	1.212765e-01	7.020724e-01	2.949761e+00	9.859775e-01	2.107673e+00	1.040314e+00	2.171650e+00	7.936588e-01	2.005117e+00	1.156258e+00	1.971611e+00	9.566623e-01	2.969136e-01	1.910139e+00	7.790104e-01	
1  94.4083	2.442975e+00	1.212765e-01	7.020724e-01	2.949761e+00	9.859775e-01	2.077703e+00	8.269962e-01	2.191770e+00	1.275773e+00	1.936038e+00	5.462326e-01	1.971945e+00	7.653428e-01	2.969136e-01	1.910139e+00	7.790104e-01	
3  91.7604	2.442975e+00	1.212765e-01	7.020724e-01	2.949761e+00	9.859775e-01	2.076189e+00	7.611490e-01	2.167412e+00	1.048317e+00	1.965201e+00	1.030274e+00	1.971761e+00	8.288472e-01	2.969136e-01	1.910139e+00	7.790104e-01	
3  91.2446	2.442975e+00	1.212765e-01	7.020724e-01	2.949761e+00	9.859775e-01	2.042003e+00	4.500167e-01	2.167152e+00	9.066933e-01	1.985137e+00	9.794568e-01	2.020804e+00	1.136164e+00	2.969136e-01	1.910139e+00	7.790104e-01	
21  90.7047	2.442975e+00	1.212765e-01	7.020724e-01	2.949761e+00	9.859775e-01	2.053210e+00	4.427512e-01	2.173824e+00	1.080791e+00	2.021639e+00	1.218280e+00	1.997572e+00	8.802314e-01	2.969136e-01	1.910139e+00	7.790104e-01	
9  93.2003	2.442975e+00	1.212765e-01	7.020724e-01	2.949761e+00	9.859775e-01	2.086094e+00	6.278478e-01	2.207447e+00	1.476597e+00	1.983655e+00	8.278973e-01	1.989388e+00	6.907720e-01	2.969136e-01	1.910139e+00	7.790104e-01	
5  90.6968	2.458366e+00	1.191516e-01	6.938852e-01	3.025339e+00	9.495434e-01	1.948052e+00	2.161683e-01	2.130530e+00	1.381049e+00	1.897347e+00	6.523035e-01	1.929313e+00	7.810347e-01	2.998678e-01	2.060099e+00	7.854960e-01	
27  89.7596	2.458366e+00	1.191516e-01	6.938852e-01	3.025339e+00	9.495434e-01	1.975384e+00	3.851458e-01	2.091509e+00	1.221971e+00	1.869552e+00	6.360313e-01	1.997658e+00	1.236514e+00	2.998678e-01	2.060099e+00	7.854960e-01	
13  89.2716	2.458366e+00	1.191516e-01	6.938852e-01	3.025339e+00	9.495434e-01	1.970601e+00	2.789776e-01	2.126207e+00	1.377968e+00	1.875320e+00	6.419085e-01	1.964622e+00	1.342368e+00	2.998678e-01	2.060099e+00	7.854960e-01	
22  88.8214	2.458366e+00	1.191516e-01	6.938852e-01	3.025339e+00	9.495434e-01	1.976606e+00	3.726420e-01	2.135980e+00	1.486232e+00	1.893653e+00	7.298871e-01	1.959331e+00	1.361774e+00	2.998678e-01	2.060099e+00	7.854960e-01	
4  89.1514	2.458366e+00	1.191516e-01	6.938852e-01	3.025339e+00	9.495434e-01	1.997672e+00	4.655296e-01	2.068461e+00	1.360475e+00	1.896278e+00	8.079642e-01	1.936087e+00	1.143010e+00	2.998678e-01	2.060099e+00	7.854960e-01	
5  89.9321	2.458366e+00	1.191516e-01	6.938852e-01	3.025339e+00	9.495434e-01	1.999685e+00	3.856461e-01	2.093434e+00	1.411973e+00	1.939151e+00	9.458640e-01	1.952109e+00	1.653249e+00	2.998678e-01	2.060099e+00	7.854960e-01	
2  90.2139	2.283950e+00	1.116665e-01	6.822331e-01	3.097574e+00	1.019279e+00	2.016965e+00	5.722316e-01	2.083639e+00	1.392488e+00	1.946815e+00	1.031852e+00	1.921837e+00	1.333869e+00	2.903694e-01	2.214416e+00	8.097056e-01	
1  91.5637	2.311907e+00	1.254228e-01	7.057165e-01	3.050915e+00	9.606153e-01	1.938085e+00	6.327860e-01	1.992492e+00	1.310237e+00	1.868465e+00	8.778725e-01	1.837612e+00	1.235048e+00	2.995489e-01	2.113467e+00	8.385785e-01	
1  89.9497	2.345275e+00	1.124728e-01	6.829783e-01	3.116587e+00	9.934720e-01	1.957840e+00	3.882589e-01	2.050779e+00	1.358199e+00	1.908092e+00	9.438059e-01	1.902207e+00	1.461347e+00	2.927793e-01	2.256922e+00	8.094391e-01	
3  90.9199	2.345275e+00	1.124728e-01	6.829783e-01	3.116587e+00	9.934720e-01	1.999246e+00	7.057194e-01	2.073381e+00	1.397044e+00	1.906603e+00	8.394440e-01	1.858821e+00	1.151284e+00	2.927793e-01	2.256922e+00	8.094391e-01	
1  93.282	2.345275e+00	1.124728e-01	6.829783e-01	3.116587e+00	9.934720e-01	1.993535e+00	5.346962e-01	2.083202e+00	1.587830e+00	1.904111e+00	7.375208e-01	1.826056e+00	7.985147e-01	2.927793e-01	2.256922e+00	8.094391e-01	
1  91.8883	2.345275e+00	1.124728e-01	6.829783e-01	3.116587e+00	9.934720e-01	1.975232e+00	6.944951e-01	2.013973e+00	1.210402e+00	1.918330e+00	8.928253e-01	1.800231e+00	6.987461e-01	2.927793e-01	2.256922e+00	8.094391e-01	
1  90.2702	2.345275e+00	1.124728e-01	6.829783e-01	3.116587e+00	9.934720e-01	1.956688e+00	4.327025e-01	2.041283e+00	1.547843e+00	1.932105e+00	1.257945e+00	1.836895e+00	9.491826e-01	2.927793e-01	2.256922e+00	8.094391e-01	
6  91.3641	2.345275e+00	1.124728e-01	6.829783e-01	3.116587e+00	9.934720e-01	1.928196e+00	3.107858e-01	2.039511e+00	1.648050e+00	1.949536e+00	1.202022e+00	1.831510e+00	9.653840e-01	2.927793e-01	2.256922e+00	8.094391e-01	
4  91.7967	2.283185e+00	1.071174e-01	6.662625e-01	3.043666e+00	9.986234e-01	2.057919e+00	2.817017e-01	2.181646e+00	1.772309e+00	2.068918e+00	1.368894e+00	1.954645e+00	9.840847e-01	2.941916e-01	2.098203e+00	7.567739e-01	
7  93.5766	2.283185e+00	1.071174e-01	6.662625e-01	3.043666e+00	9.986234e-01	2.049978e+00	4.382375e-01	2.177870e+00	2.199490e+00	2.020194e+00	1.044930e+00	1.950035e+00	8.899936e-01	2.941916e-01	2.098203e+00	7.567739e-01	
10  92.0718	2.286474e+00	1.085380e-01	6.745092e-01	3.137213e+00	9.646960e-01	1.854301e+00	7.864062e-02	2.031210e+00	2.071457e+00	1.876521e+00	7.959660e-01	1.831155e+00	9.440217e-01	2.902368e-01	2.303957e+00	7.919947e-01	
6  92.6348	2.286474e+00	1.085380e-01	6.745092e-01	3.137213e+00	9.646960e-01	1.881041e+00	1.601412e-01	2.041706e+00	2.144408e+00	1.873702e+00	7.401047e-01	1.809778e+00	8.721540e-01	2.902368e-01	2.303957e+00	7.919947e-01	
4  91.8464	2.286474e+00	1.085380e-01	6.745092e-01	3.137213e+00	9.646960e-01	1.907900e+00	1.599710e-01	2.035901e+00	1.960715e+00	1.904834e+00	9.296940e-01	1.861209e+00	1.031395e+00	2.902368e-01	2.303957e+00	7.919947e-01	
2  92.0845	2.286474e+00	1.085380e-01	6.745092e-01	3.137213e+00	9.646960e-01	1.956124e+00	5.040752e-01	2.047945e+00	1.748031e+00	1.903839e+00	9.393863e-01	1.919309e+00	1.448427e+00	2.902368e-01	2.303957e+00	7.919947e-01	
2  92.8019	2.286474e+00	1.085380e-01	6.745092e-01	3.137213e+00	9.646960e-01	1.943009e+00	4.250422e-01	2.019716e+00	1.842129e+00	1.913476e+00	1.257319e+00	1.914238e+00	1.499844e+00	2.902368e-01	2.303957e+00	7.919947e-01	
8  94.9889	2.303183e+00	1.045626e-01	6.748860e-01	3.229204e+00	1.007756e+00	1.893927e+00	4.919046e-01	1.955525e+00	1.788538e+00	1.865436e+00	1.232591e+00	1.857993e+00	1.489710e+00	2.815514e-01	2.525955e+00	8.205243e-01	
1  93.9188	2.303183e+00	1.045626e-01	6.748860e-01	3.229204e+00	1.007756e+00	1.917985e+00	5.800376e-01	1.991020e+00	1.960683e+00	1.854827e+00	1.173081e+00	1.862023e+00	1.486540e+00	2.815514e-01	2.525955e+00	8.205243e-01	
13  94.007	2.303183e+00	1.045626e-01	6.748860e-01	3.229204e+00	1.007756e+00	1.887909e+00	3.446960e-01	2.020206e+00	2.074550e+00	1.827644e+00	8.413735e-01	1.845059e+00	1.868267e+00	2.815514e-01	2.525955e+00	8.205243e-01	
17  93.152	2.303183e+00	1.045626e-01	6.748860e-01	3.229204e+00	1.007756e+00	1.869061e+00	2.759429e-01	2.007189e+00	1.749225e+00	1.870154e+00	9.613822e-01	1.810565e+00	1.605889e+00	2.815514e-01	2.525955e+00	8.205243e-01	
2  92.4985	2.348492e+00	1.081869e-01	6.804451e-01	3.109424e+00	9.766057e-01	1.969311e+00	2.880227e-01	2.109511e+00	1.866540e+00	1.953199e+00	1.047397e+00	1.910597e+00	1.759225e+00	2.857761e-01	2.240814e+00	7.801361e-01	
1  96.6446	2.301775e+00	9.853192e-02	6.779515e-01	3.334293e+00	1.031773e+00	1.761046e+00	5.880812e-02	1.926785e+00	1.708707e+00	1.792188e+00	8.605827e-01	1.754200e+00	1.727188e+00	2.658594e-01	2.805854e+00	8.383325e-01	
14  94.777	2.282107e+00	1.170448e-01	6.901938e-01	3.127475e+00	1.006810e+00	1.968052e+00	8.458130e-01	2.020730e+00	1.743750e+00	1.910050e+00	1.052984e+00	1.795876e+00	1.278802e+00	2.949612e-01	2.281630e+00	8.461748e-01	
3  94.0591	2.245852e+00	1.201043e-01	6.947657e-01	3.042476e+00	9.832125e-01	2.024955e+00	8.484740e-01	2.080959e+00	1.815687e+00	1.958678e+00	1.099557e+00	1.850024e+00	1.278187e+00	2.966793e-01	2.095708e+00	8.207766e-01	
1  94.2977	2.245852e+00	1.201043e-01	6.947657e-01	3.042476e+00	9.832125e-01	2.051060e+00	1.085854e+00	2.060134e+00	1.682069e+00	1.974813e+00	1.424072e+00	1.787494e+00	4.603676e-01	2.966793e-01	2.095708e+00	8.207766e-01	
3  95.0568	2.245852e+00	1.201043e-01	6.947657e-01	3.042476e+00	9.832125e-01	2.069545e+00	1.466800e+00	2.059623e+00	1.609253e+00	1.982246e+00	1.248038e+00	1.776241e+00	6.175002e-01	2.966793e-01	2.095708e+00	8.207766e-01	
2  98.5397	2.245852e+00	1.201043e-01	6.947657e-01	3.042476e+00	9.832125e-01	2.115371e+00	1.718831e+00	1.990965e+00	8.230046e-01	1.979390e+00	1.161211e+00	1.768017e+00	7.513861e-01	2.966793e-01	2.095708e+00	8.207766e-01	
1  99.4782	2.258464e+00	1.325003e-01	7.027231e-01	2.986742e+00	9.172492e-01	2.069621e+00	1.769995e+00	1.938336e+00	7.300072e-01	1.934710e+00	1.047785e+00	1.706970e+00	5.747902e-01	3.153562e-01	1.982100e+00	8.288563e-01	
1  98.2641	2.268011e+00	1.400399e-01	7.052408e-01	2.876158e+00	8.615976e-01	2.121498e+00	1.771733e+00	1.994699e+00	7.649173e-01	1.978891e+00	1.060700e+00	1.752750e+00	5.549733e-01	3.284595e-01	1.774595e+00	7.935004e-01	
3  97.2939	2.073564e+00	1.116238e-01	6.715458e-01	3.037510e+00	1.019707e+00	2.204976e+00	1.750902e+00	2.083368e+00	8.829134e-01	2.063836e+00	1.313786e+00	1.831528e+00	5.319056e-01	2.949254e-01	2.085326e+00	7.967090e-01	
3  97.7564	2.073564e+00	1.116238e-01	6.715458e-01	3.037510e+00	1.019707e+00	2.206898e+00	1.585727e+00	2.140443e+00	1.212697e+00	2.075162e+00	1.360215e+00	1.892043e+00	1.098303e+00	2.949254e-01	2.085326e+00	7.967090e-01	
14  96.1774	2.073564e+00	1.116238e-01	6.715458e-01	3.037510e+00	1.019707e+00	2.193679e+00	1.593837e+00	2.137352e+00	1.048874e+00	2.074927e+00	1.336207e+00	1.894760e+00	9.256255e-01	2.949254e-01	2.085326e+00	7.967090e-01	
7  95.4093	2.073564e+00	1.116238e-01	6.715458e-01	3.037510e+00	1.019707e+00	2.204332e+00	1.664342e+00	2.135682e+00	9.435893e-01	2.034460e+00	1.175915e+00	1.906713e+00	8.519885e-01	2.949254e-01	2.085326e+00	7.967090e-01	
2  93.3538	2.155441e+00	1.143823e-01	6.726319e-01	2.985336e+00	9.423153e-01	2.155982e+00	1.231067e+00	2.154991e+00	9.672677e-01	2.023216e+00	1.064243e+00	1.945521e+00	1.144276e+00	3.018802e-01	1.979316e+00	7.613133e-01	
1  93.6878	2.155441e+00	1.143823e-01	6.726319e-01	2.985336e+00	9.423153e-01	2.190939e+00	1.499075e+00	2.173185e+00	1.270175e+00	2.019947e+00	1.436883e+00	1.959564e+00	1.220666e+00	3.018802e-01	1.979316e+00	7.613133e-01	
9  92.76	2.155441e+00	1.143823e-01	6.726319e-01	2.985336e+00	9.423153e-01	2.144845e+00	1.357330e+00	2.199056e+00	1.455662e+00	1.988448e+00	1.174725e+00	2.009890e+00	1.778635e+00	3.018802e-01	1.979316e+00	7.613133e-01	
1  94.5107	2.107912e+00	1.108616e-01	6.548501e-01	3.011818e+00	9.388541e-01	2.137122e+00	1.251165e+00	2.210840e+00	1.421106e+00	1.995417e+00	1.176392e+00	2.010044e+00	1.683975e+00	3.091791e-01	2.032433e+00	7.539485e-01	
2  93.4064	2.206777e+00	1.253882e-01	6.690067e-01	2.878965e+00	9.009522e-01	2.238007e+00	1.680314e+00	2.247804e+00	1.427482e+00	2.045063e+00	1.238438e+00	2.028331e+00	1.573634e+00	3.308982e-01	1.779585e+00	7.493226e-01	
3  92.8383	2.206777e+00	1.253882e-01	6.690067e-01	2.878965e+00	9.009522e-01	2.216074e+00	1.520515e+00	2.204042e+00	9.922278e-01	2.086267e+00	1.483966e+00	2.023222e+00	1.421345e+00	3.308982e-01	1.779585e+00	7.493226e-01	
8  91.7796	2.206777e+00	1.253882e-01	6.690067e-01	2.878965e+00	9.009522e-01	2.214465e+00	1.509093e+00	2.227658e+00	1.416025e+00	2.059555e+00	1.217290e+00	2.030761e+00	1.353107e+00	3.308982e-01	1.779585e+00	7.493226e-01	
1  91.7188	2.291756e+00	1.396301e-01	6.985502e-01	2.909670e+00	8.597335e-01	2.058770e+00	1.621377e+00	2.045851e+00	1.249319e+00	1.908279e+00	9.810359e-01	1.867869e+00	1.259894e+00	3.344284e-01	1.835074e+00	8.018524e-01	
1  92.5157	2.219457e+00	1.433980e-01	7.135361e-01	2.807771e+00	8.406644e-01	2.115399e+00	1.633370e+00	2.103556e+00	1.357402e+00	1.954073e+00	1.027931e+00	1.925194e+00	1.271040e+00	3.265089e-01	1.657294e+00	7.759543e-01	
10  93.9187	2.219457e+00	1.433980e-01	7.135361e-01	2.807771e+00	8.406644e-01	2.090616e+00	1.553115e+00	2.093019e+00	1.338704e+00	1.916459e+00	9.143932e-01	1.982924e+00	1.553774e+00	3.265089e-01	1.657294e+00	7.759543e-01	
4  92.8221	2.268182e+00	1.468674e-01	7.031051e-01	2.791090e+00	8.225303e-01	2.116627e+00	1.665710e+00	2.104018e+00	1.286230e+00	1.932347e+00	9.285262e-01	1.978013e+00	1.455033e+00	3.442724e-01	1.629878e+00	7.696000e-01	
7  92.8108	2.268182e+00	1.468674e-01	7.031051e-01	2.791090e+00	8.225303e-01	2.142300e+00	1.704382e+00	2.081567e+00	1.009248e+00	1.982079e+00	1.402148e+00	1.989248e+00	1.127263e+00	3.442724e-01	1.629878e+00	7.696000e-01	
8  94.293	2.414067e+00	1.461461e-01	7.147863e-01	2.910487e+00	8.180529e-01	1.974383e+00	1.457623e+00	1.941074e+00	9.039301e-01	1.849343e+00	1.197669e+00	1.888880e+00	1.398426e+00	3.345554e-01	1.836573e+00	8.075504e-01	
10  93.5452	2.414067e+00	1.461461e-01	7.147863e-01	2.910487e+00	8.180529e-01	1.960501e+00	1.140487e+00	1.995346e+00	1.055898e+00	1.834227e+00	1.139444e+00	1.880512e+00	1.580906e+00	3.345554e-01	1.836573e+00	8.075504e-01	
1  94.0002	2.414067e+00	1.461461e-01	7.147863e-01	2.910487e+00	8.180529e-01	1.943643e+00	9.959542e-01	1.982254e+00	1.140540e+00	1.836058e+00	1.073913e+00	1.883354e+00	1.832042e+00	3.345554e-01	1.836573e+00	8.075504e-01	
4  94.574	2.414067e+00	1.461461e-01	7.147863e-01	2.910487e+00	8.180529e-01	1.921002e+00	7.152647e-01	1.955401e+00	6.332804e-01	1.812714e+00	1.198845e+00	1.875057e+00	1.607203e+00	3.345554e-01	1.836573e+00	8.075504e-01	
17  93.3493	2.414067e+00	1.461461e-01	7.147863e-01	2.910487e+00	8.180529e-01	1.918975e+00	4.326865e-01	1.920718e+00	6.842364e-01	1.857042e+00	1.584310e+00	1.837203e+00	1.392407e+00	3.345554e-01	1.836573e+00	8.075504e-01	
9  93.1334	2.368324e+00	1.442453e-01	7.100593e-01	2.868711e+00	8.158280e-01	1.972444e+00	3.937160e-01	1.983879e+00	7.493322e-01	1.908187e+00	1.650378e+00	1.893400e+00	1.400008e+00	3.343475e-01	1.761430e+00	7.856352e-01	
1  93.1537	2.368324e+00	1.442453e-01	7.100593e-01	2.868711e+00	8.158280e-01	1.953794e+00	2.908036e-01	1.998874e+00	7.098819e-01	1.874754e+00	1.249679e+00	1.896980e+00	1.557815e+00	3.343475e-01	1.761430e+00	7.856352e-01	
1  97.6015	2.368324e+00	1.442453e-01	7.100593e-01	2.868711e+00	8.158280e-01	1.932890e+00	7.351251e-02	2.032081e+00	9.191952e-01	1.878116e+00	1.427505e+00	1.860421e+00	1.268985e+00	3.343475e-01	1.761430e+00	7.856352e-01	
5  96.8757	2.368324e+00	1.442453e-01	7.100593e-01	2.868711e+00	8.158280e-01	1.924013e+00	4.707581e-02	1.992879e+00	7.470725e-01	1.905157e+00	1.553377e+00	1.876617e+00	1.737354e+00	3.343475e-01	1.761430e+00	7.856352e-01	
1  97.9013	2.300240e+00	1.442940e-01	7.089496e-01	2.930186e+00	8.401734e-01	1.876516e+00	1.769410e-01	1.923761e+00	6.623941e-01	1.856515e+00	1.518106e+00	1.799659e+00	1.504743e+00	3.341372e-01	1.873112e+00	8.218102e-01	
9  95.8393	2.300240e+00	1.442940e-01	7.089496e-01	2.930186e+00	8.401734e-01	1.894778e+00	3.316875e-01	1.892967e+00	4.740904e-01	1.856195e+00	1.621628e+00	1.817602e+00	1.327550e+00	3.341372e-01	1.873112e+00	8.218102e-01	
17  94.9891	2.324097e+00	1.511534e-01	7.074858e-01	2.842788e+00	8.087046e-01	1.967709e+00	5.021586e-01	1.943932e+00	4.842859e-01	1.906557e+00	1.674962e+00	1.849943e+00	1.228666e+00	3.497019e-01	1.716354e+00	7.964391e-01	
3  95.8049	2.324097e+00	1.511534e-01	7.074858e-01	2.842788e+00	8.087046e-01	1.928766e+00	2.608653e-01	1.924789e+00	2.972878e-01	1.910412e+00	1.371277e+00	1.773323e+00	5.656703e-01	3.497019e-01	1.716354e+00	7.964391e-01	
5  95.0459	2.324097e+00	1.511534e-01	7.074858e-01	2.842788e+00	8.087046e-01	1.938452e+00	4.493655e-01	1.952398e+00	4.549917e-01	1.888549e+00	1.370262e+00	1.753782e+00	3.835280e-01	3.497019e-01	1.716354e+00	7.964391e-01	
6  93.841	2.377045e+00	1.408739e-01	7.122082e-01	2.953159e+00	8.585414e-01	1.868120e+00	2.354718e-01	1.907657e+00	4.809822e-01	1.840683e+00	1.331084e+00	1.742794e+00	6.911954e-01	3.258583e-01	1.916641e+00	8.217280e-01	
5  93.7235	2.377045e+00	1.408739e-01	7.122082e-01	2.953159e+00	8.585414e-01	1.867401e+00	2.458974e-01	1.927351e+00	7.189057e-01	1.824107e+00	1.341237e+00	1.732353e+00	6.814926e-01	3.258583e-01	1.916641e+00	8.217280e-01	
1  93.2803	2.377045e+00	1.408739e-01	7.122082e-01	2.953159e+00	8.585414e-01	1.945735e+00	6.281518e-01	1.950663e+00	1.023426e+00	1.857254e+00	1.567835e+00	1.762257e+00	6.366093e-01	3.258583e-01	1.916641e+00	8.217280e-01	
10  93.6955	2.377045e+00	1.408739e-01	7.122082e-01	2.953159e+00	8.585414e-01	1.911770e+00	5.468942e-01	1.894985e+00	4.026909e-01	1.887140e+00	1.582567e+00	1.722821e+00	6.706639e-01	3.258583e-01	1.916641e+00	8.217280e-01	
2  94.8694	2.377045e+00	1.408739e-01	7.122082e-01	2.953159e+00	8.585414e-01	1.944400e+00	1.002348e+00	1.908706e+00	4.866459e-01	1.870790e+00	1.390611e+00	1.742206e+00	9.598984e-01	3.258583e-01	1.916641e+00	8.217280e-01	
4  94.4486	2.377045e+00	1.408739e-01	7.122082e-01	2.953159e+00	8.585414e-01	1.903367e+00	7.415258e-01	1.903456e+00	4.867333e-01	1.915227e+00	1.519983e+00	1.809157e+00	1.488083e+00	3.258583e-01	1.916641e+00	8.217280e-01	
1  92.7736	2.420483e+00	1.391493e-01	7.100680e-01	2.875135e+00	8.712148e-01	2.036374e+00	8.665689e-01	2.020735e+00	6.137141e-01	2.019722e+00	1.680408e+00	1.919146e+00	1.623492e+00	3.252665e-01	1.772782e+00	7.853751e-01	
4  91.9034	2.357443e+00	1.293161e-01	6.901202e-01	2.934608e+00	8.766192e-01	1.999221e+00	5.160716e-01	2.039677e+00	6.195046e-01	2.020104e+00	1.664225e+00	1.941458e+00	1.695051e+00	3.223719e-01	1.881413e+00	7.742765e-01	
1  91.9347	2.357443e+00	1.293161e-01	6.901202e-01	2.934608e+00	8.766192e-01	2.012748e+00	6.752314e-01	2.016223e+00	4.455249e-01	1.997583e+00	1.515437e+00	1.908878e+00	1.264034e+00	3.223719e-01	1.881413e+00	7.742765e-01	
3  91.7281	2.357443e+00	1.293161e-01	6.901202e-01	2.934608e+00	8.766192e-01	1.992701e+00	4.874673e-01	2.041441e+00	5.026414e-01	1.921728e+00	1.032728e+00	1.977073e+00	1.891862e+00	3.223719e-01	1.881413e+00	7.742765e-01	
7  91.937	2.357443e+00	1.293161e-01	6.901202e-01	2.934608e+00	8.766192e-01	2.009193e+00	5.217526e-01	2.046866e+00	5.057395e-01	1.991747e+00	1.578747e+00	1.970112e+00	1.463361e+00	3.223719e-01	1.881413e+00	7.742765e-01	
6  89.7544	2.357443e+00	1.293161e-01	6.901202e-01	2.934608e+00	8.766192e-01	1.954862e+00	3.168470e-01	2.063201e+00	7.977620e-01	1.989656e+00	1.371185e+00	1.982922e+00	1.737614e+00	3.223719e-01	1.881413e+00	7.742765e-01	
4  89.5589	2.357443e+00	1.293161e-01	6.901202e-01	2.934608e+00	8.766192e-01	1.998649e+00	4.245832e-01	2.076863e+00	9.438582e-01	1.955911e+00	1.342635e+00	1.970352e+00	1.806561e+00	3.223719e-01	1.881413e+00	7.742765e-01	
1  90.0973	2.340258e+00	1.302660e-01	6.959428e-01	3.068755e+00	8.688568e-01	1.795751e+00	2.244925e-01	1.897330e+00	7.667869e-01	1.795209e+00	1.104118e+00	1.810850e+00	1.717068e+00	3.186065e-01	2.151511e+00	8.318206e-01	
1  90.3223	2.321993e+00	1.295504e-01	7.018855e-01	3.068992e+00	8.814297e-01	1.798933e+00	2.483232e-01	1.895853e+00	7.923773e-01	1.794938e+00	1.115752e+00	1.813654e+00	1.735214e+00	3.114109e-01	2.152020e+00	8.356848e-01	
2  90.7528	2.252899e+00	1.269653e-01	7.001014e-01	3.034511e+00	9.548605e-01	1.957033e+00	7.545976e-01	1.979187e+00	8.780811e-01	1.895048e+00	1.349511e+00	1.869338e+00	1.526038e+00	3.063161e-01	2.079081e+00	8.386353e-01	
8  91.6628	2.252899e+00	1.269653e-01	7.001014e-01	3.034511e+00	9.548605e-01	1.946124e+00	7.013741e-01	1.978129e+00	7.259622e-01	1.890007e+00	1.340844e+00	1.889497e+00	1.368334e+00	3.063161e-01	2.079081e+00	8.386353e-01	
2  90.709	2.239716e+00	1.262104e-01	6.825968e-01	2.855210e+00	9.280140e-01	2.173436e+00	7.530320e-01	2.210025e+00	9.205660e-01	2.086717e+00	1.590496e+00	2.091031e+00	1.440081e+00	3.203250e-01	1.737809e+00	7.524173e-01	
3  90.6769	2.224451e+00	1.332322e-01	6.842969e-01	2.761719e+00	8.458472e-01	2.157030e+00	5.007057e-01	2.236903e+00	9.309412e-01	2.091919e+00	1.511276e+00	2.116980e+00	1.466522e+00	3.334047e-01	1.582703e+00	7.208580e-01	
7  91.3832	2.224451e+00	1.332322e-01	6.842969e-01	2.761719e+00	8.458472e-01	2.135579e+00	3.675852e-01	2.276618e+00	1.025179e+00	2.131629e+00	1.688073e+00	2.084134e+00	1.300710e+00	3.334047e-01	1.582703e+00	7.208580e-01	
6  91.4787	2.347439e+00	1.322230e-01	6.986874e-01	2.672529e+00	8.728793e-01	2.280593e+00	5.544963e-01	2.392189e+00	1.207732e+00	2.235506e+00	1.861085e+00	2.210519e+00	1.636805e+00	3.202642e-01	1.447654e+00	6.898289e-01	
2  91.4733	2.347439e+00	1.322230e-01	6.986874e-01	2.672529e+00	8.728793e-01	2.249939e+00	2.653081e-01	2.361169e+00	9.715648e-01	2.226897e+00	1.713673e+00	2.249903e+00	1.754986e+00	3.202642e-01	1.447654e+00	6.898289e-01	
11  91.8123	2.347439e+00	1.322230e-01	6.986874e-01	2.672529e+00	8.728793e-01	2.229326e+00	2.771364e-01	2.401382e+00	1.275034e+00	2.230955e+00	1.816113e+00	2.242288e+00	1.751619e+00	3.202642e-01	1.447654e+00	6.898289e-01	
1  91.7299	2.347439e+00	1.322230e-01	6.986874e-01	2.672529e+00	8.728793e-01	2.197225e+00	4.872025e-02	2.341088e+00	8.307270e-01	2.257490e+00	1.589503e+00	2.175481e+00	1.568183e+00	3.202642e-01	1.447654e+00	6.898289e-01	
4  90.2949	2.347439e+00	1.322230e-01	6.986874e-01	2.672529e+00	8.728793e-01	2.260920e+00	2.988332e-01	2.382035e+00	1.717139e+00	2.235800e+00	1.643469e+00	2.161531e+00	1.231611e+00	3.202642e-01	1.447654e+00	6.898289e-01	
9  92.9522	2.347439e+00	1.322230e-01	6.986874e-01	2.672529e+00	8.728793e-01	2.243834e+00	1.158365e-01	2.434100e+00	2.037208e+00	2.189187e+00	1.374393e+00	2.200907e+00	1.733653e+00	3.202642e-01	1.447654e+00	6.898289e-01	
2  91.3745	2.347439e+00	1.322230e-01	6.986874e-01	2.672529e+00	8.728793e-01	2.276274e+00	3.486383e-01	2.400877e+00	1.689422e+00	2.227630e+00	1.978386e+00	2.200546e+00	1.626477e+00	3.202642e-01	1.447654e+00	6.898289e-01	
4  91.4276	2.347439e+00	1.322230e-01	6.986874e-01	2.672529e+00	8.728793e-01	2.293060e+00	4.383033e-01	2.387929e+00	1.554934e+00	2.227300e+00	1.835989e+00	2.182209e+00	1.771081e+00	3.202642e-01	1.447654e+00	6.898289e-01	
2  92.5028	2.230732e+00	1.297954e-01	7.038818e-01	2.761579e+00	9.018635e-01	2.193461e+00	4.100394e-01	2.289086e+00	1.481537e+00	2.144917e+00	1.748260e+00	2.088974e+00	1.592019e+00	3.082996e-01	1.582482e+00	7.286551e-01	
3  91.8441	2.403287e+00	1.268826e-01	7.008377e-01	2.806134e+00	9.083442e-01	2.178390e+00	3.323999e-01	2.281701e+00	1.472282e+00	2.134222e+00	1.731023e+00	2.099519e+00	1.882076e+00	3.085664e-01	1.654582e+00	7.260534e-01	
1  90.8884	2.403287e+00	1.268826e-01	7.008377e-01	2.806134e+00	9.083442e-01	2.143588e+00	1.895230e-01	2.249214e+00	1.175551e+00	2.094927e+00	1.507453e+00	2.091164e+00	1.800638e+00	3.085664e-01	1.654582e+00	7.260534e-01	
2  91.718	2.403287e+00	1.268826e-01	7.008377e-01	2.806134e+00	9.083442e-01	2.149750e+00	2.200946e-01	2.233959e+00	1.217516e+00	2.122490e+00	1.684469e+00	2.090747e+00	2.082429e+00	3.085664e-01	1.654582e+00	7.260534e-01	
2  92.0081	2.403287e+00	1.268826e-01	7.008377e-01	2.806134e+00	9.083442e-01	2.162538e+00	3.375649e-01	2.237881e+00	8.782529e-01	2.151399e+00	1.532587e+00	2.040086e+00	1.842917e+00	3.085664e-01	1.654582e+00	7.260534e-01	
8  92.8278	2.403287e+00	1.268826e-01	7.008377e-01	2.806134e+00	9.083442e-01	2.165398e+00	3.914370e-01	2.256299e+00	1.066824e+00	2.187974e+00	1.872959e+00	2.057967e+00	1.508913e+00	3.085664e-01	1.654582e+00	7.260534e-01	
3  91.0472	2.403287e+00	1.268826e-01	7.008377e-01	2.806134e+00	9.083442e-01	2.171498e+00	3.582367e-01	2.277234e+00	1.252131e+00	2.138470e+00	1.658610e+00	2.057748e+00	1.670433e+00	3.085664e-01	1.654582e+00	7.260534e-01	
1  91.838	2.403287e+00	1.268826e-01	7.008377e-01	2.806134e+00	9.083442e-01	2.203606e+00	7.186911e-01	2.320632e+00	1.587921e+00	2.131144e+00	1.698198e+00	2.068875e+00	1.769035e+00	3.085664e-01	1.654582e+00	7.260534e-01	
2  90.3677	2.403287e+00	1.268826e-01	7.008377e-01	2.806134e+00	9.083442e-01	2.209242e+00	8.160543e-01	2.284675e+00	1.353687e+00	2.113443e+00	1.487044e+00	2.064099e+00	1.433772e+00	3.085664e-01	1.654582e+00	7.260534e-01	
4  89.9699	2.403287e+00	1.268826e-01	7.008377e-01	2.806134e+00	9.083442e-01	2.168690e+00	4.818888e-01	2.286368e+00	1.349608e+00	2.075653e+00	1.304638e+00	2.118670e+00	1.700621e+00	3.085664e-01	1.654582e+00	7.260534e-01	
6  89.631	2.234006e+00	1.229524e-01	6.882020e-01	2.870451e+00	9.502680e-01	2.155606e+00	6.257635e-01	2.253339e+00	1.283071e+00	2.060805e+00	1.333780e+00	2.062520e+00	1.324336e+00	3.081290e-01	1.764498e+00	7.539119e-01	
3  90.8567	2.234006e+00	1.229524e-01	6.882020e-01	2.870451e+00	9.502680e-01	2.144513e+00	5.153784e-01	2.266975e+00	1.271355e+00	2.059098e+00	1.369695e+00	2.062652e+00	1.351026e+00	3.081290e-01	1.764498e+00	7.539119e-01	
3  89.5891	2.234006e+00	1.229524e-01	6.882020e-01	2.870451e+00	9.502680e-01	2.154562e+00	7.380050e-01	2.244104e+00	1.239553e+00	2.069584e+00	1.503065e+00	2.016191e+00	9.800952e-01	3.081290e-01	1.764498e+00	7.539119e-01	
7  88.7121	2.337022e+00	1.234736e-01	6.802229e-01	2.990972e+00	9.084034e-01	1.963894e+00	3.734289e-01	2.103778e+00	1.054991e+00	1.932527e+00	1.255721e+00	1.897304e+00	1.072993e+00	3.187530e-01	1.990503e+00	7.819285e-01	
3  89.0956	2.337022e+00	1.234736e-01	6.802229e-01	2.990972e+00	9.084034e-01	1.970202e+00	4.363775e-01	2.084175e+00	8.753073e-01	1.918942e+00	1.164416e+00	1.907201e+00	9.788766e-01	3.187530e-01	1.990503e+00	7.819285e-01	
2  88.2223	2.337022e+00	1.234736e-01	6.802229e-01	2.990972e+00	9.084034e-01	1.955549e+00	3.342255e-01	2.048628e+00	7.200893e-01	1.932065e+00	9.956055e-01	1.866816e+00	8.390515e-01	3.187530e-01	1.990503e+00	7.819285e-01	
1  89.0694	2.350353e+00	1.141987e-01	6.773791e-01	3.008809e+00	9.843131e-01	2.060874e+00	5.172500e-01	2.125203e+00	8.358936e-01	2.008731e+00	1.175991e+00	1.943639e+00	9.691722e-01	3.015116e-01	2.026326e+00	7.703377e-01	
11  89.2589	2.207813e+00	1.062103e-01	6.718998e-01	3.100809e+00	1.020051e+00	1.986323e+00	3.499346e-01	2.075227e+00	8.089699e-01	1.961370e+00	1.133278e+00	1.898166e+00	8.623427e-01	2.855969e-01	2.221592e+00	7.868217e-01	
3  92.4483	2.207813e+00	1.062103e-01	6.718998e-01	3.100809e+00	1.020051e+00	2.056579e+00	8.233056e-01	2.115319e+00	7.793968e-01	2.012538e+00	1.412322e+00	1.887755e+00	9.081615e-01	2.855969e-01	2.221592e+00	7.868217e-01	
4  92.9151	2.284884e+00	1.104649e-01	6.751540e-01	3.081228e+00	9.477120e-01	1.969319e+00	4.508430e-01	2.084439e+00	7.455495e-01	1.962914e+00	1.256913e+00	1.876123e+00	1.111059e+00	2.938750e-01	2.178514e+00	7.746116e-01	
4  91.3429	2.284884e+00	1.104649e-01	6.751540e-01	3.081228e+00	9.477120e-01	1.929929e+00	2.453223e-01	2.059192e+00	8.089678e-01	1.960069e+00	1.008088e+00	1.887883e+00	1.303851e+00	2.938750e-01	2.178514e+00	7.746116e-01	
3  90.8438	2.284884e+00	1.104649e-01	6.751540e-01	3.081228e+00	9.477120e-01	1.985744e+00	4.593011e-01	2.049201e+00	1.012297e+00	1.961978e+00	1.412366e+00	1.924411e+00	1.178026e+00	2.938750e-01	2.178514e+00	7.746116e-01	
5  89.7507	2.275952e+00	1.145040e-01	6.892019e-01	3.085131e+00	9.609261e-01	1.970513e+00	6.519267e-01	2.001391e+00	9.877152e-01	1.931198e+00	1.393890e+00	1.878165e+00	1.082186e+00	2.903323e-01	2.187034e+00	8.025086e-01	
6  89.9149	2.275952e+00	1.145040e-01	6.892019e-01	3.085131e+00	9.609261e-01	1.974982e+00	6.956319e-01	2.009827e+00	8.563107e-01	1.914387e+00	1.367569e+00	1.842517e+00	1.036087e+00	2.903323e-01	2.187034e+00	8.025086e-01	
2  91.906	2.275952e+00	1.145040e-01	6.892019e-01	3.085131e+00	9.609261e-01	1.957399e+00	4.390566e-01	1.978825e+00	9.814898e-01	1.802024e+00	5.662459e-01	1.852927e+00	7.236941e-01	2.903323e-01	2.187034e+00	8.025086e-01	
8  92.1922	2.299292e+00	1.130608e-01	6.897738e-01	3.124068e+00	9.834255e-01	1.945387e+00	5.129972e-01	1.953061e+00	9.587085e-01	1.785334e+00	5.671280e-01	1.829937e+00	7.238123e-01	2.873083e-01	2.273870e+00	8.170083e-01	
4  92.9318	2.299292e+00	1.130608e-01	6.897738e-01	3.124068e+00	9.834255e-01	1.957950e+00	8.275585e-01	1.939298e+00	4.245647e-01	1.828176e+00	8.216199e-01	1.784162e+00	7.936503e-01	2.873083e-01	2.273870e+00	8.170083e-01	
1  92.5707	2.299292e+00	1.130608e-01	6.897738e-01	3.124068e+00	9.834255e-01	1.985207e+00	9.055689e-01	1.950521e+00	6.949617e-01	1.868242e+00	1.285973e+00	1.812722e+00	1.090879e+00	2.873083e-01	2.273870e+00	8.170083e-01	
8  94.2509	2.333251e+00	1.153710e-01	7.030775e-01	3.076684e+00	9.550481e-01	1.975148e+00	7.489797e-01	1.963504e+00	7.550610e-01	1.867062e+00	1.247956e+00	1.842937e+00	1.288752e+00	2.818988e-01	2.168636e+00	8.008515e-01	
1  93.6495	2.333251e+00	1.153710e-01	7.030775e-01	3.076684e+00	9.550481e-01	1.961974e+00	4.969098e-01	1.958203e+00	6.387616e-01	1.856447e+00	1.234667e+00	1.856105e+00	1.089476e+00	2.818988e-01	2.168636e+00	8.008515e-01	
6  93.1992	2.333251e+00	1.153710e-01	7.030775e-01	3.076684e+00	9.550481e-01	1.948391e+00	6.574316e-01	1.947648e+00	7.022217e-01	1.885586e+00	1.442030e+00	1.822425e+00	7.422747e-01	2.818988e-01	2.168636e+00	8.008515e-01	
6  94.3579	2.106598e+00	1.010938e-01	6.669093e-01	3.189413e+00	9.851309e-01	1.893022e+00	3.250582e-01	1.948959e+00	6.511740e-01	1.876901e+00	1.439901e+00	1.805977e+00	4.958259e-01	2.761077e-01	2.427418e+00	7.912002e-01	
5  92.1635	2.106598e+00	1.010938e-01	6.669093e-01	3.189413e+00	9.851309e-01	1.868101e+00	1.132367e-01	1.974796e+00	7.036023e-01	1.897407e+00	1.871444e+00	1.829445e+00	6.008011e-01	2.761077e-01	2.427418e+00	7.912002e-01	
1  93.0732	2.068342e+00	1.100209e-01	6.714360e-01	3.081096e+00	9.365116e-01	1.917382e+00	2.114380e-01	2.013967e+00	7.185320e-01	1.932852e+00	1.885737e+00	1.851371e+00	4.490293e-01	2.913504e-01	2.178227e+00	7.826234e-01	
2  93.4217	2.214670e+00	1.157448e-01	6.916796e-01	2.994423e+00	9.599409e-01	2.047179e+00	6.440613e-01	2.074917e+00	8.193830e-01	2.003646e+00	2.026833e+00	1.913988e+00	6.032573e-01	2.895688e-01	1.997382e+00	7.765143e-01	
1  95.5324	2.294118e+00	1.221207e-01	6.991486e-01	3.013996e+00	9.606513e-01	2.021591e+00	8.892601e-01	2.007954e+00	7.300220e-01	1.959869e+00	1.982847e+00	1.844842e+00	5.062733e-01	2.980838e-01	2.036863e+00	8.087464e-01	
3  92.7368	2.367935e+00	1.203040e-01	6.910518e-01	2.877906e+00	9.296510e-01	2.176517e+00	7.647847e-01	2.189094e+00	9.130812e-01	2.102756e+00	2.141465e+00	2.022137e+00	8.138059e-01	3.028516e-01	1.777700e+00	7.333011e-01	
2  94.8858	2.367935e+00	1.203040e-01	6.910518e-01	2.877906e+00	9.296510e-01	2.162516e+00	5.882469e-01	2.220784e+00	1.155369e+00	2.124438e+00	2.212041e+00	2.042788e+00	6.794652e-01	3.028516e-01	1.777700e+00	7.333011e-01	
1  92.216	2.367935e+00	1.203040e-01	6.910518e-01	2.877906e+00	9.296510e-01	2.148058e+00	4.929382e-01	2.280458e+00	1.544323e+00	2.073239e+00	1.895775e+00	2.057148e+00	8.394522e-01	3.028516e-01	1.777700e+00	7.333011e-01	
4  91.8578	2.367935e+00	1.203040e-01	6.910518e-01	2.877906e+00	9.296510e-01	2.151882e+00	6.569575e-01	2.233276e+00	1.468792e+00	2.095435e+00	2.090654e+00	1.989844e+00	7.393260e-01	3.028516e-01	1.777700e+00	7.333011e-01	
4  90.7291	2.454729e+00	1.241016e-01	6.976375e-01	3.031448e+00	9.039824e-01	1.910266e+00	4.385461e-01	2.015159e+00	1.233549e+00	1.900315e+00	1.787212e+00	1.799131e+00	7.306905e-01	3.067467e-01	2.072722e+00	7.960503e-01	
1  90.4306	2.454729e+00	1.241016e-01	6.976375e-01	3.031448e+00	9.039824e-01	1.896110e+00	2.218286e-01	2.073907e+00	1.587181e+00	1.896521e+00	1.746428e+00	1.863497e+00	9.158499e-01	3.067467e-01	2.072722e+00	7.960503e-01	
36  90.7433	2.454729e+00	1.241016e-01	6.976375e-01	3.031448e+00	9.039824e-01	1.894636e+00	2.195689e-01	2.010476e+00	1.031458e+00	1.877802e+00	1.893551e+00	1.854873e+00	9.545290e-01	3.067467e-01	2.072722e+00	7.960503e-01	
14  91.2443	2.436887e+00	1.164752e-01	6.905882e-01	3.058360e+00	9.524824e-01	1.948978e+00	2.723445e-01	2.057063e+00	1.093654e+00	1.922353e+00	1.999307e+00	1.899793e+00	1.010254e+00	2.966757e-01	2.129261e+00	7.882255e-01	
1  92.2361	2.418594e+00	1.332117e-01	6.946570e-01	2.902649e+00	8.770475e-01	2.024535e+00	5.736352e-01	2.093467e+00	1.056301e+00	1.965474e+00	2.015165e+00	1.901135e+00	6.791424e-01	3.275149e-01	1.822235e+00	7.736276e-01	
3  91.224	2.418594e+00	1.332117e-01	6.946570e-01	2.902649e+00	8.770475e-01	1.937830e+00	1.055914e-01	2.098927e+00	1.121364e+00	1.958836e+00	1.792154e+00	1.913451e+00	7.368501e-01	3.275149e-01	1.822235e+00	7.736276e-01	
2  91.4954	2.418594e+00	1.332117e-01	6.946570e-01	2.902649e+00	8.770475e-01	1.906302e+00	1.042785e-01	2.053003e+00	7.807091e-01	1.975905e+00	1.671089e+00	1.918480e+00	8.114040e-01	3.275149e-01	1.822235e+00	7.736276e-01	
7  91.1753	2.418594e+00	1.332117e-01	6.946570e-01	2.902649e+00	8.770475e-01	1.978950e+00	4.994403e-01	2.079286e+00	9.539601e-01	1.956055e+00	1.580940e+00	1.973243e+00	1.322740e+00	3.275149e-01	1.822235e+00	7.736276e-01	
1  90.8613	2.450077e+00	1.319782e-01	6.971434e-01	2.928993e+00	8.898144e-01	1.964078e+00	5.062425e-01	2.061060e+00	9.482375e-01	1.941228e+00	1.571232e+00	1.962163e+00	1.382869e+00	3.232927e-01	1.870878e+00	7.819865e-01	
3  90.5515	2.450077e+00	1.319782e-01	6.971434e-01	2.928993e+00	8.898144e-01	1.913046e+00	2.136481e-01	2.105711e+00	1.087044e+00	1.949486e+00	1.280345e+00	1.997867e+00	1.697622e+00	3.232927e-01	1.870878e+00	7.819865e-01	
2  91.3144	2.450077e+00	1.319782e-01	6.971434e-01	2.928993e+00	8.898144e-01	1.906140e+00	1.110794e-01	2.106237e+00	1.059011e+00	1.906940e+00	1.039823e+00	2.014435e+00	1.660881e+00	3.232927e-01	1.870878e+00	7.819865e-01	
30  89.1764	2.450077e+00	1.319782e-01	6.971434e-01	2.928993e+00	8.898144e-01	1.919426e+00	1.620309e-01	2.113538e+00	1.051753e+00	1.965781e+00	1.188749e+00	1.965886e+00	1.310669e+00	3.232927e-01	1.870878e+00	7.819865e-01	
1  90.9342	2.440503e+00	1.321876e-01	6.884325e-01	2.946416e+00	9.092387e-01	1.948115e+00	3.677882e-01	2.111749e+00	1.007293e+00	1.977684e+00	1.236333e+00	1.946919e+00	1.136150e+00	3.317657e-01	1.903759e+00	7.938748e-01	
10  90.002	2.364806e+00	1.340280e-01	6.899091e-01	2.876782e+00	8.586932e-01	1.940934e+00	9.499671e-02	2.150767e+00	1.059755e+00	1.993458e+00	1.197708e+00	1.987676e+00	1.171438e+00	3.326232e-01	1.775704e+00	7.631737e-01	
3  92.3506	2.364806e+00	1.340280e-01	6.899091e-01	2.876782e+00	8.586932e-01	1.917817e+00	-1.676453e-01	2.063270e+00	8.018203e-01	2.003711e+00	1.162136e+00	1.934598e+00	1.091811e+00	3.326232e-01	1.775704e+00	7.631737e-01	
1  92.3964	2.256369e+00	1.354324e-01	6.968006e-01	2.843154e+00	8.906299e-01	1.982127e+00	1.229997e-01	2.084771e+00	8.406503e-01	2.038151e+00	1.257036e+00	1.939627e+00	8.660684e-01	3.267354e-01	1.716983e+00	7.723600e-01	
12  92.1119	2.324994e+00	1.311019e-01	6.820976e-01	2.757800e+00	9.046951e-01	2.158874e+00	2.359450e-01	2.250227e+00	9.846265e-01	2.183778e+00	1.474261e+00	2.089673e+00	1.033023e+00	3.331405e-01	1.576513e+00	7.223110e-01	
6  91.019	2.431584e+00	1.349334e-01	6.915347e-01	2.744600e+00	8.603092e-01	2.099264e+00	2.528078e-02	2.220033e+00	9.719431e-01	2.143434e+00	1.364986e+00	2.080904e+00	1.261834e+00	3.343509e-01	1.555838e+00	7.145126e-01	
2  91.2068	2.431584e+00	1.349334e-01	6.915347e-01	2.744600e+00	8.603092e-01	2.133139e+00	2.712894e-01	2.280863e+00	1.362970e+00	2.178589e+00	1.468760e+00	2.135272e+00	1.533739e+00	3.343509e-01	1.555838e+00	7.145126e-01	
1  92.3168	2.431584e+00	1.349334e-01	6.915347e-01	2.744600e+00	8.603092e-01	2.116203e+00	8.163972e-02	2.344255e+00	1.785418e+00	2.152050e+00	1.390759e+00	2.145598e+00	2.041785e+00	3.343509e-01	1.555838e+00	7.145126e-01	
1  91.9073	2.431584e+00	1.349334e-01	6.915347e-01	2.744600e+00	8.603092e-01	2.148362e+00	2.438454e-01	2.287304e+00	1.795552e+00	2.179170e+00	1.563782e+00	2.083634e+00	1.797733e+00	3.343509e-01	1.555838e+00	7.145126e-01	
14  91.2577	2.431584e+00	1.349334e-01	6.915347e-01	2.744600e+00	8.603092e-01	2.132599e+00	2.161254e-01	2.309507e+00	1.886669e+00	2.089352e+00	7.601589e-01	2.090361e+00	1.560569e+00	3.343509e-01	1.555838e+00	7.145126e-01	
5  92.7911	2.432046e+00	1.326201e-01	6.891020e-01	2.696054e+00	8.228181e-01	2.138036e+00	-1.262030e-01	2.370389e+00	1.968971e+00	2.120092e+00	7.469938e-01	2.162642e+00	1.786674e+00	3.318540e-01	1.482114e+00	6.800505e-01	
4  93.1052	2.432046e+00	1.326201e-01	6.891020e-01	2.696054e+00	8.228181e-01	2.142960e+00	-1.171253e-01	2.348559e+00	2.147252e+00	2.110018e+00	8.700871e-01	2.165190e+00	1.542916e+00	3.318540e-01	1.482114e+00	6.800505e-01	
2  95.3429	2.432046e+00	1.326201e-01	6.891020e-01	2.696054e+00	8.228181e-01	2.165978e+00	1.214390e-01	2.378446e+00	2.223834e+00	2.143085e+00	1.023053e+00	2.141944e+00	1.537142e+00	3.318540e-01	1.482114e+00	6.800505e-01	
16  93.406	2.432046e+00	1.326201e-01	6.891020e-01	2.696054e+00	8.228181e-01	2.103473e+00	-3.024832e-01	2.363686e+00	1.946922e+00	2.160742e+00	1.045084e+00	2.117702e+00	1.541632e+00	3.318540e-01	1.482114e+00	6.800505e-01	
10  94.4121	2.415713e+00	1.268926e-01	6.992208e-01	2.730696e+00	8.403108e-01	2.057414e+00	-5.358877e-01	2.349874e+00	2.009365e+00	2.135771e+00	1.009215e+00	2.130099e+00	1.766273e+00	3.102696e-01	1.534356e+00	6.805188e-01	
1  94.3357	2.415713e+00	1.268926e-01	6.992208e-01	2.730696e+00	8.403108e-01	2.074618e+00	-4.382944e-01	2.355282e+00	2.125087e+00	2.195184e+00	1.433126e+00	2.151544e+00	1.637192e+00	3.102696e-01	1.534356e+00	6.805188e-01	
18  94.4554	2.415713e+00	1.268926e-01	6.992208e-01	2.730696e+00	8.403108e-01	2.082400e+00	-2.857647e-01	2.351870e+00	1.937558e+00	2.187300e+00	1.276403e+00	2.131565e+00	1.455795e+00	3.102696e-01	1.534356e+00	6.805188e-01	
4  96.0093	2.270712e+00	1.280385e-01	7.109146e-01	2.828869e+00	8.571873e-01	1.933443e+00	-3.042136e-01	2.200844e+00	1.813661e+00	2.060913e+00	1.119416e+00	1.987318e+00	1.177185e+00	2.995448e-01	1.692630e+00	7.336891e-01	
2  96.0881	2.270712e+00	1.280385e-01	7.109146e-01	2.828869e+00	8.571873e-01	1.943821e+00	-2.136732e-01	2.186908e+00	1.815239e+00	2.007541e+00	7.148662e-01	2.068754e+00	1.462073e+00	2.995448e-01	1.692630e+00	7.336891e-01	
10  95.7932	2.270712e+00	1.280385e-01	7.109146e-01	2.828869e+00	8.571873e-01	1.953584e+00	-1.525145e-01	2.163155e+00	1.761255e+00	2.027025e+00	8.795917e-01	2.072454e+00	1.471595e+00	2.995448e-01	1.692630e+00	7.336891e-01	
3  96.1638	2.270712e+00	1.280385e-01	7.109146e-01	2.828869e+00	8.571873e-01	1.990493e+00	-5.319684e-02	2.168917e+00	1.652838e+00	2.060990e+00	1.136362e+00	2.083578e+00	1.694121e+00	2.995448e-01	1.692630e+00	7.336891e-01	
3  95.1072	2.270712e+00	1.280385e-01	7.109146e-01	2.828869e+00	8.571873e-01	1.979782e+00	1.502641e-03	2.144500e+00	1.528621e+00	2.043905e+00	1.030290e+00	2.039854e+00	1.376436e+00	2.995448e-01	1.692630e+00	7.336891e-01	
4  92.851	2.363300e+00	1.277524e-01	6.989430e-01	2.827194e+00	8.610806e-01	2.030805e+00	1.196159e-01	2.178520e+00	1.513379e+00	2.079976e+00	1.090034e+00	2.063772e+00	1.403651e+00	3.112035e-01	1.689798e+00	7.255816e-01	
2  93.7567	2.292381e+00	1.169021e-01	6.759595e-01	2.797282e+00	9.654691e-01	2.278736e+00	6.303747e-01	2.355167e+00	1.661807e+00	2.262179e+00	1.463389e+00	2.199530e+00	1.242276e+00	3.074272e-01	1.640001e+00	7.016901e-01	
3  92.9298	2.292381e+00	1.169021e-01	6.759595e-01	2.797282e+00	9.654691e-01	2.247888e+00	2.742171e-01	2.381952e+00	1.842397e+00	2.272768e+00	1.560747e+00	2.223506e+00	1.358155e+00	3.074272e-01	1.640001e+00	7.016901e-01	
5  94.7949	2.292381e+00	1.169021e-01	6.759595e-01	2.797282e+00	9.654691e-01	2.273212e+00	2.637434e-01	2.388879e+00	1.928462e+00	2.234657e+00	1.202768e+00	2.263164e+00	1.382080e+00	3.074272e-01	1.640001e+00	7.016901e-01	
2  97.3909	2.341349e+00	1.114825e-01	6.664225e-01	2.792591e+00	9.921523e-01	2.350128e+00	3.052602e-01	2.460805e+00	1.996073e+00	2.298718e+00	1.314915e+00	2.332223e+00	1.512285e+00	3.051888e-01	1.632325e+00	6.805250e-01	
3  97.0426	2.333878e+00	1.078759e-01	6.653372e-01	2.920190e+00	9.940182e-01	2.186615e+00	2.647354e-02	2.334312e+00	1.876823e+00	2.179069e+00	1.135194e+00	2.226857e+00	1.537850e+00	2.978691e-01	1.854481e+00	7.103922e-01	
1  95.844	2.333878e+00	1.078759e-01	6.653372e-01	2.920190e+00	9.940182e-01	2.265553e+00	5.938275e-01	2.358714e+00	2.207319e+00	2.159689e+00	1.186095e+00	2.205149e+00	1.404757e+00	2.978691e-01	1.854481e+00	7.103922e-01	
9  95.0157	2.333878e+00	1.078759e-01	6.653372e-01	2.920190e+00	9.940182e-01	2.147269e+00	-2.415586e-02	2.323195e+00	1.756564e+00	2.131448e+00	9.060138e-01	2.188795e+00	1.276509e+00	2.978691e-01	1.854481e+00	7.103922e-01	
2  93.2384	2.351004e+00	1.235065e-01	6.734935e-01	2.837536e+00	9.059717e-01	2.102224e+00	2.700905e-02	2.272502e+00	1.649900e+00	2.087464e+00	7.748843e-01	2.125544e+00	1.062924e+00	3.255352e-01	1.707364e+00	7.213330e-01	
1  93.0781	2.351004e+00	1.235065e-01	6.734935e-01	2.837536e+00	9.059717e-01	2.078588e+00	-5.994356e-02	2.234088e+00	1.337792e+00	2.126710e+00	1.145180e+00	2.134217e+00	1.338552e+00	3.255352e-01	1.707364e+00	7.213330e-01	
4  90.5801	2.351004e+00	1.235065e-01	6.734935e-01	2.837536e+00	9.059717e-01	2.136050e+00	3.552752e-01	2.288762e+00	1.748890e+00	2.114857e+00	1.274234e+00	2.086742e+00	1.219005e+00	3.255352e-01	1.707364e+00	7.213330e-01	
17  90.8169	2.351004e+00	1.235065e-01	6.734935e-01	2.837536e+00	9.059717e-01	2.123338e+00	2.068800e-01	2.239480e+00	1.018874e+00	2.135151e+00	1.574783e+00	2.023394e+00	6.566941e-01	3.255352e-01	1.707364e+00	7.213330e-01	
7  89.7161	2.328615e+00	1.240001e-01	6.883454e-01	2.782204e+00	8.995882e-01	2.146454e+00	1.303776e-01	2.274234e+00	1.118354e+00	2.157314e+00	1.593296e+00	2.070778e+00	8.001786e-01	3.122084e-01	1.615459e+00	7.062085e-01	
2  89.7559	2.328615e+00	1.240001e-01	6.883454e-01	2.782204e+00	8.995882e-01	2.169002e+00	1.837403e-01	2.286033e+00	1.120336e+00	2.133519e+00	1.524669e+00	2.094383e+00	1.022513e+00	3.122084e-01	1.615459e+00	7.062085e-01	
1  90.2581	2.328615e+00	1.240001e-01	6.883454e-01	2.782204e+00	8.995882e-01	2.181400e+00	1.978692e-01	2.347340e+00	1.567670e+00	2.129196e+00	1.349059e+00	2.161271e+00	1.364030e+00	3.122084e-01	1.615459e+00	7.062085e-01	
2  90.1808	2.328615e+00	1.240001e-01	6.883454e-01	2.782204e+00	8.995882e-01	2.147581e+00	1.968008e-01	2.303878e+00	9.626372e-01	2.160551e+00	1.627627e+00	2.136620e+00	1.626112e+00	3.122084e-01	1.615459e+00	7.062085e-01	
1  92.2576	2.269034e+00	1.310942e-01	6.987602e-01	2.690302e+00	8.507802e-01	2.156885e+00	1.472326e-01	2.324064e+00	9.947138e-01	2.171422e+00	1.598105e+00	2.152832e+00	1.560571e+00	3.162800e-01	1.473613e+00	6.906774e-01	
10  90.7639	2.417946e+00	1.343386e-01	7.146494e-01	2.823461e+00	8.379612e-01	1.950314e+00	-2.469879e-02	2.131872e+00	8.249802e-01	1.998932e+00	1.337416e+00	1.999047e+00	1.725681e+00	3.116405e-01	1.683502e+00	7.405970e-01	
1  90.8335	2.417946e+00	1.343386e-01	7.146494e-01	2.823461e+00	8.379612e-01	1.980439e+00	7.338432e-02	2.092806e+00	5.073145e-01	1.996331e+00	1.387242e+00	2.006814e+00	1.430989e+00	3.116405e-01	1.683502e+00	7.405970e-01	
3  89.7365	2.417946e+00	1.343386e-01	7.146494e-01	2.823461e+00	8.379612e-01	1.967851e+00	-4.646075e-03	2.105224e+00	8.002770e-01	1.961936e+00	8.090979e-01	2.000520e+00	1.464894e+00	3.116405e-01	1.683502e+00	7.405970e-01	
2  88.4512	2.414240e+00	1.286695e-01	7.032240e-01	2.875181e+00	8.757303e-01	1.985963e+00	5.948058e-02	2.113378e+00	7.906981e-01	1.975464e+00	8.646751e-01	2.002803e+00	1.434714e+00	3.103106e-01	1.772863e+00	7.486549e-01	
1  89.2532	2.427460e+00	1.387403e-01	7.025646e-01	2.844917e+00	8.526051e-01	1.996932e+00	3.798416e-01	2.076630e+00	6.840070e-01	1.961595e+00	8.483280e-01	1.941476e+00	1.125977e+00	3.315641e-01	1.720014e+00	7.645169e-01	
1  89.1941	2.427460e+00	1.387403e-01	7.025646e-01	2.844917e+00	8.526051e-01	2.021137e+00	4.615452e-01	2.065276e+00	8.669295e-01	1.965440e+00	1.147814e+00	1.890786e+00	8.041617e-01	3.315641e-01	1.720014e+00	7.645169e-01	
3  90.7665	2.427460e+00	1.387403e-01	7.025646e-01	2.844917e+00	8.526051e-01	1.966560e+00	2.089552e-01	2.086489e+00	7.980594e-01	1.981554e+00	1.115749e+00	1.861452e+00	9.784834e-01	3.315641e-01	1.720014e+00	7.645169e-01	
16  90.3303	2.427460e+00	1.387403e-01	7.025646e-01	2.844917e+00	8.526051e-01	1.960512e+00	1.819530e-01	2.120332e+00	1.030038e+00	1.996991e+00	1.238834e+00	1.909514e+00	1.435704e+00	3.315641e-01	1.720014e+00	7.645169e-01	
15  91.9665	2.427460e+00	1.387403e-01	7.025646e-01	2.844917e+00	8.526051e-01	1.941048e+00	-8.112269e-02	2.118322e+00	1.174405e+00	2.015570e+00	1.683086e+00	1.959996e+00	1.487687e+00	3.315641e-01	1.720014e+00	7.645169e-01	
11  91.8249	2.295090e+00	1.386263e-01	6.944941e-01	2.752281e+00	8.277827e-01	2.018810e+00	-1.589572e-01	2.216293e+00	1.260768e+00	2.093640e+00	1.765872e+00	2.038466e+00	1.373081e+00	3.363339e-01	1.567835e+00	7.279878e-01	
5  89.7643	2.295090e+00	1.386263e-01	6.944941e-01	2.752281e+00	8.277827e-01	2.043486e+00	1.034810e-01	2.216506e+00	1.415026e+00	2.052210e+00	1.222231e+00	2.011023e+00	1.158741e+00	3.363339e-01	1.567835e+00	7.279878e-01	
4  91.1044	2.369202e+00	1.411127e-01	6.941076e-01	2.948484e+00	8.426011e-01	1.827067e+00	1.510813e-01	1.982286e+00	1.131944e+00	1.860968e+00	9.772319e-01	1.788921e+00	9.658186e-01	3.434079e-01	1.907701e+00	8.115431e-01	
12  92.9482	2.369202e+00	1.411127e-01	6.941076e-01	2.948484e+00	8.426011e-01	1.824132e+00	2.259378e-01	1.934159e+00	5.022036e-01	1.882564e+00	1.190125e+00	1.768203e+00	7.665103e-01	3.434079e-01	1.907701e+00	8.115431e-01	
4  91.7385	2.369202e+00	1.411127e-01	6.941076e-01	2.948484e+00	8.426011e-01	1.846463e+00	2.359552e-01	2.022882e+00	1.266149e+00	1.854013e+00	1.149231e+00	1.784729e+00	5.070716e-01	3.434079e-01	1.907701e+00	8.115431e-01	
32  92.0281	2.369202e+00	1.411127e-01	6.941076e-01	2.948484e+00	8.426011e-01	1.869418e+00	3.527192e-01	1.993686e+00	1.290794e+00	1.938519e+00	1.377365e+00	1.786504e+00	7.049148e-01	3.434079e-01	1.907701e+00	8.115431e-01	
6  91.8637	2.361277e+00	1.328320e-01	6.867235e-01	2.920119e+00	8.993732e-01	2.011159e+00	5.029706e-01	2.115249e+00	1.436068e+00	2.050782e+00	1.588492e+00	1.900010e+00	8.156721e-01	3.331053e-01	1.854349e+00	7.871184e-01	
1  94.9037	2.361277e+00	1.328320e-01	6.867235e-01	2.920119e+00	8.993732e-01	2.057493e+00	5.758243e-01	2.171369e+00	1.979388e+00	2.029935e+00	1.557992e+00	1.955715e+00	1.492297e+00	3.331053e-01	1.854349e+00	7.871184e-01	
1  94.0521	2.361277e+00	1.328320e-01	6.867235e-01	2.920119e+00	8.993732e-01	2.068585e+00	7.736254e-01	2.164753e+00	1.652512e+00	2.043604e+00	1.888066e+00	1.951627e+00	1.302862e+00	3.331053e-01	1.854349e+00	7.871184e-01	
3  93.8311	2.361277e+00	1.328320e-01	6.867235e-01	2.920119e+00	8.993732e-01	2.065353e+00	6.692033e-01	2.107147e+00	1.594867e+00	2.042553e+00	1.810562e+00	1.961235e+00	1.280471e+00	3.331053e-01	1.854349e+00	7.871184e-01	
16  92.7522	2.348401e+00	1.337618e-01	7.062037e-01	2.887284e+00	8.969850e-01	2.056675e+00	5.919605e-01	2.108017e+00	1.672027e+00	2.035971e+00	1.792803e+00	1.980949e+00	1.432432e+00	3.165881e-01	1.794450e+00	7.824728e-01	
1  93.1248	2.348401e+00	1.337618e-01	7.062037e-01	2.887284e+00	8.969850e-01	2.081431e+00	6.876601e-01	2.113056e+00	1.511241e+00	2.031099e+00	1.694546e+00	1.920770e+00	7.793027e-01	3.165881e-01	1.794450e+00	7.824728e-01	
2  89.7453	2.348401e+00	1.337618e-01	7.062037e-01	2.887284e+00	8.969850e-01	2.063400e+00	7.481979e-01	2.111056e+00	1.363566e+00	2.016968e+00	1.624268e+00	1.915926e+00	9.180749e-01	3.165881e-01	1.794450e+00	7.824728e-01	
2  88.7808	2.348401e+00	1.337618e-01	7.062037e-01	2.887284e+00	8.969850e-01	2.037779e+00	6.644312e-01	2.092144e+00	1.067647e+00	1.984263e+00	1.308089e+00	1.899970e+00	1.127788e+00	3.165881e-01	1.794450e+00	7.824728e-01	
1  89.193	2.348401e+00	1.337618e-01	7.062037e-01	2.887284e+00	8.969850e-01	2.068132e+00	9.149800e-01	2.088714e+00	1.228529e+00	1.981031e+00	1.272922e+00	1.920762e+00	9.699419e-01	3.165881e-01	1.794450e+00	7.824728e-01	
2  89.2414	2.348401e+00	1.337618e-01	7.062037e-01	2.887284e+00	8.969850e-01	2.067903e+00	8.119671e-01	2.104800e+00	1.443127e+00	1.951164e+00	1.046092e+00	1.953577e+00	1.065782e+00	3.165881e-01	1.794450e+00	7.824728e-01	
4  91.3526	2.291827e+00	1.431591e-01	7.025886e-01	2.729405e+00	8.359474e-01	2.177700e+00	9.356941e-01	2.204965e+00	1.491826e+00	2.039445e+00	1.124443e+00	2.022666e+00	8.698071e-01	3.377453e-01	1.532377e+00	7.376950e-01	
3  89.86	2.320184e+00	1.364039e-01	7.028931e-01	2.821427e+00	8.384055e-01	2.061684e+00	5.490868e-01	2.143355e+00	1.469808e+00	1.967245e+00	1.001394e+00	1.991545e+00	1.115392e+00	3.243540e-01	1.680080e+00	7.498418e-01	
1  91.1708	2.320184e+00	1.364039e-01	7.028931e-01	2.821427e+00	8.384055e-01	2.057240e+00	4.867268e-01	2.204355e+00	1.878717e+00	1.943853e+00	8.566655e-01	2.003512e+00	1.369311e+00	3.243540e-01	1.680080e+00	7.498418e-01	
10  88.7561	2.320184e+00	1.364039e-01	7.028931e-01	2.821427e+00	8.384055e-01	2.008244e+00	2.768159e-01	2.147785e+00	1.137097e+00	1.941467e+00	7.518455e-01	1.946586e+00	9.778974e-01	3.243540e-01	1.680080e+00	7.498418e-01	
1  91.6558	2.320184e+00	1.364039e-01	7.028931e-01	2.821427e+00	8.384055e-01	2.056959e+00	5.620028e-01	2.156135e+00	1.103547e+00	1.918335e+00	7.241073e-01	1.915490e+00	5.197791e-01	3.243540e-01	1.680080e+00	7.498418e-01	
4  92.2603	2.320184e+00	1.364039e-01	7.028931e-01	2.821427e+00	8.384055e-01	2.125216e+00	9.931480e-01	2.121819e+00	1.052259e+00	1.935021e+00	6.861252e-01	1.910150e+00	6.726695e-01	3.243540e-01	1.680080e+00	7.498418e-01	
10  92.1045	2.320184e+00	1.364039e-01	7.028931e-01	2.821427e+00	8.384055e-01	2.131651e+00	1.112871e+00	2.129030e+00	1.096986e+00	1.947933e+00	7.392364e-01	1.971456e+00	1.034780e+00	3.243540e-01	1.680080e+00	7.498418e-01	
5  93.7846	2.320184e+00	1.364039e-01	7.028931e-01	2.821427e+00	8.384055e-01	2.118215e+00	9.826934e-01	2.093784e+00	9.708535e-01	1.954412e+00	9.096227e-01	2.059858e+00	1.502834e+00	3.243540e-01	1.680080e+00	7.498418e-01	
4  94.6459	2.320184e+00	1.364039e-01	7.028931e-01	2.821427e+00	8.384055e-01	2.102190e+00	8.403931e-01	2.063987e+00	7.673226e-01	1.965595e+00	1.012060e+00	2.044302e+00	1.038781e+00	3.243540e-01	1.680080e+00	7.498418e-01	
9  94.0069	2.341662e+00	1.373553e-01	7.044846e-01	2.903562e+00	8.723804e-01	2.051839e+00	1.065990e+00	1.974337e+00	6.592218e-01	1.904534e+00	9.727799e-01	1.952184e+00	8.784896e-01	3.252399e-01	1.823900e+00	7.940100e-01	
7  94.6397	2.341662e+00	1.373553e-01	7.044846e-01	2.903562e+00	8.723804e-01	2.064373e+00	1.102749e+00	1.978821e+00	6.068330e-01	1.944201e+00	1.052125e+00	1.918812e+00	7.333480e-01	3.252399e-01	1.823900e+00	7.940100e-01	
3  94.466	2.341662e+00	1.373553e-01	7.044846e-01	2.903562e+00	8.723804e-01	2.065759e+00	1.050441e+00	1.978517e+00	4.620349e-01	1.947331e+00	1.253991e+00	1.891516e+00	6.686549e-01	3.252399e-01	1.823900e+00	7.940100e-01	
6  91.9995	2.341662e+00	1.373553e-01	7.044846e-01	2.903562e+00	8.723804e-01	2.043716e+00	7.161766e-01	2.007072e+00	6.906392e-01	1.911986e+00	1.081511e+00	1.877351e+00	7.705370e-01	3.252399e-01	1.823900e+00	7.940100e-01	
12  92.4206	2.288102e+00	1.304846e-01	6.947206e-01	2.964794e+00	8.863868e-01	1.997788e+00	5.030291e-01	1.993775e+00	6.806734e-01	1.891797e+00	1.053033e+00	1.869696e+00	7.982301e-01	3.191007e-01	1.939071e+00	7.986559e-01	
