3  411.153	2.218079e+00	1.186546e-01	6.834577e-01	3.206991e+00	9.931466e-01	1.836434e+00	5.935295e-02	1.819216e+00	-7.277906e-02	1.834765e+00	-1.110876e-01	1.847333e+00	-3.976579e-02	3.028798e-01	2.470464e+00	8.862291e-01	
4  366.723	2.245354e+00	1.134490e-01	7.009844e-01	3.144450e+00	1.023414e+00	1.912821e+00	-8.350623e-02	1.907715e+00	-1.532415e-02	1.916805e+00	-3.360964e-02	1.931447e+00	2.081095e-02	2.778845e-01	2.320690e+00	8.469470e-01	
2  271.96	2.245354e+00	1.134490e-01	7.009844e-01	3.144450e+00	1.023414e+00	1.924615e+00	-1.469014e-01	1.944538e+00	3.908420e-01	1.946993e+00	3.336867e-01	1.930193e+00	2.031692e-01	2.778845e-01	2.320690e+00	8.469470e-01	
4  222.393	2.245354e+00	1.134490e-01	7.009844e-01	3.144450e+00	1.023414e+00	1.973782e+00	4.500243e-01	1.915118e+00	4.297669e-01	2.015526e+00	8.507274e-01	1.916393e+00	-1.435614e-02	2.778845e-01	2.320690e+00	8.469470e-01	
1  208.175	2.265144e+00	1.009788e-01	6.891337e-01	3.293100e+00	1.110952e+00	1.944030e+00	5.058543e-01	1.875214e+00	4.173391e-01	1.980282e+00	8.400705e-01	1.880676e+00	-1.254459e-02	2.616824e-01	2.692620e+00	8.669335e-01	
1  176.512	2.267736e+00	1.011643e-01	6.856645e-01	3.096356e+00	1.105947e+00	2.174826e+00	6.115627e-01	2.104614e+00	5.692127e-01	2.191222e+00	1.020269e+00	2.075418e+00	8.352359e-02	2.647868e-01	2.211721e+00	7.840741e-01	
6  171.965	2.341628e+00	9.359141e-02	7.008478e-01	3.143993e+00	1.150828e+00	2.143718e+00	3.621315e-01	2.092702e+00	5.375960e-01	2.181073e+00	1.008561e+00	2.073632e+00	8.771338e-02	2.395252e-01	2.319630e+00	7.721637e-01	
1  163.089	2.341628e+00	9.359141e-02	7.008478e-01	3.143993e+00	1.150828e+00	2.245181e+00	1.221903e+00	2.135313e+00	1.008982e+00	2.188897e+00	1.024452e+00	2.182329e+00	5.613979e-01	2.395252e-01	2.319630e+00	7.721637e-01	
2  153.297	2.341628e+00	9.359141e-02	7.008478e-01	3.143993e+00	1.150828e+00	2.196674e+00	9.508282e-01	2.146274e+00	1.484225e+00	2.189440e+00	1.003988e+00	2.199612e+00	8.664427e-01	2.395252e-01	2.319630e+00	7.721637e-01	
4  145.186	2.341628e+00	9.359141e-02	7.008478e-01	3.143993e+00	1.150828e+00	2.135941e+00	2.592512e-01	2.150108e+00	1.437935e+00	2.186559e+00	1.135184e+00	2.241327e+00	1.546003e+00	2.395252e-01	2.319630e+00	7.721637e-01	
5  142.413	2.294532e+00	9.507136e-02	7.037032e-01	2.940048e+00	1.138038e+00	2.354341e+00	3.887492e-01	2.363040e+00	1.601723e+00	2.382212e+00	1.313757e+00	2.424131e+00	1.653341e+00	2.396229e-01	1.891675e+00	7.053628e-01	
7  131.318	2.294532e+00	9.507136e-02	7.037032e-01	2.940048e+00	1.138038e+00	2.356674e+00	5.636463e-01	2.408013e+00	1.893354e+00	2.324661e+00	1.180708e+00	2.437752e+00	2.050077e+00	2.396229e-01	1.891675e+00	7.053628e-01	
2  125.691	2.269961e+00	1.150032e-01	7.011868e-01	2.770900e+00	1.020170e+00	2.403002e+00	7.507387e-01	2.443671e+00	1.913170e+00	2.356114e+00	1.187514e+00	2.460046e+00	2.026975e+00	2.813858e-01	1.597300e+00	7.067616e-01	
1  120.112	2.169448e+00	1.058096e-01	6.711258e-01	2.989766e+00	1.021000e+00	2.201906e+00	5.538093e-01	2.266191e+00	1.763945e+00	2.189773e+00	1.019033e+00	2.306810e+00	1.927582e+00	2.845147e-01	1.988103e+00	7.449494e-01	
2  118.275	2.120304e+00	1.181767e-01	6.533007e-01	2.722547e+00	9.212557e-01	2.414872e+00	7.252938e-01	2.480363e+00	1.885474e+00	2.384363e+00	1.156247e+00	2.481364e+00	1.974136e+00	3.280771e-01	1.521903e+00	6.740786e-01	
1  113.289	2.120304e+00	1.181767e-01	6.533007e-01	2.722547e+00	9.212557e-01	2.445635e+00	7.175202e-01	2.431627e+00	1.159377e+00	2.349401e+00	9.028829e-01	2.407372e+00	1.800989e+00	3.280771e-01	1.521903e+00	6.740786e-01	
7  104.599	2.120304e+00	1.181767e-01	6.533007e-01	2.722547e+00	9.212557e-01	2.370407e+00	3.718765e-01	2.467626e+00	9.208240e-01	2.354749e+00	1.106725e+00	2.353225e+00	1.582822e+00	3.280771e-01	1.521903e+00	6.740786e-01	
3  106.572	2.115574e+00	1.129131e-01	6.535624e-01	2.834037e+00	9.696480e-01	2.308537e+00	4.323645e-01	2.393129e+00	8.980520e-01	2.287465e+00	1.071142e+00	2.289714e+00	1.575418e+00	3.153809e-01	1.701401e+00	7.048718e-01	
4  105.769	2.120272e+00	1.223698e-01	6.607704e-01	2.703343e+00	9.072262e-01	2.361121e+00	4.177700e-01	2.451548e+00	9.227178e-01	2.340358e+00	1.100654e+00	2.339629e+00	1.581869e+00	3.303044e-01	1.492956e+00	6.804819e-01	
2  105.748	2.120272e+00	1.223698e-01	6.607704e-01	2.703343e+00	9.072262e-01	2.417144e+00	8.800717e-01	2.483077e+00	1.196233e+00	2.338991e+00	1.072458e+00	2.321679e+00	1.480075e+00	3.303044e-01	1.492956e+00	6.804819e-01	
11  104	2.120272e+00	1.223698e-01	6.607704e-01	2.703343e+00	9.072262e-01	2.346893e+00	4.957337e-01	2.473089e+00	6.659325e-01	2.298055e+00	1.099106e+00	2.258078e+00	1.247617e+00	3.303044e-01	1.492956e+00	6.804819e-01	
6  97.5771	2.120272e+00	1.223698e-01	6.607704e-01	2.703343e+00	9.072262e-01	2.310366e+00	2.868244e-01	2.450012e+00	7.976145e-01	2.279700e+00	1.016151e+00	2.221559e+00	1.314599e+00	3.303044e-01	1.492956e+00	6.804819e-01	
3  100.715	2.138623e+00	1.185462e-01	6.576712e-01	2.795792e+00	9.520235e-01	2.272895e+00	3.930423e-01	2.396701e+00	7.833829e-01	2.232113e+00	9.940220e-01	2.173680e+00	1.306747e+00	3.250089e-01	1.637559e+00	7.083541e-01	
1  98.6731	2.074703e+00	1.063027e-01	6.350018e-01	2.917272e+00	9.787313e-01	2.205786e+00	2.032216e-01	2.353688e+00	7.256436e-01	2.190368e+00	9.399206e-01	2.138111e+00	1.277019e+00	3.166796e-01	1.849078e+00	7.069738e-01	
1  98.9794	2.074703e+00	1.063027e-01	6.350018e-01	2.917272e+00	9.787313e-01	2.252051e+00	5.794685e-01	2.386703e+00	1.137870e+00	2.203859e+00	9.440434e-01	2.222290e+00	1.628466e+00	3.166796e-01	1.849078e+00	7.069738e-01	
4  98.5142	2.074703e+00	1.063027e-01	6.350018e-01	2.917272e+00	9.787313e-01	2.209948e+00	3.221078e-01	2.366489e+00	1.136239e+00	2.222476e+00	9.987133e-01	2.075708e+00	8.694068e-01	3.166796e-01	1.849078e+00	7.069738e-01	
6  96.9502	2.074703e+00	1.063027e-01	6.350018e-01	2.917272e+00	9.787313e-01	2.226264e+00	2.743442e-01	2.355684e+00	1.106289e+00	2.212395e+00	1.045993e+00	2.078340e+00	9.331062e-01	3.166796e-01	1.849078e+00	7.069738e-01	
1  95.1293	2.096294e+00	1.078613e-01	6.501582e-01	2.874055e+00	9.981065e-01	2.277468e+00	3.789524e-01	2.391279e+00	1.161863e+00	2.246878e+00	1.099754e+00	2.110637e+00	9.758124e-01	3.062848e-01	1.770868e+00	7.056174e-01	
2  95.7614	2.106171e+00	1.192490e-01	6.661541e-01	2.817185e+00	9.055812e-01	2.179471e+00	1.131282e-01	2.321057e+00	1.071348e+00	2.180271e+00	1.006184e+00	2.055617e+00	9.132094e-01	3.176367e-01	1.672969e+00	7.105462e-01	
9  92.7482	2.106171e+00	1.192490e-01	6.661541e-01	2.817185e+00	9.055812e-01	2.201759e+00	2.187963e-01	2.293444e+00	1.034706e+00	2.106504e+00	7.603013e-01	2.092211e+00	1.477813e+00	3.176367e-01	1.672969e+00	7.105462e-01	
3  92.133	2.072564e+00	1.117207e-01	6.623721e-01	2.800602e+00	9.389199e-01	2.273387e+00	2.002445e-01	2.369227e+00	1.092755e+00	2.176029e+00	8.278944e-01	2.159507e+00	1.526926e+00	3.033492e-01	1.645455e+00	6.854223e-01	
6  91.6964	2.072564e+00	1.117207e-01	6.623721e-01	2.800602e+00	9.389199e-01	2.264561e+00	2.239523e-01	2.396108e+00	1.713866e+00	2.211838e+00	9.384882e-01	2.195217e+00	1.690155e+00	3.033492e-01	1.645455e+00	6.854223e-01	
33  92.8797	2.072564e+00	1.117207e-01	6.623721e-01	2.800602e+00	9.389199e-01	2.263484e+00	3.095240e-01	2.417681e+00	1.922778e+00	2.148850e+00	5.397397e-01	2.251611e+00	1.679892e+00	3.033492e-01	1.645455e+00	6.854223e-01	
23  90.7625	2.072564e+00	1.117207e-01	6.623721e-01	2.800602e+00	9.389199e-01	2.239407e+00	1.749632e-01	2.423757e+00	1.740563e+00	2.191472e+00	1.076657e+00	2.236599e+00	1.501665e+00	3.033492e-01	1.645455e+00	6.854223e-01	
2  91.4626	2.088564e+00	1.069068e-01	6.588903e-01	2.851087e+00	9.656441e-01	2.222035e+00	1.280705e-01	2.410100e+00	1.724202e+00	2.179109e+00	1.065617e+00	2.225510e+00	1.496422e+00	2.958437e-01	1.730659e+00	6.879801e-01	
24  91.5375	2.088826e+00	1.260578e-01	6.749277e-01	2.763704e+00	9.062541e-01	2.224233e+00	5.054564e-01	2.368833e+00	1.755914e+00	2.143062e+00	1.062590e+00	2.183360e+00	1.491644e+00	3.239984e-01	1.585848e+00	7.190781e-01	
2  92.764	2.122361e+00	1.258541e-01	6.661669e-01	2.783401e+00	9.183995e-01	2.236409e+00	5.974072e-01	2.372448e+00	1.755083e+00	2.146989e+00	1.065621e+00	2.181804e+00	1.482698e+00	3.328731e-01	1.617393e+00	7.246860e-01	
5  91.44	2.119942e+00	1.013013e-01	6.499948e-01	3.048876e+00	1.033295e+00	2.105800e+00	2.892652e-01	2.268611e+00	1.658635e+00	2.051107e+00	9.813147e-01	2.099376e+00	1.451960e+00	2.914716e-01	2.109161e+00	7.463654e-01	
8  91.0161	2.119942e+00	1.013013e-01	6.499948e-01	3.048876e+00	1.033295e+00	2.137545e+00	4.515054e-01	2.216032e+00	1.096872e+00	2.086017e+00	1.147078e+00	2.074509e+00	1.311424e+00	2.914716e-01	2.109161e+00	7.463654e-01	
23  89.8586	2.155728e+00	1.062926e-01	6.534828e-01	3.179805e+00	1.008576e+00	1.941999e+00	3.505102e-01	2.024414e+00	9.508750e-01	1.909654e+00	9.823771e-01	1.909926e+00	1.209841e+00	3.008948e-01	2.404206e+00	8.141300e-01	
3  90.3434	2.123267e+00	1.108117e-01	6.587675e-01	3.110056e+00	1.006492e+00	2.018044e+00	5.892423e-01	2.075285e+00	1.031401e+00	1.957567e+00	1.050210e+00	1.950982e+00	1.256531e+00	3.057518e-01	2.242229e+00	8.111075e-01	
9  90.1115	2.092301e+00	1.064312e-01	6.436940e-01	3.116910e+00	9.649293e-01	1.970616e+00	2.172890e-01	2.075555e+00	9.562154e-01	1.954092e+00	9.944909e-01	1.954818e+00	1.210266e+00	3.089196e-01	2.257652e+00	7.792417e-01	
15  90.0334	2.125528e+00	1.004612e-01	6.643582e-01	3.155242e+00	1.047976e+00	2.004446e+00	3.494219e-01	2.084055e+00	1.020218e+00	1.965277e+00	1.053794e+00	1.966620e+00	1.273724e+00	2.772280e-01	2.345871e+00	7.903046e-01	
12  90.8832	2.187192e+00	1.053581e-01	6.578571e-01	3.266825e+00	1.051489e+00	1.895763e+00	5.085594e-01	1.953975e+00	9.386355e-01	1.847071e+00	9.562572e-01	1.847487e+00	1.202728e+00	2.954743e-01	2.622792e+00	8.576319e-01	
4  91.3197	2.202937e+00	1.105948e-01	6.714725e-01	3.282432e+00	1.003925e+00	1.779947e+00	2.638127e-01	1.860463e+00	8.446081e-01	1.759888e+00	8.582152e-01	1.772911e+00	1.145430e+00	2.955769e-01	2.664048e+00	8.801097e-01	
6  91.1692	2.202937e+00	1.105948e-01	6.714725e-01	3.282432e+00	1.003925e+00	1.804168e+00	5.372960e-01	1.807682e+00	4.353862e-01	1.745175e+00	9.267614e-01	1.773261e+00	1.245078e+00	2.955769e-01	2.664048e+00	8.801097e-01	
4  91.0318	2.202937e+00	1.105948e-01	6.714725e-01	3.282432e+00	1.003925e+00	1.780126e+00	3.531076e-01	1.800353e+00	6.553906e-01	1.778078e+00	1.182208e+00	1.790572e+00	1.234015e+00	2.955769e-01	2.664048e+00	8.801097e-01	
12  91.2656	2.239430e+00	1.211119e-01	6.835880e-01	3.178557e+00	9.676108e-01	1.832247e+00	4.927886e-01	1.837346e+00	6.937461e-01	1.813110e+00	1.217930e+00	1.819916e+00	1.247790e+00	3.084799e-01	2.401209e+00	8.751837e-01	
13  92.2537	2.294253e+00	1.215108e-01	6.787566e-01	3.230848e+00	9.435282e-01	1.739873e+00	2.635095e-01	1.769829e+00	5.915939e-01	1.749764e+00	1.127649e+00	1.762657e+00	1.178427e+00	3.149428e-01	2.530110e+00	8.867683e-01	
1  91.6786	2.214684e+00	1.125054e-01	6.677899e-01	3.280761e+00	1.014205e+00	1.808169e+00	5.329588e-01	1.809340e+00	6.820355e-01	1.787420e+00	1.203561e+00	1.793625e+00	1.242589e+00	3.033937e-01	2.659602e+00	8.907577e-01	
2  91.6193	2.164770e+00	1.159079e-01	6.685066e-01	3.260345e+00	9.917516e-01	1.802631e+00	5.934127e-01	1.798406e+00	6.917466e-01	1.776906e+00	1.199735e+00	1.783741e+00	1.244422e+00	3.092401e-01	2.605852e+00	8.953348e-01	
1  93.2974	2.126295e+00	1.331891e-01	6.652052e-01	3.015686e+00	8.828598e-01	1.950720e+00	7.916716e-01	1.938417e+00	7.834285e-01	1.904194e+00	1.291299e+00	1.896522e+00	1.272856e+00	3.505015e-01	2.040308e+00	8.306124e-01	
7  93.3638	2.126295e+00	1.331891e-01	6.652052e-01	3.015686e+00	8.828598e-01	1.922133e+00	5.561505e-01	1.930934e+00	6.188353e-01	1.865786e+00	9.718594e-01	1.838209e+00	9.406899e-01	3.505015e-01	2.040308e+00	8.306124e-01	
1  93.5079	2.126295e+00	1.331891e-01	6.652052e-01	3.015686e+00	8.828598e-01	1.924157e+00	6.868032e-01	1.958052e+00	8.634618e-01	1.774383e+00	5.634741e-01	1.858159e+00	1.267340e+00	3.505015e-01	2.040308e+00	8.306124e-01	
13  92.1392	2.109511e+00	1.243707e-01	6.741343e-01	3.125724e+00	9.413445e-01	1.857676e+00	6.102470e-01	1.891312e+00	8.425092e-01	1.713931e+00	5.341405e-01	1.807172e+00	1.275676e+00	3.215044e-01	2.277637e+00	8.642800e-01	
1  91.0527	2.124103e+00	1.198834e-01	6.796881e-01	3.104701e+00	9.082788e-01	1.810982e+00	1.025605e-01	1.900967e+00	7.694273e-01	1.719866e+00	4.895912e-01	1.825964e+00	1.246688e+00	3.068744e-01	2.230254e+00	8.261793e-01	
13  90.3184	2.125764e+00	1.071777e-01	6.592009e-01	3.187211e+00	9.762192e-01	1.846460e+00	1.241202e-01	1.936739e+00	7.879720e-01	1.753001e+00	5.220497e-01	1.854025e+00	1.264385e+00	2.970444e-01	2.422078e+00	8.157878e-01	
19  89.1799	2.106405e+00	1.217923e-01	6.681452e-01	3.027769e+00	8.974554e-01	1.911954e+00	2.619160e-01	1.992047e+00	8.365535e-01	1.803458e+00	5.617112e-01	1.898526e+00	1.277704e+00	3.214488e-01	2.065111e+00	7.979813e-01	
4  89.0047	2.106405e+00	1.217923e-01	6.681452e-01	3.027769e+00	8.974554e-01	1.926596e+00	3.888822e-01	2.000731e+00	9.750603e-01	1.812055e+00	6.431046e-01	1.870544e+00	1.261508e+00	3.214488e-01	2.065111e+00	7.979813e-01	
6  90.0151	2.106405e+00	1.217923e-01	6.681452e-01	3.027769e+00	8.974554e-01	1.925484e+00	3.888931e-01	1.966887e+00	4.734901e-01	1.823901e+00	7.039193e-01	1.844924e+00	1.021910e+00	3.214488e-01	2.065111e+00	7.979813e-01	
5  92.6319	2.075985e+00	1.297729e-01	6.703509e-01	3.069980e+00	8.465567e-01	1.803301e+00	3.758776e-01	1.844248e+00	3.917943e-01	1.710224e+00	5.979907e-01	1.738763e+00	9.575805e-01	3.364193e-01	2.154147e+00	8.340640e-01	
1  94.2611	2.075985e+00	1.297729e-01	6.703509e-01	3.069980e+00	8.465567e-01	1.803940e+00	5.363582e-01	1.854258e+00	4.407258e-01	1.759709e+00	8.032186e-01	1.746898e+00	1.228291e+00	3.364193e-01	2.154147e+00	8.340640e-01	
11  92.6979	2.075985e+00	1.297729e-01	6.703509e-01	3.069980e+00	8.465567e-01	1.748302e+00	-3.121992e-03	1.893571e+00	9.040286e-01	1.721016e+00	5.432663e-01	1.734779e+00	8.429262e-01	3.364193e-01	2.154147e+00	8.340640e-01	
3  94.3189	2.075985e+00	1.297729e-01	6.703509e-01	3.069980e+00	8.465567e-01	1.731845e+00	3.973895e-02	1.919472e+00	1.300516e+00	1.800064e+00	1.251619e+00	1.739677e+00	4.897448e-01	3.364193e-01	2.154147e+00	8.340640e-01	
1  100.307	2.075985e+00	1.297729e-01	6.703509e-01	3.069980e+00	8.465567e-01	1.807828e+00	4.939717e-02	1.916500e+00	1.458173e+00	1.803556e+00	1.099881e+00	1.698400e+00	4.578058e-01	3.364193e-01	2.154147e+00	8.340640e-01	
5  98.5226	2.075985e+00	1.297729e-01	6.703509e-01	3.069980e+00	8.465567e-01	1.875828e+00	6.120066e-01	1.922699e+00	1.207688e+00	1.875391e+00	1.798471e+00	1.707939e+00	5.026200e-01	3.364193e-01	2.154147e+00	8.340640e-01	
13  98.5625	2.075836e+00	1.199081e-01	6.868223e-01	3.214427e+00	9.377552e-01	1.802860e+00	6.372235e-01	1.833177e+00	1.201123e+00	1.795635e+00	1.775896e+00	1.637712e+00	5.253048e-01	2.995614e-01	2.488904e+00	8.879305e-01	
3  96.0705	2.121872e+00	1.139671e-01	6.767449e-01	3.229005e+00	9.522988e-01	1.818717e+00	4.755538e-01	1.869582e+00	1.180046e+00	1.828369e+00	1.779884e+00	1.669282e+00	5.152158e-01	2.965825e-01	2.525452e+00	8.645921e-01	
9  93.1779	2.121872e+00	1.139671e-01	6.767449e-01	3.229005e+00	9.522988e-01	1.852820e+00	8.889823e-01	1.885242e+00	1.194919e+00	1.803536e+00	1.461976e+00	1.663192e+00	7.561014e-01	2.965825e-01	2.525452e+00	8.645921e-01	
3  92.7207	2.194525e+00	1.242753e-01	6.814639e-01	3.093681e+00	9.097396e-01	1.945005e+00	9.970842e-01	1.969726e+00	1.237947e+00	1.881879e+00	1.518549e+00	1.731043e+00	7.676150e-01	3.162509e-01	2.205813e+00	8.365062e-01	
2  93.0229	2.194525e+00	1.242753e-01	6.814639e-01	3.093681e+00	9.097396e-01	1.895185e+00	7.406801e-01	1.981286e+00	1.809871e+00	1.827138e+00	9.883392e-01	1.743409e+00	1.164983e+00	3.162509e-01	2.205813e+00	8.365062e-01	
5  91.671	2.194525e+00	1.242753e-01	6.814639e-01	3.093681e+00	9.097396e-01	1.884921e+00	8.168124e-01	1.945482e+00	1.384858e+00	1.763210e+00	6.811438e-01	1.751122e+00	9.576857e-01	3.162509e-01	2.205813e+00	8.365062e-01	
1  93.8301	2.201602e+00	1.077556e-01	6.713755e-01	3.016117e+00	1.001159e+00	2.118746e+00	8.459643e-01	2.182194e+00	1.547685e+00	1.981773e+00	8.845140e-01	1.955867e+00	1.084266e+00	2.893338e-01	2.041187e+00	7.564954e-01	
3  93.5646	2.166733e+00	1.093555e-01	6.865289e-01	3.099884e+00	9.900160e-01	1.975242e+00	7.222466e-01	2.043680e+00	1.468350e+00	1.854144e+00	7.814493e-01	1.843236e+00	1.042929e+00	2.793567e-01	2.219537e+00	7.994798e-01	
1  90.5689	2.266944e+00	1.179175e-01	6.825847e-01	2.959521e+00	9.294481e-01	2.058617e+00	6.432829e-01	2.143704e+00	1.471243e+00	1.945282e+00	8.167917e-01	1.924818e+00	1.026948e+00	3.031219e-01	1.928872e+00	7.581783e-01	
1  90.5378	2.266944e+00	1.179175e-01	6.825847e-01	2.959521e+00	9.294481e-01	1.999482e+00	2.452085e-01	2.114092e+00	1.296332e+00	1.945580e+00	5.878784e-01	1.969011e+00	1.165307e+00	3.031219e-01	1.928872e+00	7.581783e-01	
9  90.2008	2.266944e+00	1.179175e-01	6.825847e-01	2.959521e+00	9.294481e-01	2.011407e+00	2.618619e-01	2.174316e+00	1.785287e+00	1.885800e+00	4.251392e-01	2.014934e+00	1.704062e+00	3.031219e-01	1.928872e+00	7.581783e-01	
12  91.2932	2.274085e+00	1.320548e-01	6.971444e-01	2.797228e+00	8.490549e-01	2.063806e+00	2.908736e-01	2.226662e+00	1.815865e+00	1.933428e+00	4.544041e-01	2.059681e+00	1.711334e+00	3.198281e-01	1.639913e+00	7.307541e-01	
2  91.2757	2.271126e+00	1.202350e-01	6.861527e-01	2.930634e+00	9.518955e-01	2.076791e+00	5.248727e-01	2.209888e+00	1.854765e+00	1.920473e+00	4.854407e-01	2.041659e+00	1.744305e+00	3.049887e-01	1.873950e+00	7.636773e-01	
11  90.7672	2.267292e+00	1.251070e-01	6.963663e-01	2.883710e+00	8.902182e-01	2.019717e+00	2.426215e-01	2.183828e+00	1.794474e+00	1.894426e+00	4.305261e-01	2.025367e+00	1.708739e+00	3.060757e-01	1.788049e+00	7.498414e-01	
2  93.3608	2.246160e+00	1.273512e-01	6.767924e-01	2.781793e+00	8.402400e-01	2.105084e+00	1.992697e-01	2.286640e+00	1.819949e+00	1.986621e+00	4.745151e-01	2.108997e+00	1.709493e+00	3.284743e-01	1.614795e+00	7.044426e-01	
1  92.3064	2.284232e+00	1.335950e-01	6.855148e-01	2.848612e+00	8.049669e-01	1.958929e+00	7.220098e-02	2.148566e+00	1.706516e+00	1.859360e+00	3.496309e-01	1.992008e+00	1.631599e+00	3.342652e-01	1.726381e+00	7.397945e-01	
10  90.8981	2.238369e+00	1.226960e-01	6.929973e-01	2.926632e+00	9.067980e-01	2.000833e+00	2.931899e-01	2.158530e+00	1.794050e+00	1.871326e+00	4.211870e-01	2.003175e+00	1.709852e+00	3.034363e-01	1.866466e+00	7.625374e-01	
5  90.9879	2.250417e+00	1.293695e-01	6.919871e-01	2.888076e+00	8.637881e-01	1.988627e+00	2.935129e-01	2.148832e+00	1.771695e+00	1.861777e+00	3.977708e-01	1.992468e+00	1.683290e+00	3.185112e-01	1.795873e+00	7.596424e-01	
15  91.1903	2.250417e+00	1.293695e-01	6.919871e-01	2.888076e+00	8.637881e-01	2.044679e+00	5.910388e-01	2.144741e+00	1.617296e+00	1.884662e+00	4.557765e-01	1.960534e+00	1.376032e+00	3.185112e-01	1.795873e+00	7.596424e-01	
20  90.7599	2.250417e+00	1.293695e-01	6.919871e-01	2.888076e+00	8.637881e-01	2.010035e+00	3.484237e-01	2.172874e+00	1.932511e+00	1.905453e+00	5.743187e-01	1.933792e+00	9.845332e-01	3.185112e-01	1.795873e+00	7.596424e-01	
5  91.9134	2.287788e+00	1.183668e-01	6.877336e-01	3.011065e+00	8.846018e-01	1.889521e+00	-9.608565e-02	2.097566e+00	1.812356e+00	1.834385e+00	4.759609e-01	1.876870e+00	9.260889e-01	2.999905e-01	2.030902e+00	7.669633e-01	
2  91.3768	2.287788e+00	1.183668e-01	6.877336e-01	3.011065e+00	8.846018e-01	1.904017e+00	1.193726e-01	2.099689e+00	1.337074e+00	1.919472e+00	9.140210e-01	1.896307e+00	1.291345e+00	2.999905e-01	2.030902e+00	7.669633e-01	
1  93.1335	2.287788e+00	1.183668e-01	6.877336e-01	3.011065e+00	8.846018e-01	1.832789e+00	-3.040648e-01	2.112162e+00	1.393437e+00	1.874527e+00	7.150178e-01	1.942613e+00	1.588184e+00	2.999905e-01	2.030902e+00	7.669633e-01	
4  92.1523	2.287788e+00	1.183668e-01	6.877336e-01	3.011065e+00	8.846018e-01	1.836791e+00	-9.223580e-02	2.060143e+00	1.078237e+00	1.892083e+00	7.830285e-01	1.932375e+00	1.912128e+00	2.999905e-01	2.030902e+00	7.669633e-01	
10  92.3986	2.307900e+00	1.254919e-01	7.006740e-01	3.006082e+00	8.671250e-01	1.796957e+00	-9.990721e-03	2.006651e+00	1.062489e+00	1.843935e+00	7.529475e-01	1.886256e+00	1.897479e+00	3.039350e-01	2.020808e+00	7.902243e-01	
2  91.785	2.307900e+00	1.254919e-01	7.006740e-01	3.006082e+00	8.671250e-01	1.799731e+00	-6.406428e-02	2.001321e+00	1.272147e+00	1.830466e+00	6.494738e-01	1.847602e+00	1.736652e+00	3.039350e-01	2.020808e+00	7.902243e-01	
13  92.4363	2.280482e+00	1.267249e-01	7.108935e-01	2.899442e+00	8.786029e-01	1.925544e+00	1.019721e-01	2.109895e+00	1.386721e+00	1.931456e+00	7.633116e-01	1.941633e+00	1.815797e+00	2.971565e-01	1.816401e+00	7.608154e-01	
3  92.2311	2.315655e+00	1.329883e-01	7.047099e-01	2.861639e+00	8.271847e-01	1.907910e+00	2.707545e-02	2.104942e+00	1.341701e+00	1.925686e+00	7.269318e-01	1.934313e+00	1.771854e+00	3.157147e-01	1.749018e+00	7.508988e-01	
1  91.5204	2.287460e+00	1.267681e-01	6.915765e-01	3.045261e+00	8.742328e-01	1.786843e+00	1.204194e-01	1.969217e+00	1.274784e+00	1.801504e+00	6.375790e-01	1.814626e+00	1.727288e+00	3.142247e-01	2.101552e+00	8.123094e-01	
10  91.4343	2.220122e+00	1.222903e-01	6.801790e-01	3.046110e+00	9.140617e-01	1.870390e+00	3.834453e-01	2.027392e+00	1.363624e+00	1.855840e+00	7.156029e-01	1.860144e+00	1.782608e+00	3.137094e-01	2.103336e+00	8.080160e-01	
9  92.9949	2.261459e+00	1.179303e-01	6.743971e-01	2.958780e+00	9.840805e-01	2.088071e+00	7.483135e-01	2.209027e+00	1.530655e+00	2.025849e+00	8.993812e-01	2.009272e+00	1.888827e+00	3.104342e-01	1.927445e+00	7.718940e-01	
7  92.7762	2.261459e+00	1.179303e-01	6.743971e-01	2.958780e+00	9.840805e-01	2.059823e+00	4.963067e-01	2.165529e+00	1.034507e+00	2.038740e+00	9.210189e-01	1.979309e+00	1.482924e+00	3.104342e-01	1.927445e+00	7.718940e-01	
4  90.7793	2.208786e+00	1.259026e-01	6.809747e-01	2.917630e+00	9.034776e-01	1.980568e+00	3.026938e-01	2.109009e+00	9.711297e-01	1.984274e+00	8.468940e-01	1.934709e+00	1.437584e+00	3.205220e-01	1.849740e+00	7.694327e-01	
1  91.5743	2.208786e+00	1.259026e-01	6.809747e-01	2.917630e+00	9.034776e-01	1.999396e+00	4.737533e-01	2.122761e+00	8.887781e-01	1.989190e+00	1.221926e+00	1.988470e+00	2.080700e+00	3.205220e-01	1.849740e+00	7.694327e-01	
2  92.0322	2.208786e+00	1.259026e-01	6.809747e-01	2.917630e+00	9.034776e-01	2.005187e+00	2.555623e-01	2.127036e+00	7.973234e-01	2.019126e+00	1.387922e+00	1.911372e+00	1.592035e+00	3.205220e-01	1.849740e+00	7.694327e-01	
2  91.6579	2.208786e+00	1.259026e-01	6.809747e-01	2.917630e+00	9.034776e-01	2.093921e+00	9.175823e-01	2.148887e+00	1.238103e+00	2.024929e+00	1.546728e+00	1.895730e+00	1.256469e+00	3.205220e-01	1.849740e+00	7.694327e-01	
2  92.2692	2.196570e+00	1.168834e-01	6.870076e-01	3.019712e+00	9.845716e-01	2.078275e+00	1.022648e+00	2.113666e+00	1.264384e+00	1.994686e+00	1.561642e+00	1.868123e+00	1.291137e+00	2.955495e-01	2.048540e+00	7.989026e-01	
8  92.5447	2.226860e+00	1.274505e-01	6.945816e-01	3.009428e+00	9.363289e-01	2.011163e+00	1.062256e+00	2.040124e+00	1.212175e+00	1.927233e+00	1.496645e+00	1.802754e+00	1.243448e+00	3.116701e-01	2.027579e+00	8.243533e-01	
3  90.7134	2.226860e+00	1.274505e-01	6.945816e-01	3.009428e+00	9.363289e-01	1.931973e+00	5.910070e-01	2.016279e+00	9.399822e-01	1.862231e+00	1.078966e+00	1.873959e+00	1.721400e+00	3.116701e-01	2.027579e+00	8.243533e-01	
1  90.2899	2.195146e+00	1.240567e-01	6.935419e-01	3.009547e+00	9.421196e-01	1.940176e+00	5.250299e-01	2.032497e+00	9.493201e-01	1.876506e+00	1.090164e+00	1.890345e+00	1.734300e+00	3.048903e-01	2.027821e+00	8.141397e-01	
1  90.0942	2.195393e+00	1.161660e-01	6.898965e-01	3.028597e+00	9.612574e-01	1.944547e+00	3.166448e-01	2.060514e+00	9.376042e-01	1.901234e+00	1.096110e+00	1.918859e+00	1.740167e+00	2.915473e-01	2.066822e+00	7.929760e-01	
4  89.1999	2.126780e+00	1.173748e-01	6.673108e-01	3.028971e+00	9.192979e-01	1.929831e+00	3.108541e-01	2.055650e+00	9.123895e-01	1.894336e+00	1.066180e+00	1.909756e+00	1.707486e+00	3.127905e-01	2.067594e+00	7.849576e-01	
2  90.1761	2.126780e+00	1.173748e-01	6.673108e-01	3.028971e+00	9.192979e-01	1.962130e+00	5.909803e-01	2.081963e+00	1.529663e+00	1.878035e+00	7.690536e-01	1.915922e+00	1.397948e+00	3.127905e-01	2.067594e+00	7.849576e-01	
6  92.5053	2.126780e+00	1.173748e-01	6.673108e-01	3.028971e+00	9.192979e-01	2.002898e+00	9.033814e-01	2.048017e+00	9.403284e-01	1.865308e+00	8.557524e-01	1.797574e+00	5.949109e-01	3.127905e-01	2.067594e+00	7.849576e-01	
6  91.8855	2.104378e+00	1.188610e-01	6.830526e-01	2.929084e+00	9.469685e-01	2.135157e+00	1.152743e+00	2.151133e+00	1.073440e+00	1.962317e+00	9.822698e-01	1.886940e+00	6.882835e-01	3.012445e-01	1.871048e+00	7.655826e-01	
1  90.4916	2.104378e+00	1.188610e-01	6.830526e-01	2.929084e+00	9.469685e-01	2.109664e+00	5.826681e-01	2.173988e+00	1.336141e+00	1.951655e+00	8.088362e-01	1.921220e+00	8.839716e-01	3.012445e-01	1.871048e+00	7.655826e-01	
6  90.7559	2.104378e+00	1.188610e-01	6.830526e-01	2.929084e+00	9.469685e-01	2.095901e+00	6.850760e-01	2.209583e+00	1.434149e+00	1.921209e+00	7.011610e-01	1.962731e+00	8.442465e-01	3.012445e-01	1.871048e+00	7.655826e-01	
7  90.0224	2.125468e+00	1.170533e-01	6.832857e-01	3.014394e+00	9.476430e-01	1.992359e+00	5.276675e-01	2.119470e+00	1.350252e+00	1.837847e+00	6.162010e-01	1.887692e+00	7.938024e-01	2.976189e-01	2.037674e+00	7.900746e-01	
6  89.4524	2.125468e+00	1.170533e-01	6.832857e-01	3.014394e+00	9.476430e-01	1.959510e+00	3.430474e-01	2.087453e+00	1.325448e+00	1.838690e+00	5.581613e-01	1.900913e+00	1.166942e+00	2.976189e-01	2.037674e+00	7.900746e-01	
10  89.8525	2.149427e+00	1.284223e-01	6.901323e-01	2.967663e+00	8.727954e-01	1.895918e+00	2.533062e-01	2.034312e+00	1.260779e+00	1.788721e+00	4.890133e-01	1.854901e+00	1.111597e+00	3.161164e-01	1.944641e+00	7.953573e-01	
10  91.7997	2.149427e+00	1.284223e-01	6.901323e-01	2.967663e+00	8.727954e-01	1.923401e+00	4.081354e-01	2.041841e+00	1.457578e+00	1.779003e+00	5.148880e-01	1.724645e+00	4.108917e-01	3.161164e-01	1.944641e+00	7.953573e-01	
7  92.4967	2.149427e+00	1.284223e-01	6.901323e-01	2.967663e+00	8.727954e-01	1.924618e+00	4.973739e-01	2.002190e+00	1.187778e+00	1.845928e+00	7.570021e-01	1.706373e+00	2.071279e-01	3.161164e-01	1.944641e+00	7.953573e-01	
1  92.0943	2.162575e+00	1.249639e-01	6.959584e-01	2.900308e+00	8.986729e-01	2.027278e+00	5.101785e-01	2.104059e+00	1.264020e+00	1.940338e+00	8.481897e-01	1.796116e+00	2.667743e-01	3.039772e-01	1.817975e+00	7.641396e-01	
12  92.9942	2.164544e+00	1.333562e-01	6.964772e-01	2.766536e+00	8.880669e-01	2.178534e+00	8.924308e-01	2.218489e+00	1.387457e+00	2.047340e+00	9.664384e-01	1.886416e+00	3.289183e-01	3.208659e-01	1.590345e+00	7.407610e-01	
1  92.0079	2.118597e+00	1.238864e-01	6.837782e-01	2.836959e+00	9.064483e-01	2.140448e+00	7.017655e-01	2.203333e+00	1.352200e+00	2.031661e+00	9.378209e-01	1.876468e+00	3.162486e-01	3.116579e-01	1.706380e+00	7.383624e-01	
9  95.0055	2.095242e+00	1.106942e-01	6.673703e-01	2.924249e+00	9.426697e-01	2.112044e+00	4.603714e-01	2.203703e+00	1.313743e+00	2.030291e+00	9.164051e-01	1.880105e+00	3.050391e-01	2.970269e-01	1.862024e+00	7.255233e-01	
# After 122 accepted steps: update proposal 
3  92.5058	2.095242e+00	1.106942e-01	6.673703e-01	2.924249e+00	9.426697e-01	2.101063e+00	1.585504e-01	2.264973e+00	1.686469e+00	2.017000e+00	8.378522e-01	1.939090e+00	8.715252e-01	2.970269e-01	1.862024e+00	7.255233e-01	
6  94.1125	2.089507e+00	1.160348e-01	6.821242e-01	2.818659e+00	9.206925e-01	2.169517e+00	2.376312e-01	2.323393e+00	1.781780e+00	2.066544e+00	8.908401e-01	1.997092e+00	9.242088e-01	2.956714e-01	1.675438e+00	7.071710e-01	
6  93.646	2.089507e+00	1.160348e-01	6.821242e-01	2.818659e+00	9.206925e-01	2.147351e+00	1.587374e-01	2.334802e+00	1.782096e+00	2.109319e+00	1.111779e+00	1.985470e+00	8.630054e-01	2.956714e-01	1.675438e+00	7.071710e-01	
11  90.818	2.071826e+00	1.133603e-01	6.666018e-01	2.914107e+00	9.373225e-01	2.083083e+00	1.721276e-01	2.267407e+00	1.657728e+00	2.057438e+00	1.057988e+00	1.909034e+00	6.832661e-01	3.031851e-01	1.843234e+00	7.328378e-01	
6  91.8114	2.071826e+00	1.133603e-01	6.666018e-01	2.914107e+00	9.373225e-01	2.060609e+00	4.129760e-03	2.218858e+00	1.120229e+00	2.093503e+00	1.132249e+00	1.878704e+00	4.577519e-01	3.031851e-01	1.843234e+00	7.328378e-01	
2  92.8438	2.071826e+00	1.133603e-01	6.666018e-01	2.914107e+00	9.373225e-01	2.089583e+00	3.959455e-01	2.265116e+00	1.495219e+00	2.112870e+00	1.282780e+00	1.864469e+00	2.022284e-01	3.031851e-01	1.843234e+00	7.328378e-01	
11  93.2117	2.071826e+00	1.133603e-01	6.666018e-01	2.914107e+00	9.373225e-01	2.155080e+00	6.614975e-01	2.278408e+00	1.593387e+00	2.044710e+00	1.064620e+00	1.898389e+00	6.960184e-01	3.031851e-01	1.843234e+00	7.328378e-01	
17  91.0641	2.071826e+00	1.133603e-01	6.666018e-01	2.914107e+00	9.373225e-01	2.078426e+00	3.049659e-01	2.249456e+00	1.592868e+00	2.109882e+00	1.652954e+00	1.915395e+00	5.633759e-01	3.031851e-01	1.843234e+00	7.328378e-01	
16  91.0551	2.071826e+00	1.133603e-01	6.666018e-01	2.914107e+00	9.373225e-01	2.066356e+00	8.924041e-02	2.268777e+00	1.753549e+00	2.115100e+00	1.710695e+00	1.895100e+00	4.660308e-01	3.031851e-01	1.843234e+00	7.328378e-01	
20  90.7802	2.071826e+00	1.133603e-01	6.666018e-01	2.914107e+00	9.373225e-01	2.100450e+00	2.840542e-01	2.282439e+00	1.904061e+00	2.101919e+00	1.511196e+00	1.894253e+00	3.687012e-01	3.031851e-01	1.843234e+00	7.328378e-01	
11  90.4651	2.071826e+00	1.133603e-01	6.666018e-01	2.914107e+00	9.373225e-01	2.070112e+00	8.200093e-02	2.226841e+00	1.200192e+00	2.093596e+00	1.683289e+00	1.899343e+00	4.645562e-01	3.031851e-01	1.843234e+00	7.328378e-01	
1  90.7047	2.272260e+00	1.266757e-01	6.946899e-01	2.862822e+00	8.985675e-01	2.045731e+00	2.866437e-01	2.164572e+00	1.160200e+00	2.045954e+00	1.594113e+00	1.854891e+00	6.191646e-01	3.109082e-01	1.751087e+00	7.495537e-01	
6  89.6287	2.272260e+00	1.266757e-01	6.946899e-01	2.862822e+00	8.985675e-01	2.064052e+00	3.259264e-01	2.210019e+00	1.494678e+00	2.031775e+00	1.462201e+00	1.874745e+00	5.233721e-01	3.109082e-01	1.751087e+00	7.495537e-01	
1  89.2145	2.272260e+00	1.266757e-01	6.946899e-01	2.862822e+00	8.985675e-01	2.098383e+00	5.179302e-01	2.186474e+00	1.449274e+00	2.018876e+00	1.385457e+00	1.948363e+00	7.333407e-01	3.109082e-01	1.751087e+00	7.495537e-01	
3  90.2667	2.272260e+00	1.266757e-01	6.946899e-01	2.862822e+00	8.985675e-01	2.075505e+00	2.992380e-01	2.164043e+00	1.109705e+00	2.016779e+00	1.330270e+00	1.947571e+00	1.175714e+00	3.109082e-01	1.751087e+00	7.495537e-01	
2  93.159	2.097630e+00	1.105698e-01	6.726838e-01	3.050142e+00	9.655638e-01	1.957777e+00	1.435777e-02	2.088260e+00	1.034031e+00	1.945669e+00	1.275541e+00	1.875913e+00	1.039076e+00	2.921308e-01	2.111834e+00	7.796423e-01	
9  92.5291	2.074662e+00	1.186764e-01	6.885219e-01	2.961772e+00	9.467362e-01	2.005570e+00	2.190681e-01	2.105958e+00	1.069979e+00	1.968377e+00	1.303638e+00	1.886131e+00	9.395163e-01	2.954614e-01	1.933221e+00	7.805863e-01	
13  91.735	2.178818e+00	1.333703e-01	7.053181e-01	2.875754e+00	9.088653e-01	2.040364e+00	5.906662e-01	2.082787e+00	1.019856e+00	1.964635e+00	1.288990e+00	1.852319e+00	8.182454e-01	3.131877e-01	1.773879e+00	7.900946e-01	
6  91.3594	2.125503e+00	1.309366e-01	6.951538e-01	2.804768e+00	9.087580e-01	2.146603e+00	6.099621e-01	2.192425e+00	1.116761e+00	2.058437e+00	1.419338e+00	1.945381e+00	8.031804e-01	3.162737e-01	1.652325e+00	7.546606e-01	
17  92.0151	2.125503e+00	1.309366e-01	6.951538e-01	2.804768e+00	9.087580e-01	2.169583e+00	6.952380e-01	2.203692e+00	1.009007e+00	2.058494e+00	1.288483e+00	1.987075e+00	1.208998e+00	3.162737e-01	1.652325e+00	7.546606e-01	
5  92.0061	2.125503e+00	1.309366e-01	6.951538e-01	2.804768e+00	9.087580e-01	2.125858e+00	6.117153e-01	2.250907e+00	1.269707e+00	2.011779e+00	8.879045e-01	2.004907e+00	1.365218e+00	3.162737e-01	1.652325e+00	7.546606e-01	
3  91.6338	2.126884e+00	1.230941e-01	6.844035e-01	2.959196e+00	8.992481e-01	1.930217e+00	8.418838e-02	2.131086e+00	1.148970e+00	1.885160e+00	6.727382e-01	1.913362e+00	1.505427e+00	3.095742e-01	1.928247e+00	7.793188e-01	
2  91.6534	2.126884e+00	1.230941e-01	6.844035e-01	2.959196e+00	8.992481e-01	1.938638e+00	2.331045e-01	2.145796e+00	1.410397e+00	1.896485e+00	1.014725e+00	1.977409e+00	1.874741e+00	3.095742e-01	1.928247e+00	7.793188e-01	
11  91.5701	2.126884e+00	1.230941e-01	6.844035e-01	2.959196e+00	8.992481e-01	1.944409e+00	4.147311e-01	2.123654e+00	1.855293e+00	1.917400e+00	1.244595e+00	1.945527e+00	1.383496e+00	3.095742e-01	1.928247e+00	7.793188e-01	
9  93.2122	2.126884e+00	1.230941e-01	6.844035e-01	2.959196e+00	8.992481e-01	1.989733e+00	8.113017e-01	2.075701e+00	1.447125e+00	1.964465e+00	1.516450e+00	1.890045e+00	9.321111e-01	3.095742e-01	1.928247e+00	7.793188e-01	
10  93.3345	2.179998e+00	1.196666e-01	6.952423e-01	2.940873e+00	9.718927e-01	2.114159e+00	1.191156e+00	2.139419e+00	1.565268e+00	2.038648e+00	1.702354e+00	1.954417e+00	1.040299e+00	2.940049e-01	1.893237e+00	7.790976e-01	
1  95.6541	2.179998e+00	1.196666e-01	6.952423e-01	2.940873e+00	9.718927e-01	2.077633e+00	9.829064e-01	2.128174e+00	1.277308e+00	2.006666e+00	1.330598e+00	1.903196e+00	1.250428e+00	2.940049e-01	1.893237e+00	7.790976e-01	
5  95.3005	2.179998e+00	1.196666e-01	6.952423e-01	2.940873e+00	9.718927e-01	2.106510e+00	1.125461e+00	2.120971e+00	1.290934e+00	2.070946e+00	1.799113e+00	1.918545e+00	1.158148e+00	2.940049e-01	1.893237e+00	7.790976e-01	
1  98.571	2.228184e+00	1.216958e-01	7.017961e-01	3.044867e+00	1.009952e+00	2.027619e+00	1.382332e+00	1.995467e+00	1.154663e+00	1.981093e+00	1.725438e+00	1.796344e+00	1.008108e+00	2.936376e-01	2.100723e+00	8.407783e-01	
5  97.6353	2.228184e+00	1.216958e-01	7.017961e-01	3.044867e+00	1.009952e+00	2.028071e+00	1.162164e+00	1.987662e+00	1.183479e+00	1.984853e+00	1.756832e+00	1.795356e+00	8.948939e-01	2.936376e-01	2.100723e+00	8.407783e-01	
1  96.5629	2.228184e+00	1.216958e-01	7.017961e-01	3.044867e+00	1.009952e+00	1.990854e+00	1.098716e+00	1.971435e+00	7.723955e-01	1.900587e+00	1.140862e+00	1.815402e+00	1.068888e+00	2.936376e-01	2.100723e+00	8.407783e-01	
5  94.9023	2.228184e+00	1.216958e-01	7.017961e-01	3.044867e+00	1.009952e+00	1.960573e+00	5.408500e-01	2.054653e+00	1.590622e+00	1.871927e+00	8.427078e-01	1.883281e+00	1.397616e+00	2.936376e-01	2.100723e+00	8.407783e-01	
1  95.1309	2.181309e+00	1.214962e-01	6.865822e-01	2.956137e+00	1.023212e+00	2.126272e+00	8.256158e-01	2.184788e+00	1.669985e+00	1.998426e+00	1.047262e+00	1.977912e+00	1.226254e+00	3.053774e-01	1.922358e+00	8.064205e-01	
1  92.8716	2.214440e+00	1.158692e-01	6.846378e-01	3.089016e+00	1.019956e+00	1.954485e+00	4.193555e-01	2.068882e+00	1.572375e+00	1.880292e+00	8.558619e-01	1.892780e+00	1.398273e+00	2.958164e-01	2.195546e+00	8.318200e-01	
2  92.4446	2.214440e+00	1.158692e-01	6.846378e-01	3.089016e+00	1.019956e+00	1.943892e+00	5.991145e-01	2.058243e+00	1.298077e+00	1.865763e+00	7.367490e-01	1.938644e+00	1.646592e+00	2.958164e-01	2.195546e+00	8.318200e-01	
1  91.5596	2.214440e+00	1.158692e-01	6.846378e-01	3.089016e+00	1.019956e+00	2.034891e+00	9.669884e-01	2.074130e+00	1.345264e+00	1.953481e+00	1.416935e+00	1.934794e+00	1.822169e+00	2.958164e-01	2.195546e+00	8.318200e-01	
6  94.9204	2.214440e+00	1.158692e-01	6.846378e-01	3.089016e+00	1.019956e+00	1.990426e+00	7.792980e-01	2.096582e+00	1.276415e+00	1.884674e+00	1.070978e+00	1.995240e+00	2.037831e+00	2.958164e-01	2.195546e+00	8.318200e-01	
3  96.9475	2.383881e+00	1.236461e-01	6.965849e-01	3.160610e+00	1.004905e+00	1.875450e+00	8.945169e-01	1.955376e+00	1.115064e+00	1.770450e+00	9.072207e-01	1.869929e+00	2.063448e+00	3.052757e-01	2.358497e+00	8.856807e-01	
2  96.5954	2.440455e+00	1.306142e-01	6.974116e-01	3.118841e+00	9.715749e-01	1.885760e+00	9.980453e-01	1.950821e+00	1.072207e+00	1.770544e+00	8.853970e-01	1.856770e+00	1.999518e+00	3.200418e-01	2.262016e+00	8.828167e-01	
2  94.2566	2.440455e+00	1.306142e-01	6.974116e-01	3.118841e+00	9.715749e-01	1.891385e+00	9.829178e-01	1.929175e+00	1.074172e+00	1.766421e+00	1.071651e+00	1.844798e+00	1.468776e+00	3.200418e-01	2.262016e+00	8.828167e-01	
2  95.2664	2.440455e+00	1.306142e-01	6.974116e-01	3.118841e+00	9.715749e-01	1.890945e+00	8.096051e-01	1.943940e+00	1.156239e+00	1.728790e+00	8.842481e-01	1.873756e+00	1.441156e+00	3.200418e-01	2.262016e+00	8.828167e-01	
5  94.0636	2.440455e+00	1.306142e-01	6.974116e-01	3.118841e+00	9.715749e-01	1.885450e+00	7.815119e-01	1.946864e+00	1.287733e+00	1.771352e+00	9.397413e-01	1.893831e+00	1.628129e+00	3.200418e-01	2.262016e+00	8.828167e-01	
1  93.8999	2.434341e+00	1.319069e-01	6.886039e-01	3.060252e+00	9.367642e-01	1.924643e+00	6.811510e-01	2.006289e+00	1.316656e+00	1.815208e+00	9.639747e-01	1.943634e+00	1.637261e+00	3.308785e-01	2.133293e+00	8.486763e-01	
4  95.2286	2.393122e+00	1.305532e-01	7.021415e-01	3.232916e+00	9.381541e-01	1.663479e+00	3.507411e-01	1.785383e+00	1.140653e+00	1.612425e+00	6.668270e-01	1.758665e+00	1.620611e+00	3.146606e-01	2.535348e+00	9.268230e-01	
2  95.3908	2.393122e+00	1.305532e-01	7.021415e-01	3.232916e+00	9.381541e-01	1.684531e+00	5.654972e-01	1.773533e+00	1.323912e+00	1.640501e+00	8.009071e-01	1.688821e+00	1.313959e+00	3.146606e-01	2.535348e+00	9.268230e-01	
10  94.3353	2.393122e+00	1.305532e-01	7.021415e-01	3.232916e+00	9.381541e-01	1.665822e+00	4.320121e-01	1.834393e+00	1.604330e+00	1.660749e+00	9.298718e-01	1.671030e+00	1.277820e+00	3.146606e-01	2.535348e+00	9.268230e-01	
2  96.0745	2.393122e+00	1.305532e-01	7.021415e-01	3.232916e+00	9.381541e-01	1.677075e+00	6.138053e-01	1.794297e+00	1.027743e+00	1.667892e+00	1.234608e+00	1.658386e+00	9.853383e-01	3.146606e-01	2.535348e+00	9.268230e-01	
1  96.2811	2.393122e+00	1.305532e-01	7.021415e-01	3.232916e+00	9.381541e-01	1.694187e+00	6.313571e-01	1.811478e+00	9.045808e-01	1.683977e+00	1.450696e+00	1.621255e+00	8.378881e-01	3.146606e-01	2.535348e+00	9.268230e-01	
1  93.2445	2.393122e+00	1.305532e-01	7.021415e-01	3.232916e+00	9.381541e-01	1.674622e+00	4.178363e-01	1.782640e+00	7.505781e-01	1.699480e+00	1.244621e+00	1.671784e+00	1.161513e+00	3.146606e-01	2.535348e+00	9.268230e-01	
1  92.5966	2.393122e+00	1.305532e-01	7.021415e-01	3.232916e+00	9.381541e-01	1.682714e+00	4.018468e-01	1.768073e+00	7.413691e-01	1.700617e+00	1.180587e+00	1.659757e+00	1.111484e+00	3.146606e-01	2.535348e+00	9.268230e-01	
4  93.5046	2.393122e+00	1.305532e-01	7.021415e-01	3.232916e+00	9.381541e-01	1.676930e+00	4.422785e-01	1.783023e+00	7.575512e-01	1.672716e+00	9.861509e-01	1.716243e+00	1.570858e+00	3.146606e-01	2.535348e+00	9.268230e-01	
9  93.5597	2.324078e+00	1.348671e-01	7.069665e-01	3.140262e+00	9.335463e-01	1.770283e+00	6.564111e-01	1.848036e+00	8.235998e-01	1.737709e+00	1.086008e+00	1.762520e+00	1.420535e+00	3.176301e-01	2.310991e+00	9.074184e-01	
4  93.1904	2.324078e+00	1.348671e-01	7.069665e-01	3.140262e+00	9.335463e-01	1.787295e+00	7.509790e-01	1.872569e+00	1.023644e+00	1.690051e+00	8.462048e-01	1.719997e+00	9.174224e-01	3.176301e-01	2.310991e+00	9.074184e-01	
11  93.5028	2.198899e+00	1.291564e-01	6.887780e-01	3.059798e+00	9.340811e-01	1.912665e+00	6.747444e-01	2.019260e+00	1.152818e+00	1.811093e+00	1.009466e+00	1.843621e+00	8.655161e-01	3.199509e-01	2.132326e+00	8.518615e-01	
8  92.168	2.145691e+00	1.073777e-01	6.648041e-01	3.328212e+00	1.041990e+00	1.777150e+00	4.066321e-01	1.917636e+00	1.064078e+00	1.720611e+00	9.619752e-01	1.762271e+00	9.348365e-01	2.929618e-01	2.788842e+00	8.979065e-01	
10  91.7922	2.145691e+00	1.073777e-01	6.648041e-01	3.328212e+00	1.041990e+00	1.798171e+00	6.511879e-01	1.930559e+00	1.093990e+00	1.734824e+00	9.468241e-01	1.803597e+00	1.292356e+00	2.929618e-01	2.788842e+00	8.979065e-01	
2  92.0397	2.145691e+00	1.073777e-01	6.648041e-01	3.328212e+00	1.041990e+00	1.801002e+00	5.456275e-01	1.912910e+00	9.305364e-01	1.725903e+00	8.718103e-01	1.785895e+00	1.016680e+00	2.929618e-01	2.788842e+00	8.979065e-01	
6  91.2347	2.145691e+00	1.073777e-01	6.648041e-01	3.328212e+00	1.041990e+00	1.787146e+00	6.290612e-01	1.941285e+00	1.347391e+00	1.741332e+00	9.437492e-01	1.759150e+00	1.011416e+00	2.929618e-01	2.788842e+00	8.979065e-01	
1  93.4687	2.351326e+00	1.157960e-01	6.786772e-01	3.323278e+00	1.026183e+00	1.771790e+00	8.406456e-01	1.887597e+00	1.284813e+00	1.704277e+00	8.898607e-01	1.716640e+00	1.141169e+00	3.038484e-01	2.775116e+00	9.247215e-01	
2  91.151	2.298152e+00	1.079980e-01	6.754441e-01	3.214886e+00	1.030941e+00	1.914980e+00	6.411462e-01	2.068075e+00	1.524124e+00	1.843934e+00	1.070809e+00	1.899541e+00	1.424285e+00	2.885061e-01	2.490045e+00	8.404110e-01	
7  92.2749	2.420278e+00	1.219393e-01	6.835416e-01	3.144087e+00	9.876623e-01	1.943901e+00	9.810601e-01	2.044719e+00	1.443273e+00	1.839372e+00	1.048775e+00	1.861146e+00	1.286325e+00	3.141633e-01	2.319850e+00	8.582956e-01	
4  92.1928	2.420278e+00	1.219393e-01	6.835416e-01	3.144087e+00	9.876623e-01	1.941463e+00	9.276949e-01	2.022492e+00	1.240843e+00	1.880655e+00	1.158678e+00	1.851568e+00	1.386355e+00	3.141633e-01	2.319850e+00	8.582956e-01	
3  90.8525	2.212991e+00	1.228145e-01	6.836743e-01	3.174910e+00	9.484054e-01	1.804644e+00	5.823485e-01	1.940531e+00	1.163330e+00	1.793752e+00	9.877280e-01	1.770569e+00	1.146821e+00	3.114789e-01	2.392467e+00	8.767914e-01	
3  92.7299	2.203846e+00	1.048608e-01	6.599782e-01	3.433323e+00	9.964583e-01	1.591709e+00	2.672589e-02	1.805484e+00	1.026500e+00	1.657322e+00	8.070084e-01	1.667130e+00	1.316132e+00	2.928187e-01	3.097940e+00	9.101094e-01	
14  95.3618	2.203846e+00	1.048608e-01	6.599782e-01	3.433323e+00	9.964583e-01	1.612024e+00	2.674181e-01	1.817725e+00	1.257194e+00	1.646384e+00	6.005094e-01	1.682831e+00	1.253869e+00	2.928187e-01	3.097940e+00	9.101094e-01	
15  94.5504	2.203846e+00	1.048608e-01	6.599782e-01	3.433323e+00	9.964583e-01	1.639075e+00	3.624404e-01	1.802400e+00	8.166662e-01	1.652552e+00	6.715259e-01	1.659857e+00	1.204248e+00	2.928187e-01	3.097940e+00	9.101094e-01	
10  94.7444	2.203846e+00	1.048608e-01	6.599782e-01	3.433323e+00	9.964583e-01	1.685568e+00	5.665919e-01	1.834934e+00	1.199412e+00	1.683941e+00	1.085169e+00	1.699716e+00	1.494735e+00	2.928187e-01	3.097940e+00	9.101094e-01	
1  96.6424	2.203846e+00	1.048608e-01	6.599782e-01	3.433323e+00	9.964583e-01	1.692150e+00	5.970451e-01	1.807417e+00	7.095630e-01	1.698568e+00	1.041948e+00	1.703047e+00	1.227945e+00	2.928187e-01	3.097940e+00	9.101094e-01	
11  92.1107	2.203846e+00	1.048608e-01	6.599782e-01	3.433323e+00	9.964583e-01	1.659884e+00	3.509293e-01	1.804916e+00	1.067959e+00	1.694337e+00	1.065676e+00	1.709948e+00	1.270763e+00	2.928187e-01	3.097940e+00	9.101094e-01	
8  93.7139	2.203846e+00	1.048608e-01	6.599782e-01	3.433323e+00	9.964583e-01	1.616577e+00	2.035651e-01	1.803403e+00	7.762930e-01	1.684892e+00	9.761508e-01	1.716363e+00	1.440436e+00	2.928187e-01	3.097940e+00	9.101094e-01	
2  93.8022	2.187045e+00	1.113113e-01	6.813564e-01	3.310141e+00	9.747860e-01	1.691734e+00	3.077308e-01	1.864305e+00	8.947845e-01	1.736887e+00	1.034058e+00	1.779478e+00	1.503729e+00	2.882647e-01	2.738898e+00	8.905278e-01	
1  92.7716	2.195221e+00	1.055307e-01	6.739281e-01	3.372620e+00	1.021328e+00	1.702715e+00	4.009928e-01	1.859296e+00	8.854775e-01	1.740727e+00	1.085299e+00	1.772919e+00	1.496625e+00	2.821068e-01	2.915480e+00	8.994613e-01	
7  92.159	2.102660e+00	1.005832e-01	6.509744e-01	3.292285e+00	1.027241e+00	1.853583e+00	4.417816e-01	2.013994e+00	9.956678e-01	1.875527e+00	1.279641e+00	1.896487e+00	1.400804e+00	2.884927e-01	2.690428e+00	8.386735e-01	
7  91.3958	2.102660e+00	1.005832e-01	6.509744e-01	3.292285e+00	1.027241e+00	1.825826e+00	3.257711e-01	1.968132e+00	7.823515e-01	1.889275e+00	1.327127e+00	1.878496e+00	1.248979e+00	2.884927e-01	2.690428e+00	8.386735e-01	
12  90.4128	2.102660e+00	1.005832e-01	6.509744e-01	3.292285e+00	1.027241e+00	1.824017e+00	3.642346e-01	1.992538e+00	1.189403e+00	1.861266e+00	1.025789e+00	1.858667e+00	1.300453e+00	2.884927e-01	2.690428e+00	8.386735e-01	
2  92.9078	2.129263e+00	1.087819e-01	6.499188e-01	3.126316e+00	1.018144e+00	2.036299e+00	8.561267e-01	2.137101e+00	1.289276e+00	2.007421e+00	1.249920e+00	1.965720e+00	1.144978e+00	3.094705e-01	2.278986e+00	8.084037e-01	
1  96.7329	2.129263e+00	1.087819e-01	6.499188e-01	3.126316e+00	1.018144e+00	2.026438e+00	9.217026e-01	2.092817e+00	1.005569e+00	2.035623e+00	1.162745e+00	1.950649e+00	1.315706e+00	3.094705e-01	2.278986e+00	8.084037e-01	
8  94.5721	2.129263e+00	1.087819e-01	6.499188e-01	3.126316e+00	1.018144e+00	2.055517e+00	1.011038e+00	2.123443e+00	1.485146e+00	2.016923e+00	1.130173e+00	1.946393e+00	1.306488e+00	3.094705e-01	2.278986e+00	8.084037e-01	
2  94.6823	2.118503e+00	1.072921e-01	6.606183e-01	3.152222e+00	1.062676e+00	2.067652e+00	1.198387e+00	2.103405e+00	1.506977e+00	2.010602e+00	1.171152e+00	1.931233e+00	1.293105e+00	2.958670e-01	2.338798e+00	8.288809e-01	
10  95.2089	2.231185e+00	1.223762e-01	6.661929e-01	2.998821e+00	9.456529e-01	2.087144e+00	1.099000e+00	2.142841e+00	1.496219e+00	2.031771e+00	1.092212e+00	1.965042e+00	1.360430e+00	3.274626e-01	2.006188e+00	7.944016e-01	
7  94.132	2.289130e+00	1.112098e-01	6.751980e-01	3.158594e+00	9.945191e-01	1.941150e+00	7.565514e-01	2.038829e+00	1.481016e+00	1.927070e+00	9.657915e-01	1.908576e+00	1.716323e+00	2.955638e-01	2.353749e+00	8.225011e-01	
3  94.4816	2.289130e+00	1.112098e-01	6.751980e-01	3.158594e+00	9.945191e-01	1.961478e+00	8.422325e-01	2.036904e+00	1.345672e+00	1.910948e+00	8.489935e-01	1.882610e+00	1.745521e+00	2.955638e-01	2.353749e+00	8.225011e-01	
5  92.8404	2.289130e+00	1.112098e-01	6.751980e-01	3.158594e+00	9.945191e-01	1.918659e+00	5.857698e-01	2.038280e+00	1.501959e+00	1.952239e+00	1.182642e+00	1.874859e+00	1.590785e+00	2.955638e-01	2.353749e+00	8.225011e-01	
1  93.7078	2.104435e+00	1.042601e-01	6.677679e-01	3.259907e+00	1.038311e+00	1.844050e+00	5.276618e-01	1.972097e+00	1.441487e+00	1.898282e+00	1.146198e+00	1.803200e+00	1.330197e+00	2.824504e-01	2.604712e+00	8.535419e-01	
2  92.974	2.173863e+00	1.059121e-01	6.763251e-01	3.205096e+00	1.019635e+00	1.875961e+00	4.650076e-01	2.013401e+00	1.513544e+00	1.926572e+00	1.162567e+00	1.855770e+00	1.539657e+00	2.804776e-01	2.465788e+00	8.308438e-01	
3  92.6305	2.173863e+00	1.059121e-01	6.763251e-01	3.205096e+00	1.019635e+00	1.879007e+00	5.479849e-01	2.024347e+00	1.239779e+00	1.905908e+00	1.010828e+00	1.841635e+00	1.179197e+00	2.804776e-01	2.465788e+00	8.308438e-01	
5  92.1272	2.173863e+00	1.059121e-01	6.763251e-01	3.205096e+00	1.019635e+00	1.908648e+00	5.965382e-01	1.991627e+00	1.180910e+00	1.910422e+00	1.216948e+00	1.822614e+00	6.402618e-01	2.804776e-01	2.465788e+00	8.308438e-01	
6  93.1839	2.115854e+00	1.082008e-01	6.553991e-01	3.142307e+00	9.497143e-01	1.916424e+00	3.376468e-01	2.047609e+00	1.159603e+00	1.943699e+00	1.188427e+00	1.858766e+00	5.336890e-01	3.026518e-01	2.315723e+00	7.948775e-01	
4  93.6841	2.115854e+00	1.082008e-01	6.553991e-01	3.142307e+00	9.497143e-01	1.896331e+00	1.382875e-01	2.010300e+00	5.134937e-01	1.956345e+00	1.318465e+00	1.879247e+00	9.760686e-01	3.026518e-01	2.315723e+00	7.948775e-01	
2  93.0277	2.115854e+00	1.082008e-01	6.553991e-01	3.142307e+00	9.497143e-01	1.952092e+00	3.142196e-01	2.012227e+00	8.729703e-01	1.891653e+00	9.920614e-01	1.968668e+00	1.508344e+00	3.026518e-01	2.315723e+00	7.948775e-01	
1  92.738	2.091968e+00	1.150634e-01	6.611135e-01	3.164318e+00	9.218246e-01	1.864489e+00	3.427443e-01	1.918449e+00	7.547911e-01	1.813706e+00	8.647806e-01	1.872449e+00	1.310885e+00	3.125972e-01	2.367259e+00	8.309469e-01	
5  94.5616	2.104968e+00	1.190001e-01	6.564909e-01	3.116004e+00	8.885852e-01	1.887668e+00	3.421960e-01	1.944873e+00	7.456526e-01	1.834937e+00	8.658026e-01	1.888647e+00	1.263981e+00	3.264509e-01	2.255606e+00	8.166242e-01	
2  97.2364	2.104968e+00	1.190001e-01	6.564909e-01	3.116004e+00	8.885852e-01	1.875557e+00	5.275035e-01	1.904502e+00	3.074278e-01	1.841899e+00	7.952390e-01	1.831164e+00	9.034849e-01	3.264509e-01	2.255606e+00	8.166242e-01	
5  96.8588	2.104968e+00	1.190001e-01	6.564909e-01	3.116004e+00	8.885852e-01	1.855531e+00	4.438264e-01	1.936476e+00	3.688827e-01	1.791476e+00	6.750483e-01	1.832303e+00	9.329044e-01	3.264509e-01	2.255606e+00	8.166242e-01	
7  92.7268	2.114562e+00	1.002796e-01	6.516451e-01	3.341110e+00	9.751971e-01	1.707557e+00	7.209925e-02	1.835418e+00	3.428729e-01	1.691579e+00	5.869312e-01	1.773876e+00	1.239213e+00	2.874646e-01	2.825047e+00	8.415146e-01	
2  91.7634	2.114562e+00	1.002796e-01	6.516451e-01	3.341110e+00	9.751971e-01	1.715725e+00	1.409351e-01	1.839243e+00	4.839879e-01	1.689186e+00	4.712148e-01	1.718086e+00	8.770458e-01	2.874646e-01	2.825047e+00	8.415146e-01	
3  91.0247	2.114562e+00	1.002796e-01	6.516451e-01	3.341110e+00	9.751971e-01	1.727262e+00	1.382096e-01	1.849867e+00	5.977251e-01	1.707827e+00	7.218320e-01	1.701757e+00	9.273493e-01	2.874646e-01	2.825047e+00	8.415146e-01	
1  92.7074	2.114562e+00	1.002796e-01	6.516451e-01	3.341110e+00	9.751971e-01	1.734150e+00	1.431506e-01	1.832213e+00	3.705423e-01	1.700951e+00	6.972258e-01	1.738933e+00	1.320403e+00	2.874646e-01	2.825047e+00	8.415146e-01	
3  93.3654	2.226296e+00	1.029094e-01	6.792511e-01	3.229325e+00	9.753640e-01	1.833439e+00	2.142240e-01	1.918392e+00	5.584541e-01	1.771124e+00	7.929964e-01	1.848338e+00	1.709409e+00	2.726947e-01	2.526259e+00	8.085303e-01	
1  94.6029	2.137878e+00	9.896758e-02	6.716632e-01	3.165944e+00	1.022844e+00	1.996026e+00	5.146346e-01	2.040769e+00	6.795745e-01	1.892415e+00	1.020372e+00	1.944205e+00	1.577079e+00	2.681935e-01	2.371112e+00	7.802003e-01	
2  93.975	2.261446e+00	1.161536e-01	7.063726e-01	3.040911e+00	9.742501e-01	2.026062e+00	8.374428e-01	2.018159e+00	6.899244e-01	1.883107e+00	9.838651e-01	1.927493e+00	1.606290e+00	2.794043e-01	2.092429e+00	8.015071e-01	
1  95.1128	2.261446e+00	1.161536e-01	7.063726e-01	3.040911e+00	9.742501e-01	2.016222e+00	8.234158e-01	1.970969e+00	4.598222e-01	1.922600e+00	1.000486e+00	1.885655e+00	1.483964e+00	2.794043e-01	2.092429e+00	8.015071e-01	
8  95.0419	2.261446e+00	1.161536e-01	7.063726e-01	3.040911e+00	9.742501e-01	2.049892e+00	8.874559e-01	2.011410e+00	7.922540e-01	1.914018e+00	1.388024e+00	1.910911e+00	1.448731e+00	2.794043e-01	2.092429e+00	8.015071e-01	
5  93.9497	2.169119e+00	1.149067e-01	6.968904e-01	3.016503e+00	9.557376e-01	2.058285e+00	7.538923e-01	2.044952e+00	8.063905e-01	1.935905e+00	1.395463e+00	1.933860e+00	1.355166e+00	2.825909e-01	2.041976e+00	7.843151e-01	
7  92.6372	2.169119e+00	1.149067e-01	6.968904e-01	3.016503e+00	9.557376e-01	2.002187e+00	5.173854e-01	2.026255e+00	8.427444e-01	1.924270e+00	1.386857e+00	1.856791e+00	7.711026e-01	2.825909e-01	2.041976e+00	7.843151e-01	
1  92.2345	2.163370e+00	1.109161e-01	6.874690e-01	3.038745e+00	9.934388e-01	2.054480e+00	6.754992e-01	2.055190e+00	8.530220e-01	1.959818e+00	1.478581e+00	1.874395e+00	7.094172e-01	2.818241e-01	2.087903e+00	7.842059e-01	
4  92.1264	2.121338e+00	1.246260e-01	6.974172e-01	3.047434e+00	8.809186e-01	1.835725e+00	3.229071e-01	1.888997e+00	6.484784e-01	1.797345e+00	1.139244e+00	1.717482e+00	5.110563e-01	3.011643e-01	2.106123e+00	8.185990e-01	
2  92.1543	2.121338e+00	1.246260e-01	6.974172e-01	3.047434e+00	8.809186e-01	1.866496e+00	4.630617e-01	1.936839e+00	1.065941e+00	1.805852e+00	1.061522e+00	1.700567e+00	5.110863e-01	3.011643e-01	2.106123e+00	8.185990e-01	
2  93.1475	2.121338e+00	1.246260e-01	6.974172e-01	3.047434e+00	8.809186e-01	1.864891e+00	4.620362e-01	1.938729e+00	9.121236e-01	1.829491e+00	1.192960e+00	1.747312e+00	4.598517e-01	3.011643e-01	2.106123e+00	8.185990e-01	
2  94.7197	2.121338e+00	1.246260e-01	6.974172e-01	3.047434e+00	8.809186e-01	1.813030e+00	3.635765e-01	1.881389e+00	4.452070e-01	1.835335e+00	9.493931e-01	1.675762e+00	5.254387e-01	3.011643e-01	2.106123e+00	8.185990e-01	
7  92.0017	2.121338e+00	1.246260e-01	6.974172e-01	3.047434e+00	8.809186e-01	1.818594e+00	3.747675e-01	1.933247e+00	8.682765e-01	1.818305e+00	1.032896e+00	1.725402e+00	7.591756e-01	3.011643e-01	2.106123e+00	8.185990e-01	
1  93.0819	2.121338e+00	1.246260e-01	6.974172e-01	3.047434e+00	8.809186e-01	1.848832e+00	4.991470e-01	1.937049e+00	9.954052e-01	1.847645e+00	1.282665e+00	1.729763e+00	8.967007e-01	3.011643e-01	2.106123e+00	8.185990e-01	
8  93.3062	2.121338e+00	1.246260e-01	6.974172e-01	3.047434e+00	8.809186e-01	1.834284e+00	2.894524e-01	2.001101e+00	1.257313e+00	1.787155e+00	1.107642e+00	1.822610e+00	1.563464e+00	3.011643e-01	2.106123e+00	8.185990e-01	
12  93.3207	2.227408e+00	1.337727e-01	7.020229e-01	2.877184e+00	8.366384e-01	1.993493e+00	5.223374e-01	2.130192e+00	1.363332e+00	1.903652e+00	1.242216e+00	1.935244e+00	1.647121e+00	3.179372e-01	1.776418e+00	7.666901e-01	
2  92.4931	2.158218e+00	1.338036e-01	6.907146e-01	2.925579e+00	8.322804e-01	1.939410e+00	5.033151e-01	2.080187e+00	1.264602e+00	1.863261e+00	1.184699e+00	1.872737e+00	1.419108e+00	3.270473e-01	1.864502e+00	7.858839e-01	
1  91.888	2.249626e+00	1.266042e-01	6.879044e-01	2.950459e+00	8.731156e-01	1.990903e+00	5.070611e-01	2.128957e+00	1.341754e+00	1.905297e+00	1.274892e+00	1.933360e+00	1.679744e+00	3.164427e-01	1.911472e+00	7.752031e-01	
1  93.4283	2.233813e+00	1.286173e-01	6.802339e-01	2.833867e+00	8.563060e-01	2.131468e+00	6.356545e-01	2.257261e+00	1.442043e+00	2.019235e+00	1.425162e+00	2.038701e+00	1.644142e+00	3.276284e-01	1.701111e+00	7.330602e-01	
1  95.3737	2.233813e+00	1.286173e-01	6.802339e-01	2.833867e+00	8.563060e-01	2.170057e+00	6.467699e-01	2.258021e+00	1.567561e+00	2.043909e+00	1.715214e+00	2.015005e+00	1.431457e+00	3.276284e-01	1.701111e+00	7.330602e-01	
2  95.3955	2.233813e+00	1.286173e-01	6.802339e-01	2.833867e+00	8.563060e-01	2.154172e+00	5.071447e-01	2.267252e+00	1.787594e+00	2.070094e+00	1.419143e+00	2.010739e+00	1.776664e+00	3.276284e-01	1.701111e+00	7.330602e-01	
3  96.8172	2.233813e+00	1.286173e-01	6.802339e-01	2.833867e+00	8.563060e-01	2.146496e+00	4.081495e-01	2.247024e+00	1.781074e+00	2.104853e+00	1.616462e+00	1.986688e+00	1.597755e+00	3.276284e-01	1.701111e+00	7.330602e-01	
4  95.3577	2.233813e+00	1.286173e-01	6.802339e-01	2.833867e+00	8.563060e-01	2.140511e+00	6.092574e-01	2.088184e+00	6.780835e-01	2.089886e+00	1.649298e+00	1.976133e+00	1.531673e+00	3.276284e-01	1.701111e+00	7.330602e-01	
4  95.5152	2.247276e+00	1.245757e-01	6.730066e-01	2.909043e+00	8.508749e-01	2.050493e+00	3.515026e-01	2.035440e+00	6.183614e-01	2.033026e+00	1.550246e+00	1.936339e+00	1.612147e+00	3.260770e-01	1.833924e+00	7.426529e-01	
4  95.3671	2.247276e+00	1.245757e-01	6.730066e-01	2.909043e+00	8.508749e-01	1.985395e+00	1.383325e-01	2.047530e+00	8.009513e-01	2.034890e+00	1.528373e+00	1.917695e+00	1.647341e+00	3.260770e-01	1.833924e+00	7.426529e-01	
2  94.9302	2.247276e+00	1.245757e-01	6.730066e-01	2.909043e+00	8.508749e-01	1.952536e+00	-3.304340e-03	2.006764e+00	4.836226e-01	2.022900e+00	1.711774e+00	1.919131e+00	1.570682e+00	3.260770e-01	1.833924e+00	7.426529e-01	
4  94.8246	2.247276e+00	1.245757e-01	6.730066e-01	2.909043e+00	8.508749e-01	1.897631e+00	-2.926886e-01	2.031185e+00	4.244658e-01	1.993454e+00	1.294212e+00	1.886187e+00	1.250246e+00	3.260770e-01	1.833924e+00	7.426529e-01	
2  94.3305	2.226976e+00	1.187875e-01	6.658887e-01	2.891185e+00	9.042790e-01	2.019166e+00	-6.857412e-02	2.120855e+00	5.200383e-01	2.083227e+00	1.477289e+00	1.962323e+00	1.244812e+00	3.195736e-01	1.801465e+00	7.280124e-01	
1  93.9811	2.226976e+00	1.187875e-01	6.658887e-01	2.891185e+00	9.042790e-01	2.082389e+00	5.890125e-02	2.147496e+00	9.923264e-01	2.098908e+00	1.672172e+00	1.956002e+00	7.727831e-01	3.195736e-01	1.801465e+00	7.280124e-01	
1  93.2322	2.226976e+00	1.187875e-01	6.658887e-01	2.891185e+00	9.042790e-01	2.134194e+00	2.295686e-01	2.234517e+00	1.713917e+00	2.094050e+00	1.389035e+00	1.992989e+00	5.764387e-01	3.195736e-01	1.801465e+00	7.280124e-01	
7  90.8326	2.226976e+00	1.187875e-01	6.658887e-01	2.891185e+00	9.042790e-01	2.072879e+00	1.064645e-02	2.217361e+00	1.407129e+00	2.106337e+00	1.407635e+00	2.035085e+00	1.117073e+00	3.195736e-01	1.801465e+00	7.280124e-01	
2  92.4824	2.222232e+00	1.280350e-01	6.676941e-01	2.757595e+00	8.273204e-01	2.119943e+00	-5.356591e-02	2.280560e+00	1.440933e+00	2.151977e+00	1.400408e+00	2.085784e+00	1.082331e+00	3.384842e-01	1.576190e+00	6.944492e-01	
1  93.733	2.432545e+00	1.284766e-01	6.769676e-01	2.822492e+00	8.344981e-01	2.058478e+00	-6.798469e-02	2.212932e+00	1.392284e+00	2.092660e+00	1.320381e+00	2.046340e+00	1.383003e+00	3.348269e-01	1.681871e+00	7.111241e-01	
4  92.2456	2.444734e+00	1.402841e-01	6.947800e-01	2.893164e+00	8.043750e-01	1.884099e+00	4.599659e-02	2.013847e+00	1.174129e+00	1.929910e+00	1.080347e+00	1.853957e+00	1.113493e+00	3.425917e-01	1.805033e+00	7.713189e-01	
1  91.8976	2.444734e+00	1.402841e-01	6.947800e-01	2.893164e+00	8.043750e-01	1.898337e+00	1.272698e-01	2.005606e+00	1.047663e+00	1.941065e+00	1.374264e+00	1.862790e+00	1.119595e+00	3.425917e-01	1.805033e+00	7.713189e-01	
4  91.6498	2.444734e+00	1.402841e-01	6.947800e-01	2.893164e+00	8.043750e-01	1.915501e+00	1.761767e-01	2.045752e+00	1.560364e+00	1.934897e+00	1.339675e+00	1.880100e+00	1.327162e+00	3.425917e-01	1.805033e+00	7.713189e-01	
5  91.0905	2.383273e+00	1.306754e-01	6.881193e-01	2.997439e+00	8.620607e-01	1.875626e+00	1.200822e-01	2.011714e+00	1.548345e+00	1.907309e+00	1.348534e+00	1.852726e+00	1.317837e+00	3.276653e-01	2.003417e+00	7.977186e-01	
2  92.9682	2.383273e+00	1.306754e-01	6.881193e-01	2.997439e+00	8.620607e-01	1.851069e+00	-6.032711e-02	2.045988e+00	1.690872e+00	1.893020e+00	1.297448e+00	1.837553e+00	1.037549e+00	3.276653e-01	2.003417e+00	7.977186e-01	
3  93.1684	2.383273e+00	1.306754e-01	6.881193e-01	2.997439e+00	8.620607e-01	1.910971e+00	2.741241e-01	2.066582e+00	1.940942e+00	1.852812e+00	1.154951e+00	1.880513e+00	1.430469e+00	3.276653e-01	2.003417e+00	7.977186e-01	
5  92.2526	2.383273e+00	1.306754e-01	6.881193e-01	2.997439e+00	8.620607e-01	1.903388e+00	3.262321e-01	2.004985e+00	1.797607e+00	1.917990e+00	1.361593e+00	1.858477e+00	7.812204e-01	3.276653e-01	2.003417e+00	7.977186e-01	
1  93.0884	2.377697e+00	1.382594e-01	7.060855e-01	2.892445e+00	8.614751e-01	2.000284e+00	6.592808e-01	2.052121e+00	1.873057e+00	1.972319e+00	1.456247e+00	1.895575e+00	7.045130e-01	3.263028e-01	1.803736e+00	7.876599e-01	
2  93.1161	2.312388e+00	1.218557e-01	6.741584e-01	2.976398e+00	8.754911e-01	1.969383e+00	1.285824e-01	2.106317e+00	1.910401e+00	1.994339e+00	1.465343e+00	1.956385e+00	8.903856e-01	3.204116e-01	1.961703e+00	7.607495e-01	
5  91.7436	2.312388e+00	1.218557e-01	6.741584e-01	2.976398e+00	8.754911e-01	1.934249e+00	-8.345173e-02	2.120434e+00	1.754076e+00	1.941549e+00	1.102208e+00	1.949305e+00	1.181477e+00	3.204116e-01	1.961703e+00	7.607495e-01	
2  91.6246	2.312388e+00	1.218557e-01	6.741584e-01	2.976398e+00	8.754911e-01	1.898743e+00	-1.527489e-01	2.119301e+00	1.709915e+00	1.957211e+00	9.684360e-01	1.928714e+00	1.669953e+00	3.204116e-01	1.961703e+00	7.607495e-01	
1  92.5861	2.312388e+00	1.218557e-01	6.741584e-01	2.976398e+00	8.754911e-01	1.914419e+00	8.880081e-02	2.143652e+00	1.694808e+00	1.933324e+00	7.107574e-01	1.909174e+00	1.519084e+00	3.204116e-01	1.961703e+00	7.607495e-01	
7  92.2411	2.202966e+00	1.059565e-01	6.569650e-01	3.123476e+00	9.757634e-01	1.902856e+00	1.019061e-01	2.128112e+00	1.693051e+00	1.928431e+00	7.927381e-01	1.892013e+00	1.440927e+00	2.980292e-01	2.272524e+00	7.784554e-01	
6  91.1912	2.202966e+00	1.059565e-01	6.569650e-01	3.123476e+00	9.757634e-01	1.900342e+00	-9.033264e-03	2.116542e+00	1.613077e+00	1.884902e+00	6.073797e-01	1.926628e+00	1.691765e+00	2.980292e-01	2.272524e+00	7.784554e-01	
1  92.7273	2.233743e+00	1.122571e-01	6.542333e-01	3.050021e+00	9.098122e-01	1.901859e+00	-1.466145e-01	2.142941e+00	1.603374e+00	1.896988e+00	5.585912e-01	1.948000e+00	1.709773e+00	3.159625e-01	2.111579e+00	7.587669e-01	
1  92.5043	2.299554e+00	1.238163e-01	6.640791e-01	2.874959e+00	8.766415e-01	2.068596e+00	2.498391e-01	2.254199e+00	1.693860e+00	2.007464e+00	7.058543e-01	2.035656e+00	1.652316e+00	3.343664e-01	1.772469e+00	7.291022e-01	
6  91.4864	2.360278e+00	1.192106e-01	6.721396e-01	2.886772e+00	9.253168e-01	2.121240e+00	3.711117e-01	2.284897e+00	1.777991e+00	2.039698e+00	7.970157e-01	2.078612e+00	1.845702e+00	3.175444e-01	1.793533e+00	7.272639e-01	
4  92.0306	2.360278e+00	1.192106e-01	6.721396e-01	2.886772e+00	9.253168e-01	2.098685e+00	1.856031e-01	2.252282e+00	1.833057e+00	2.080892e+00	1.247396e+00	2.100228e+00	2.033632e+00	3.175444e-01	1.793533e+00	7.272639e-01	
2  93.3831	2.360278e+00	1.192106e-01	6.721396e-01	2.886772e+00	9.253168e-01	2.111832e+00	9.888949e-02	2.294729e+00	1.737126e+00	2.122859e+00	1.167659e+00	2.076913e+00	2.101411e+00	3.175444e-01	1.793533e+00	7.272639e-01	
4  92.9312	2.427509e+00	1.242048e-01	6.805563e-01	2.843794e+00	9.049489e-01	2.127654e+00	1.663274e-01	2.299488e+00	1.746018e+00	2.127932e+00	1.160124e+00	2.084679e+00	2.164552e+00	3.219730e-01	1.718083e+00	7.231923e-01	
7  92.9972	2.427509e+00	1.242048e-01	6.805563e-01	2.843794e+00	9.049489e-01	2.105156e+00	6.431109e-02	2.271845e+00	1.548496e+00	2.156324e+00	1.306424e+00	2.080183e+00	1.926293e+00	3.219730e-01	1.718083e+00	7.231923e-01	
2  92.8159	2.427509e+00	1.242048e-01	6.805563e-01	2.843794e+00	9.049489e-01	2.145215e+00	3.737462e-01	2.256958e+00	1.171559e+00	2.181728e+00	1.734652e+00	2.068376e+00	1.481664e+00	3.219730e-01	1.718083e+00	7.231923e-01	
3  91.3777	2.367821e+00	1.158388e-01	6.792476e-01	3.001498e+00	9.567113e-01	2.014566e+00	2.362130e-01	2.140955e+00	1.084665e+00	2.080733e+00	1.632835e+00	1.969890e+00	1.449751e+00	3.037887e-01	2.011565e+00	7.661561e-01	
1  92.5364	2.251655e+00	1.212703e-01	6.675738e-01	2.972568e+00	9.295571e-01	2.020195e+00	3.589773e-01	2.133478e+00	1.001927e+00	2.082761e+00	1.624356e+00	1.930528e+00	1.055712e+00	3.240872e-01	1.954203e+00	7.741015e-01	
1  91.9261	2.251655e+00	1.212703e-01	6.675738e-01	2.972568e+00	9.295571e-01	1.986915e+00	1.469614e-01	2.147914e+00	9.412323e-01	2.012956e+00	1.107068e+00	1.952988e+00	1.339966e+00	3.240872e-01	1.954203e+00	7.741015e-01	
2  92.6316	2.251655e+00	1.212703e-01	6.675738e-01	2.972568e+00	9.295571e-01	2.000139e+00	1.711163e-01	2.134102e+00	9.447210e-01	2.053881e+00	1.382707e+00	1.943193e+00	1.239590e+00	3.240872e-01	1.954203e+00	7.741015e-01	
3  92.6811	2.251655e+00	1.212703e-01	6.675738e-01	2.972568e+00	9.295571e-01	1.954386e+00	1.502975e-01	2.135244e+00	1.102121e+00	2.015912e+00	9.096558e-01	1.948352e+00	1.120670e+00	3.240872e-01	1.954203e+00	7.741015e-01	
5  92.6046	2.251655e+00	1.212703e-01	6.675738e-01	2.972568e+00	9.295571e-01	1.964367e+00	2.675407e-01	2.133043e+00	9.382937e-01	2.013577e+00	9.555884e-01	1.994303e+00	1.267137e+00	3.240872e-01	1.954203e+00	7.741015e-01	
2  92.7434	2.142573e+00	1.102787e-01	6.675310e-01	2.863667e+00	9.919588e-01	2.185347e+00	3.521930e-01	2.347796e+00	1.237840e+00	2.199145e+00	1.267529e+00	2.201665e+00	1.453199e+00	2.970137e-01	1.752567e+00	7.120192e-01	
6  93.2086	2.142573e+00	1.102787e-01	6.675310e-01	2.863667e+00	9.919588e-01	2.176520e+00	1.937050e-01	2.381746e+00	1.410828e+00	2.170628e+00	1.210922e+00	2.226770e+00	1.271512e+00	2.970137e-01	1.752567e+00	7.120192e-01	
4  92.7657	2.142573e+00	1.102787e-01	6.675310e-01	2.863667e+00	9.919588e-01	2.212942e+00	1.659741e-01	2.360764e+00	1.270016e+00	2.171309e+00	1.310885e+00	2.214826e+00	1.238641e+00	2.970137e-01	1.752567e+00	7.120192e-01	
3  92.1708	2.318612e+00	1.187433e-01	6.822325e-01	2.838328e+00	9.170288e-01	2.119824e+00	-8.597145e-02	2.301859e+00	1.221216e+00	2.102494e+00	1.132775e+00	2.184141e+00	1.527920e+00	3.063193e-01	1.708717e+00	7.104867e-01	
2  90.7191	2.318612e+00	1.187433e-01	6.822325e-01	2.838328e+00	9.170288e-01	2.162958e+00	2.718370e-01	2.336542e+00	1.334769e+00	2.100194e+00	1.103125e+00	2.143636e+00	1.478065e+00	3.063193e-01	1.708717e+00	7.104867e-01	
7  92.2231	2.318612e+00	1.187433e-01	6.822325e-01	2.838328e+00	9.170288e-01	2.119176e+00	2.593772e-02	2.302522e+00	1.041230e+00	2.050614e+00	7.405740e-01	2.180719e+00	2.021936e+00	3.063193e-01	1.708717e+00	7.104867e-01	
8  92.59	2.208134e+00	1.150209e-01	6.608320e-01	2.836384e+00	9.365390e-01	2.185022e+00	1.381031e-01	2.357424e+00	1.036891e+00	2.107028e+00	8.451036e-01	2.205215e+00	1.762234e+00	3.154264e-01	1.705399e+00	7.020245e-01	
3  93.2536	2.208134e+00	1.150209e-01	6.608320e-01	2.836384e+00	9.365390e-01	2.191575e+00	2.877526e-01	2.318821e+00	8.762819e-01	2.108413e+00	1.035321e+00	2.161878e+00	1.477880e+00	3.154264e-01	1.705399e+00	7.020245e-01	
1  92.775	2.208134e+00	1.150209e-01	6.608320e-01	2.836384e+00	9.365390e-01	2.176747e+00	2.664007e-01	2.353349e+00	1.551577e+00	2.137654e+00	1.167067e+00	2.124842e+00	1.103466e+00	3.154264e-01	1.705399e+00	7.020245e-01	
4  93.5327	2.178464e+00	1.089672e-01	6.434608e-01	3.038146e+00	9.886332e-01	2.033412e+00	3.084339e-01	2.197897e+00	1.337030e+00	2.016127e+00	1.050938e+00	1.965940e+00	8.394351e-01	3.173495e-01	2.086652e+00	7.613533e-01	
10  92.0417	2.140781e+00	1.042451e-01	6.446875e-01	3.111594e+00	1.004297e+00	1.952224e+00	1.237212e-01	2.141837e+00	1.310210e+00	1.960287e+00	9.761853e-01	1.925035e+00	8.868814e-01	3.038748e-01	2.245680e+00	7.742217e-01	
2  91.4926	2.159633e+00	1.097169e-01	6.476503e-01	3.060982e+00	9.848614e-01	1.985177e+00	2.573064e-01	2.155845e+00	1.304836e+00	1.977824e+00	9.922517e-01	1.929502e+00	8.133152e-01	3.145955e-01	2.134852e+00	7.748781e-01	
5  88.6216	2.162148e+00	1.159033e-01	6.628500e-01	2.959666e+00	9.354026e-01	2.003394e+00	1.485451e-01	2.192496e+00	1.379023e+00	1.997937e+00	9.691036e-01	1.974146e+00	9.282270e-01	3.144704e-01	1.929153e+00	7.533128e-01	
4  89.4194	2.162148e+00	1.159033e-01	6.628500e-01	2.959666e+00	9.354026e-01	1.989488e+00	2.022055e-03	2.168430e+00	1.077738e+00	2.031027e+00	1.138104e+00	1.955686e+00	7.223743e-01	3.144704e-01	1.929153e+00	7.533128e-01	
20  89.7449	2.162148e+00	1.159033e-01	6.628500e-01	2.959666e+00	9.354026e-01	1.981121e+00	1.983761e-02	2.212916e+00	1.381674e+00	2.056682e+00	1.235664e+00	1.985574e+00	9.944776e-01	3.144704e-01	1.929153e+00	7.533128e-01	
7  89.6955	2.162148e+00	1.159033e-01	6.628500e-01	2.959666e+00	9.354026e-01	2.025596e+00	1.462608e-01	2.219006e+00	1.353433e+00	2.066971e+00	1.327032e+00	1.994632e+00	8.773469e-01	3.144704e-01	1.929153e+00	7.533128e-01	
3  90.2014	2.353597e+00	1.333942e-01	7.122924e-01	2.748078e+00	8.598423e-01	2.099417e+00	2.675131e-01	2.271155e+00	1.509897e+00	2.104817e+00	1.315428e+00	2.075227e+00	1.275035e+00	3.105766e-01	1.561260e+00	7.191456e-01	
3  90.8299	2.466547e+00	1.349521e-01	7.123807e-01	2.792621e+00	8.238651e-01	2.000328e+00	2.395089e-02	2.205607e+00	1.432366e+00	2.035165e+00	1.171909e+00	2.029241e+00	1.452456e+00	3.157952e-01	1.632375e+00	7.243059e-01	
2  93.3177	2.466547e+00	1.349521e-01	7.123807e-01	2.792621e+00	8.238651e-01	1.925393e+00	-3.782192e-01	2.199091e+00	1.088851e+00	2.048148e+00	1.000743e+00	2.017954e+00	1.449220e+00	3.157952e-01	1.632375e+00	7.243059e-01	
8  93.9694	2.466547e+00	1.349521e-01	7.123807e-01	2.792621e+00	8.238651e-01	1.968867e+00	-1.701106e-01	2.215893e+00	1.175173e+00	2.040999e+00	7.923441e-01	2.026278e+00	1.199243e+00	3.157952e-01	1.632375e+00	7.243059e-01	
4  93.0148	2.347762e+00	1.354956e-01	7.071361e-01	2.712733e+00	8.508209e-01	2.111530e+00	1.693088e-01	2.313191e+00	1.254249e+00	2.142672e+00	9.788916e-01	2.090354e+00	9.342739e-01	3.192083e-01	1.507040e+00	7.101034e-01	
6  92.4442	2.347762e+00	1.354956e-01	7.071361e-01	2.712733e+00	8.508209e-01	2.098353e+00	1.602246e-01	2.296021e+00	1.308623e+00	2.152006e+00	1.192123e+00	2.108274e+00	9.867259e-01	3.192083e-01	1.507040e+00	7.101034e-01	
6  92.4168	2.290349e+00	1.125041e-01	6.851808e-01	2.858115e+00	9.545244e-01	2.109527e+00	-8.521769e-02	2.343138e+00	1.401564e+00	2.185500e+00	1.310739e+00	2.170290e+00	1.224736e+00	2.897968e-01	1.742864e+00	7.047744e-01	
3  92.3488	2.290349e+00	1.125041e-01	6.851808e-01	2.858115e+00	9.545244e-01	2.098481e+00	-1.668115e-01	2.299996e+00	1.261087e+00	2.191155e+00	1.535481e+00	2.149226e+00	1.199491e+00	2.897968e-01	1.742864e+00	7.047744e-01	
9  92.5093	2.290349e+00	1.125041e-01	6.851808e-01	2.858115e+00	9.545244e-01	2.133891e+00	-2.296084e-02	2.296145e+00	1.374941e+00	2.187061e+00	1.573621e+00	2.193666e+00	1.427354e+00	2.897968e-01	1.742864e+00	7.047744e-01	
1  93.8041	2.290349e+00	1.125041e-01	6.851808e-01	2.858115e+00	9.545244e-01	2.180484e+00	3.447627e-01	2.313231e+00	1.360249e+00	2.164092e+00	1.706414e+00	2.211078e+00	1.982829e+00	2.897968e-01	1.742864e+00	7.047744e-01	
3  93.134	2.290349e+00	1.125041e-01	6.851808e-01	2.858115e+00	9.545244e-01	2.135417e+00	9.638888e-02	2.322107e+00	1.413569e+00	2.131751e+00	1.486329e+00	2.182092e+00	1.870202e+00	2.897968e-01	1.742864e+00	7.047744e-01	
5  94.8206	2.290349e+00	1.125041e-01	6.851808e-01	2.858115e+00	9.545244e-01	2.095694e+00	-1.094206e-01	2.377045e+00	2.079929e+00	2.144523e+00	1.658425e+00	2.192199e+00	1.793902e+00	2.897968e-01	1.742864e+00	7.047744e-01	
1  94.6845	2.293760e+00	1.072748e-01	6.834639e-01	3.016127e+00	1.009051e+00	1.981910e+00	-6.505457e-02	2.249068e+00	1.953528e+00	2.043282e+00	1.570033e+00	2.075186e+00	1.711835e+00	2.801331e-01	2.041208e+00	7.534825e-01	
1  94.7151	2.277330e+00	1.080984e-01	6.779166e-01	2.920250e+00	9.997953e-01	2.102208e+00	3.296590e-02	2.360352e+00	2.050184e+00	2.141417e+00	1.702926e+00	2.169212e+00	1.704815e+00	2.861709e-01	1.854592e+00	7.191651e-01	
1  93.4884	2.360154e+00	1.178469e-01	7.036813e-01	2.992348e+00	1.001318e+00	1.969192e+00	2.628468e-01	2.181914e+00	1.891218e+00	2.001584e+00	1.526573e+00	2.007530e+00	1.597112e+00	2.869586e-01	1.993243e+00	7.912612e-01	
7  92.1249	2.361478e+00	1.241176e-01	7.005056e-01	2.997899e+00	9.830446e-01	1.943382e+00	4.235061e-01	2.131883e+00	1.784609e+00	1.968682e+00	1.477917e+00	1.942041e+00	1.363075e+00	3.023723e-01	2.004338e+00	8.138991e-01	
3  93.6311	2.361478e+00	1.241176e-01	7.005056e-01	2.997899e+00	9.830446e-01	1.919416e+00	2.355742e-01	2.142869e+00	1.684947e+00	1.957378e+00	1.276682e+00	1.914297e+00	1.577592e+00	3.023723e-01	2.004338e+00	8.138991e-01	
2  93.3537	2.434076e+00	1.289864e-01	7.020145e-01	3.035176e+00	9.290013e-01	1.792359e+00	-8.869353e-03	2.050222e+00	1.567083e+00	1.864569e+00	1.087110e+00	1.836220e+00	1.633408e+00	3.124263e-01	2.080463e+00	8.276134e-01	
3  92.3896	2.295085e+00	1.280164e-01	6.966459e-01	2.817352e+00	9.220782e-01	2.054398e+00	1.276020e-01	2.305058e+00	1.838882e+00	2.084526e+00	1.392053e+00	2.058126e+00	1.609223e+00	3.123976e-01	1.673248e+00	7.433483e-01	
7  92.2566	2.295085e+00	1.280164e-01	6.966459e-01	2.817352e+00	9.220782e-01	2.124250e+00	4.296289e-01	2.307460e+00	1.783130e+00	2.090395e+00	1.767991e+00	2.050955e+00	8.484825e-01	3.123976e-01	1.673248e+00	7.433483e-01	
5  91.9226	2.313395e+00	1.161526e-01	6.816133e-01	2.957560e+00	9.804340e-01	2.069507e+00	3.083278e-01	2.267338e+00	1.741590e+00	2.055072e+00	1.761741e+00	2.021884e+00	9.430403e-01	3.011874e-01	1.925095e+00	7.614626e-01	
3  92.8622	2.313395e+00	1.161526e-01	6.816133e-01	2.957560e+00	9.804340e-01	2.056179e+00	2.235124e-01	2.226448e+00	1.440307e+00	2.002368e+00	1.470012e+00	1.992257e+00	9.276063e-01	3.011874e-01	1.925095e+00	7.614626e-01	
1  92.3431	2.313395e+00	1.161526e-01	6.816133e-01	2.957560e+00	9.804340e-01	2.042764e+00	3.121947e-01	2.147241e+00	6.857149e-01	2.011799e+00	1.183609e+00	1.944787e+00	1.053425e+00	3.011874e-01	1.925095e+00	7.614626e-01	
2  93.1068	2.313395e+00	1.161526e-01	6.816133e-01	2.957560e+00	9.804340e-01	2.036853e+00	3.118504e-01	2.201484e+00	1.174138e+00	1.946491e+00	6.467693e-01	1.936570e+00	4.512664e-01	3.011874e-01	1.925095e+00	7.614626e-01	
2  96.1856	2.313395e+00	1.161526e-01	6.816133e-01	2.957560e+00	9.804340e-01	2.019714e+00	4.167507e-01	2.171379e+00	1.079674e+00	1.945384e+00	7.157132e-01	1.928384e+00	5.030782e-01	3.011874e-01	1.925095e+00	7.614626e-01	
8  95.9301	2.372498e+00	1.149929e-01	6.892949e-01	2.991337e+00	9.997246e-01	1.998038e+00	4.412959e-01	2.141731e+00	1.079852e+00	1.921315e+00	6.992126e-01	1.912619e+00	6.218418e-01	2.933151e-01	1.991230e+00	7.732719e-01	
2  96.7872	2.372498e+00	1.149929e-01	6.892949e-01	2.991337e+00	9.997246e-01	2.032392e+00	6.949352e-01	2.127011e+00	9.367869e-01	1.934406e+00	8.031980e-01	1.916179e+00	6.869036e-01	2.933151e-01	1.991230e+00	7.732719e-01	
1  98.5838	2.372498e+00	1.149929e-01	6.892949e-01	2.991337e+00	9.997246e-01	2.032564e+00	6.911230e-01	2.115610e+00	1.027748e+00	1.928308e+00	8.545405e-01	1.910851e+00	5.883262e-01	2.933151e-01	1.991230e+00	7.732719e-01	
6  96.6409	2.372498e+00	1.149929e-01	6.892949e-01	2.991337e+00	9.997246e-01	2.099491e+00	1.031400e+00	2.133824e+00	1.134151e+00	1.937150e+00	9.267742e-01	1.899268e+00	4.897028e-01	2.933151e-01	1.991230e+00	7.732719e-01	
5  98.5476	2.286804e+00	1.113714e-01	6.698386e-01	3.100611e+00	9.878806e-01	1.968340e+00	7.718896e-01	2.042728e+00	9.836961e-01	1.850747e+00	7.850031e-01	1.803631e+00	2.912891e-01	3.006206e-01	2.221152e+00	7.965464e-01	
10  96.2897	2.286804e+00	1.113714e-01	6.698386e-01	3.100611e+00	9.878806e-01	1.992984e+00	7.182832e-01	2.070046e+00	1.536186e+00	1.835794e+00	5.086825e-01	1.828650e+00	3.392988e-01	3.006206e-01	2.221152e+00	7.965464e-01	
1  93.1648	2.286804e+00	1.113714e-01	6.698386e-01	3.100611e+00	9.878806e-01	1.984280e+00	6.089563e-01	2.041422e+00	1.088537e+00	1.821787e+00	3.981121e-01	1.820022e+00	7.279769e-01	3.006206e-01	2.221152e+00	7.965464e-01	
2  95.6144	2.286804e+00	1.113714e-01	6.698386e-01	3.100611e+00	9.878806e-01	2.011409e+00	8.259622e-01	2.037365e+00	1.127590e+00	1.869560e+00	6.704741e-01	1.838135e+00	1.308031e+00	3.006206e-01	2.221152e+00	7.965464e-01	
6  95.1307	2.286804e+00	1.113714e-01	6.698386e-01	3.100611e+00	9.878806e-01	1.998175e+00	4.898406e-01	2.090010e+00	1.728332e+00	1.819106e+00	4.423165e-01	1.861353e+00	1.911590e+00	3.006206e-01	2.221152e+00	7.965464e-01	
3  93.4747	2.181845e+00	1.237141e-01	6.881702e-01	2.894467e+00	9.090015e-01	2.083727e+00	4.984388e-01	2.182110e+00	1.846227e+00	1.890583e+00	4.738679e-01	1.939918e+00	1.814195e+00	3.086643e-01	1.807386e+00	7.571868e-01	
11  92.8147	2.181845e+00	1.237141e-01	6.881702e-01	2.894467e+00	9.090015e-01	2.088128e+00	5.942081e-01	2.166431e+00	1.682536e+00	1.901762e+00	4.785739e-01	1.946178e+00	1.853964e+00	3.086643e-01	1.807386e+00	7.571868e-01	
12  92.9068	2.150081e+00	1.146432e-01	6.745524e-01	3.034661e+00	9.080286e-01	1.925958e+00	1.066301e-01	2.075732e+00	1.589349e+00	1.802428e+00	3.111943e-01	1.877189e+00	1.955256e+00	3.006196e-01	2.079392e+00	7.726126e-01	
12  94.3494	2.147592e+00	1.135601e-01	6.829291e-01	3.073687e+00	9.585803e-01	1.938021e+00	3.650827e-01	2.044425e+00	1.584412e+00	1.791190e+00	3.555152e-01	1.846433e+00	1.887583e+00	2.909143e-01	2.162147e+00	7.998226e-01	
24  95.1784	2.132232e+00	1.103573e-01	6.890314e-01	3.021377e+00	9.583993e-01	1.986892e+00	2.244831e-01	2.116330e+00	1.711626e+00	1.842218e+00	4.146318e-01	1.929180e+00	2.093213e+00	2.787147e-01	2.051953e+00	7.670415e-01	
4  97.811	2.132232e+00	1.103573e-01	6.890314e-01	3.021377e+00	9.583993e-01	1.938456e+00	1.266409e-02	2.077191e+00	1.540441e+00	1.876872e+00	5.425042e-01	1.932716e+00	2.267718e+00	2.787147e-01	2.051953e+00	7.670415e-01	
7  96.8003	2.138997e+00	1.203206e-01	7.020447e-01	2.888503e+00	9.108229e-01	2.008954e+00	1.430413e-01	2.131326e+00	1.598223e+00	1.924872e+00	5.753604e-01	1.977433e+00	2.231163e+00	2.888300e-01	1.796640e+00	7.479022e-01	
2  96.4371	2.138997e+00	1.203206e-01	7.020447e-01	2.888503e+00	9.108229e-01	2.008311e+00	1.096101e-01	2.167901e+00	2.000843e+00	1.917865e+00	4.465810e-01	1.984409e+00	2.162979e+00	2.888300e-01	1.796640e+00	7.479022e-01	
5  97.8279	2.138997e+00	1.203206e-01	7.020447e-01	2.888503e+00	9.108229e-01	1.978495e+00	-1.104819e-01	2.148808e+00	1.799809e+00	1.920859e+00	4.968582e-01	2.000779e+00	2.100093e+00	2.888300e-01	1.796640e+00	7.479022e-01	
2  98.7605	2.131200e+00	1.172503e-01	7.022123e-01	2.889025e+00	9.928678e-01	2.109955e+00	4.040004e-01	2.201174e+00	1.858326e+00	1.995402e+00	7.024620e-01	2.033973e+00	1.964844e+00	2.823074e-01	1.797577e+00	7.600635e-01	
4  97.8249	2.131200e+00	1.172503e-01	7.022123e-01	2.889025e+00	9.928678e-01	2.124071e+00	5.938114e-01	2.220169e+00	1.918123e+00	2.014921e+00	9.634818e-01	2.019896e+00	2.168049e+00	2.823074e-01	1.797577e+00	7.600635e-01	
1  97.3876	2.131200e+00	1.172503e-01	7.022123e-01	2.889025e+00	9.928678e-01	2.138928e+00	6.323600e-01	2.237022e+00	2.020562e+00	2.050026e+00	1.141444e+00	1.989377e+00	1.685311e+00	2.823074e-01	1.797577e+00	7.600635e-01	
1  98.0388	2.131200e+00	1.172503e-01	7.022123e-01	2.889025e+00	9.928678e-01	2.178959e+00	7.956834e-01	2.227749e+00	2.041456e+00	2.087610e+00	1.368830e+00	1.973247e+00	1.422736e+00	2.823074e-01	1.797577e+00	7.600635e-01	
3  99.2175	2.131200e+00	1.172503e-01	7.022123e-01	2.889025e+00	9.928678e-01	2.205637e+00	1.086569e+00	2.193978e+00	1.530387e+00	2.127858e+00	1.593192e+00	1.969482e+00	1.485750e+00	2.823074e-01	1.797577e+00	7.600635e-01	
2  98.6983	2.183956e+00	1.263471e-01	7.111943e-01	2.718060e+00	9.136374e-01	2.289371e+00	9.971348e-01	2.297099e+00	1.637528e+00	2.203604e+00	1.621490e+00	2.070310e+00	1.641429e+00	2.942499e-01	1.515091e+00	7.084351e-01	
2  95.6844	2.420298e+00	1.256042e-01	7.100220e-01	2.845230e+00	9.369554e-01	2.201641e+00	1.069013e+00	2.188727e+00	1.503305e+00	2.117349e+00	1.524884e+00	1.982773e+00	1.837224e+00	2.984369e-01	1.720552e+00	7.449631e-01	
1  95.9805	2.420298e+00	1.256042e-01	7.100220e-01	2.845230e+00	9.369554e-01	2.169424e+00	8.407983e-01	2.136390e+00	8.142829e-01	2.124769e+00	1.576563e+00	1.962675e+00	1.713863e+00	2.984369e-01	1.720552e+00	7.449631e-01	
3  93.9975	2.420298e+00	1.256042e-01	7.100220e-01	2.845230e+00	9.369554e-01	2.111627e+00	4.541796e-01	2.181547e+00	1.186011e+00	2.069757e+00	1.075504e+00	1.957762e+00	1.936976e+00	2.984369e-01	1.720552e+00	7.449631e-01	
5  93.3212	2.420298e+00	1.256042e-01	7.100220e-01	2.845230e+00	9.369554e-01	2.119247e+00	4.966609e-01	2.205687e+00	1.177583e+00	2.075810e+00	9.725847e-01	1.999704e+00	2.354749e+00	2.984369e-01	1.720552e+00	7.449631e-01	
2  94.1086	2.247089e+00	1.294852e-01	7.086386e-01	2.725656e+00	9.000455e-01	2.192406e+00	4.822202e-01	2.289889e+00	1.254100e+00	2.144658e+00	1.037213e+00	2.060076e+00	2.133969e+00	3.038824e-01	1.526642e+00	7.142282e-01	
5  95.4604	2.230024e+00	1.104403e-01	6.928441e-01	2.910437e+00	1.017185e+00	2.168795e+00	4.528145e-01	2.265230e+00	1.261775e+00	2.129743e+00	1.115056e+00	2.048759e+00	2.252426e+00	2.778658e-01	1.836482e+00	7.372042e-01	
4  96.7544	2.230024e+00	1.104403e-01	6.928441e-01	2.910437e+00	1.017185e+00	2.143837e+00	2.609273e-01	2.302394e+00	1.626368e+00	2.154320e+00	1.338855e+00	2.073579e+00	2.461036e+00	2.778658e-01	1.836482e+00	7.372042e-01	
4  97.2148	2.157354e+00	9.906227e-02	6.582850e-01	3.148516e+00	1.032210e+00	1.922605e+00	-1.709857e-01	2.144406e+00	1.384817e+00	2.006474e+00	1.125536e+00	1.919245e+00	2.284515e+00	2.798731e-01	2.330147e+00	7.719633e-01	
3  95.2183	2.177681e+00	1.030430e-01	6.609659e-01	2.976236e+00	9.826516e-01	2.063760e+00	-2.209504e-01	2.300705e+00	1.552768e+00	2.130757e+00	1.248461e+00	2.067802e+00	2.457040e+00	2.871844e-01	1.961386e+00	7.140538e-01	
6  94.8617	2.177681e+00	1.030430e-01	6.609659e-01	2.976236e+00	9.826516e-01	2.098654e+00	8.222590e-02	2.291936e+00	1.492086e+00	2.159209e+00	1.362050e+00	2.094310e+00	2.367600e+00	2.871844e-01	1.961386e+00	7.140538e-01	
1  92.7676	2.137990e+00	1.171168e-01	6.844989e-01	2.905433e+00	9.483222e-01	2.080976e+00	3.659025e-01	2.229901e+00	1.436255e+00	2.118465e+00	1.296104e+00	2.023284e+00	2.101318e+00	2.969676e-01	1.827316e+00	7.481490e-01	
8  93.7853	2.206529e+00	1.180418e-01	6.932717e-01	2.859084e+00	9.576986e-01	2.147179e+00	4.848266e-01	2.277128e+00	1.513516e+00	2.162591e+00	1.370023e+00	2.075449e+00	2.248930e+00	2.928499e-01	1.744554e+00	7.352288e-01	
1  90.7631	2.206529e+00	1.180418e-01	6.932717e-01	2.859084e+00	9.576986e-01	2.152371e+00	5.279789e-01	2.270762e+00	1.379912e+00	2.135292e+00	1.403567e+00	2.068375e+00	1.688358e+00	2.928499e-01	1.744554e+00	7.352288e-01	
3  91.0127	2.206529e+00	1.180418e-01	6.932717e-01	2.859084e+00	9.576986e-01	2.151702e+00	4.094459e-01	2.270598e+00	1.036636e+00	2.072723e+00	1.067158e+00	2.098739e+00	1.687445e+00	2.928499e-01	1.744554e+00	7.352288e-01	
5  92.6701	2.128945e+00	1.096595e-01	6.745226e-01	2.824792e+00	9.928437e-01	2.281348e+00	4.521038e-01	2.400393e+00	1.152405e+00	2.187360e+00	1.258188e+00	2.208539e+00	1.668742e+00	2.892278e-01	1.685744e+00	6.983584e-01	
2  94.9844	2.128945e+00	1.096595e-01	6.745226e-01	2.824792e+00	9.928437e-01	2.376871e+00	1.091209e+00	2.375613e+00	1.050871e+00	2.184465e+00	1.356945e+00	2.180898e+00	1.494502e+00	2.892278e-01	1.685744e+00	6.983584e-01	
1  94.0017	2.128945e+00	1.096595e-01	6.745226e-01	2.824792e+00	9.928437e-01	2.377441e+00	1.202297e+00	2.396011e+00	1.478455e+00	2.181004e+00	1.131592e+00	2.207296e+00	1.686936e+00	2.892278e-01	1.685744e+00	6.983584e-01	
1  94.5676	2.128945e+00	1.096595e-01	6.745226e-01	2.824792e+00	9.928437e-01	2.399568e+00	1.284533e+00	2.395614e+00	1.663251e+00	2.208622e+00	1.454032e+00	2.199162e+00	1.508571e+00	2.892278e-01	1.685744e+00	6.983584e-01	
1  94.8699	2.128945e+00	1.096595e-01	6.745226e-01	2.824792e+00	9.928437e-01	2.361830e+00	9.752029e-01	2.380522e+00	1.880094e+00	2.213216e+00	1.543464e+00	2.250293e+00	1.493756e+00	2.892278e-01	1.685744e+00	6.983584e-01	
1  94.6923	2.128945e+00	1.096595e-01	6.745226e-01	2.824792e+00	9.928437e-01	2.348771e+00	9.522745e-01	2.350091e+00	1.430741e+00	2.227961e+00	1.689517e+00	2.178379e+00	1.318772e+00	2.892278e-01	1.685744e+00	6.983584e-01	
1  94.4494	2.128945e+00	1.096595e-01	6.745226e-01	2.824792e+00	9.928437e-01	2.333768e+00	9.606946e-01	2.377121e+00	1.803307e+00	2.242618e+00	1.728230e+00	2.192137e+00	1.359540e+00	2.892278e-01	1.685744e+00	6.983584e-01	
8  93.3702	2.128945e+00	1.096595e-01	6.745226e-01	2.824792e+00	9.928437e-01	2.330048e+00	7.466874e-01	2.415086e+00	2.065685e+00	2.222878e+00	1.803605e+00	2.189230e+00	1.193245e+00	2.892278e-01	1.685744e+00	6.983584e-01	
4  94.2011	2.128945e+00	1.096595e-01	6.745226e-01	2.824792e+00	9.928437e-01	2.301557e+00	5.413886e-01	2.347072e+00	1.563745e+00	2.228445e+00	1.665471e+00	2.173308e+00	1.199030e+00	2.892278e-01	1.685744e+00	6.983584e-01	
1  95.6761	2.128945e+00	1.096595e-01	6.745226e-01	2.824792e+00	9.928437e-01	2.324478e+00	8.458870e-01	2.351817e+00	1.520074e+00	2.233997e+00	1.553803e+00	2.105322e+00	9.825434e-01	2.892278e-01	1.685744e+00	6.983584e-01	
1  95.2157	2.128945e+00	1.096595e-01	6.745226e-01	2.824792e+00	9.928437e-01	2.331456e+00	9.781440e-01	2.430369e+00	2.258726e+00	2.214289e+00	1.261167e+00	2.192036e+00	1.804811e+00	2.892278e-01	1.685744e+00	6.983584e-01	
5  93.6154	2.115478e+00	1.238545e-01	6.748272e-01	2.730703e+00	9.003736e-01	2.306843e+00	9.868902e-01	2.409303e+00	2.163985e+00	2.193802e+00	1.156523e+00	2.150924e+00	1.556997e+00	3.198420e-01	1.534367e+00	6.966937e-01	
3  95.0188	2.115478e+00	1.238545e-01	6.748272e-01	2.730703e+00	9.003736e-01	2.326057e+00	1.237625e+00	2.387689e+00	1.871808e+00	2.259111e+00	1.437784e+00	2.124620e+00	1.179433e+00	3.198420e-01	1.534367e+00	6.966937e-01	
8  94.2049	2.115478e+00	1.238545e-01	6.748272e-01	2.730703e+00	9.003736e-01	2.309253e+00	9.519679e-01	2.393378e+00	2.118211e+00	2.229013e+00	1.097473e+00	2.151201e+00	1.245517e+00	3.198420e-01	1.534367e+00	6.966937e-01	
2  93.773	2.112698e+00	1.142833e-01	6.672264e-01	2.890772e+00	9.707406e-01	2.229201e+00	9.588517e-01	2.306073e+00	2.037849e+00	2.161001e+00	1.065515e+00	2.074406e+00	1.230187e+00	3.056090e-01	1.800721e+00	7.346568e-01	
3  91.5316	2.112698e+00	1.142833e-01	6.672264e-01	2.890772e+00	9.707406e-01	2.188971e+00	6.255379e-01	2.263466e+00	1.403770e+00	2.143482e+00	9.972400e-01	2.107406e+00	1.452891e+00	3.056090e-01	1.800721e+00	7.346568e-01	
1  91.0602	2.112698e+00	1.142833e-01	6.672264e-01	2.890772e+00	9.707406e-01	2.208144e+00	6.784749e-01	2.247726e+00	1.092030e+00	2.141248e+00	1.027677e+00	2.060290e+00	8.942529e-01	3.056090e-01	1.800721e+00	7.346568e-01	
1  95.7155	2.112698e+00	1.142833e-01	6.672264e-01	2.890772e+00	9.707406e-01	2.193108e+00	8.513106e-01	2.210730e+00	7.500915e-01	2.198883e+00	1.280510e+00	2.049044e+00	9.385720e-01	3.056090e-01	1.800721e+00	7.346568e-01	
3  96.8575	2.112698e+00	1.142833e-01	6.672264e-01	2.890772e+00	9.707406e-01	2.148228e+00	5.861798e-01	2.236021e+00	7.091694e-01	2.147432e+00	8.951560e-01	2.066773e+00	1.258588e+00	3.056090e-01	1.800721e+00	7.346568e-01	
3  96.7024	2.201718e+00	1.171014e-01	6.689396e-01	2.841686e+00	8.981893e-01	2.103535e+00	1.884426e-01	2.253130e+00	7.311168e-01	2.136341e+00	7.900212e-01	2.103136e+00	1.547293e+00	3.123327e-01	1.714465e+00	7.044139e-01	
1  97.7926	2.304929e+00	1.228579e-01	6.728077e-01	2.760765e+00	9.231660e-01	2.260402e+00	7.330915e-01	2.327792e+00	7.796310e-01	2.227516e+00	9.700126e-01	2.155736e+00	1.479659e+00	3.237486e-01	1.581193e+00	6.986331e-01	
2  99.1595	2.280306e+00	1.053002e-01	6.578077e-01	3.034389e+00	1.002846e+00	2.057330e+00	3.725358e-01	2.170291e+00	6.441927e-01	2.083035e+00	8.178794e-01	2.029652e+00	1.580384e+00	2.975366e-01	2.078828e+00	7.439376e-01	
3  96.9761	2.280306e+00	1.053002e-01	6.578077e-01	3.034389e+00	1.002846e+00	2.035388e+00	2.092326e-01	2.236823e+00	1.067042e+00	2.037599e+00	6.044297e-01	2.077175e+00	1.583965e+00	2.975366e-01	2.078828e+00	7.439376e-01	
4  93.7764	2.280306e+00	1.053002e-01	6.578077e-01	3.034389e+00	1.002846e+00	2.047557e+00	1.528218e-01	2.242901e+00	9.486419e-01	2.079991e+00	1.259230e+00	2.105780e+00	1.746096e+00	2.975366e-01	2.078828e+00	7.439376e-01	
2  93.8593	2.125455e+00	1.067915e-01	6.446372e-01	3.029840e+00	9.737985e-01	2.013464e+00	5.515084e-02	2.229289e+00	8.818471e-01	2.065348e+00	1.212187e+00	2.070531e+00	1.432206e+00	3.096810e-01	2.069392e+00	7.480951e-01	
2  91.6585	2.248874e+00	1.124543e-01	6.739030e-01	3.007637e+00	9.702078e-01	1.989961e+00	1.349887e-01	2.186530e+00	9.145543e-01	2.028722e+00	1.160169e+00	2.055524e+00	1.671468e+00	2.985547e-01	2.023953e+00	7.636374e-01	
1  92.6558	2.242302e+00	1.141038e-01	6.783318e-01	2.817827e+00	9.689049e-01	2.223929e+00	3.663975e-01	2.393237e+00	1.149857e+00	2.211812e+00	1.423113e+00	2.243601e+00	1.782200e+00	2.981108e-01	1.674044e+00	7.021655e-01	
1  90.9136	2.242302e+00	1.141038e-01	6.783318e-01	2.817827e+00	9.689049e-01	2.211848e+00	2.247697e-01	2.367506e+00	1.206378e+00	2.197078e+00	1.255741e+00	2.227550e+00	1.473605e+00	2.981108e-01	1.674044e+00	7.021655e-01	
3  91.3518	2.242302e+00	1.141038e-01	6.783318e-01	2.817827e+00	9.689049e-01	2.215233e+00	3.172595e-01	2.373885e+00	1.131006e+00	2.227853e+00	1.445384e+00	2.181323e+00	1.466482e+00	2.981108e-01	1.674044e+00	7.021655e-01	
2  91.3432	2.242302e+00	1.141038e-01	6.783318e-01	2.817827e+00	9.689049e-01	2.211867e+00	2.455578e-01	2.364793e+00	1.068115e+00	2.231622e+00	1.887615e+00	2.167929e+00	1.193357e+00	2.981108e-01	1.674044e+00	7.021655e-01	
