1  299.715	2.254004e+00	9.087960e-02	6.685376e-01	3.414683e+00	1.144745e+00	1.822874e+00	-1.476154e-01	1.822540e+00	-8.628595e-02	1.838835e+00	-9.591636e-02	1.855848e+00	-1.225423e-02	2.552091e-01	3.040731e+00	8.607867e-01	
1  301.223	2.281439e+00	1.092061e-01	6.875288e-01	3.090601e+00	1.085110e+00	2.094270e+00	2.679704e-01	2.055956e+00	1.185809e-01	2.055539e+00	1.144666e-01	2.049981e+00	9.980911e-02	2.806554e-01	2.199029e+00	8.171601e-01	
1  281.37	2.213473e+00	1.080160e-01	6.654503e-01	3.100486e+00	1.052164e+00	2.078207e+00	2.082377e-01	2.055078e+00	9.105692e-02	2.052185e+00	8.609738e-02	2.045934e+00	7.070991e-02	2.953653e-01	2.220874e+00	8.030677e-01	
3  244.398	2.273110e+00	1.100114e-01	6.992855e-01	2.923530e+00	1.075242e+00	2.252289e+00	2.510143e-01	2.219672e+00	2.321857e-01	2.206043e+00	2.468414e-01	2.194486e+00	1.827177e-01	2.727742e-01	1.860685e+00	7.561111e-01	
1  188.782	2.273110e+00	1.100114e-01	6.992855e-01	2.923530e+00	1.075242e+00	2.240460e+00	5.714606e-02	2.248363e+00	3.156320e-01	2.301065e+00	1.423104e+00	2.239922e+00	5.839085e-01	2.727742e-01	1.860685e+00	7.561111e-01	
3  178.716	2.273110e+00	1.100114e-01	6.992855e-01	2.923530e+00	1.075242e+00	2.309784e+00	7.047860e-01	2.198984e+00	1.754643e-01	2.371256e+00	2.154180e+00	2.208930e+00	4.079589e-01	2.727742e-01	1.860685e+00	7.561111e-01	
1  147.641	2.273110e+00	1.100114e-01	6.992855e-01	2.923530e+00	1.075242e+00	2.276472e+00	8.245707e-01	2.171623e+00	3.277572e-01	2.367066e+00	1.533299e+00	2.227984e+00	9.087065e-01	2.727742e-01	1.860685e+00	7.561111e-01	
2  135.562	2.273110e+00	1.100114e-01	6.992855e-01	2.923530e+00	1.075242e+00	2.321265e+00	1.002619e+00	2.218487e+00	6.344885e-01	2.386366e+00	2.053717e+00	2.209876e+00	1.312946e+00	2.727742e-01	1.860685e+00	7.561111e-01	
1  136.665	2.241316e+00	1.115681e-01	6.991084e-01	2.998556e+00	1.064274e+00	2.219934e+00	9.920254e-01	2.115309e+00	5.737724e-01	2.291105e+00	1.973682e+00	2.121509e+00	1.271121e+00	2.754470e-01	2.005656e+00	7.911183e-01	
5  134.486	2.224728e+00	1.074695e-01	7.006135e-01	3.089693e+00	1.066817e+00	2.108744e+00	7.779833e-01	2.023513e+00	4.927321e-01	2.205624e+00	1.888523e+00	2.047793e+00	1.229155e+00	2.655770e-01	2.197033e+00	8.095066e-01	
1  133.98	2.224728e+00	1.074695e-01	7.006135e-01	3.089693e+00	1.066817e+00	2.168425e+00	1.212874e+00	2.049625e+00	8.771844e-01	2.207413e+00	2.197244e+00	2.003653e+00	1.341787e+00	2.655770e-01	2.197033e+00	8.095066e-01	
3  126.013	2.224728e+00	1.074695e-01	7.006135e-01	3.089693e+00	1.066817e+00	2.168805e+00	1.771523e+00	2.094105e+00	1.129001e+00	2.165365e+00	1.635862e+00	1.943850e+00	5.390494e-01	2.655770e-01	2.197033e+00	8.095066e-01	
3  121.413	2.224728e+00	1.074695e-01	7.006135e-01	3.089693e+00	1.066817e+00	2.145065e+00	1.806014e+00	2.100922e+00	1.325206e+00	2.170882e+00	1.602038e+00	1.957431e+00	8.332898e-01	2.655770e-01	2.197033e+00	8.095066e-01	
5  118.4	2.237344e+00	1.022833e-01	6.935591e-01	3.341116e+00	1.121357e+00	1.942696e+00	1.867715e+00	1.881638e+00	1.200430e+00	1.970614e+00	1.448956e+00	1.766755e+00	7.524300e-01	2.604877e-01	2.825064e+00	9.033140e-01	
1  117.431	2.237344e+00	1.022833e-01	6.935591e-01	3.341116e+00	1.121357e+00	1.880379e+00	1.204868e+00	1.909520e+00	9.448304e-01	1.934118e+00	1.264793e+00	1.796306e+00	6.432405e-01	2.604877e-01	2.825064e+00	9.033140e-01	
1  119.108	2.237344e+00	1.022833e-01	6.935591e-01	3.341116e+00	1.121357e+00	1.831085e+00	7.210207e-01	1.903456e+00	9.479034e-01	1.934271e+00	1.340695e+00	1.770506e+00	4.418940e-01	2.604877e-01	2.825064e+00	9.033140e-01	
3  112.733	2.237344e+00	1.022833e-01	6.935591e-01	3.341116e+00	1.121357e+00	1.822763e+00	6.067583e-01	1.893804e+00	9.753755e-01	1.944596e+00	1.254360e+00	1.766613e+00	6.785343e-01	2.604877e-01	2.825064e+00	9.033140e-01	
3  111.91	2.237344e+00	1.022833e-01	6.935591e-01	3.341116e+00	1.121357e+00	1.819806e+00	6.631133e-01	1.873432e+00	1.069288e+00	1.961232e+00	1.422743e+00	1.753593e+00	8.167388e-01	2.604877e-01	2.825064e+00	9.033140e-01	
4  113.163	2.236823e+00	1.230189e-01	7.092452e-01	3.240316e+00	1.006075e+00	1.751813e+00	7.029487e-01	1.801344e+00	1.017572e+00	1.894096e+00	1.348318e+00	1.689775e+00	7.596936e-01	2.903040e-01	2.554180e+00	9.338397e-01	
2  112.077	2.225534e+00	1.167732e-01	7.026363e-01	3.238094e+00	9.998607e-01	1.749994e+00	4.286237e-01	1.833043e+00	9.910445e-01	1.921174e+00	1.341874e+00	1.721514e+00	7.524588e-01	2.829114e-01	2.548510e+00	8.982486e-01	
3  110.597	2.225534e+00	1.167732e-01	7.026363e-01	3.238094e+00	9.998607e-01	1.736166e+00	7.667073e-01	1.848907e+00	1.111241e+00	1.837853e+00	1.003956e+00	1.793115e+00	1.149699e+00	2.829114e-01	2.548510e+00	8.982486e-01	
3  110.229	2.225534e+00	1.167732e-01	7.026363e-01	3.238094e+00	9.998607e-01	1.723954e+00	6.499765e-01	1.882816e+00	1.681892e+00	1.760269e+00	6.992070e-01	1.833290e+00	1.144349e+00	2.829114e-01	2.548510e+00	8.982486e-01	
4  106.157	2.225534e+00	1.167732e-01	7.026363e-01	3.238094e+00	9.998607e-01	1.794059e+00	1.218383e+00	1.847117e+00	1.514207e+00	1.768482e+00	9.345667e-01	1.816837e+00	1.465549e+00	2.829114e-01	2.548510e+00	8.982486e-01	
2  105.755	2.254717e+00	1.173350e-01	7.112810e-01	3.199005e+00	1.008636e+00	1.835201e+00	1.231881e+00	1.885099e+00	1.545209e+00	1.804248e+00	9.720514e-01	1.850897e+00	1.490302e+00	2.777635e-01	2.450813e+00	8.870738e-01	
6  101.399	2.254717e+00	1.173350e-01	7.112810e-01	3.199005e+00	1.008636e+00	1.836164e+00	6.436439e-01	1.862846e+00	1.757693e+00	1.813888e+00	1.113378e+00	1.809462e+00	9.882983e-01	2.777635e-01	2.450813e+00	8.870738e-01	
4  100.447	2.254717e+00	1.173350e-01	7.112810e-01	3.199005e+00	1.008636e+00	1.833184e+00	6.057812e-01	1.821644e+00	9.602539e-01	1.875948e+00	1.598821e+00	1.768852e+00	1.178455e+00	2.777635e-01	2.450813e+00	8.870738e-01	
7  98.9906	2.244709e+00	1.293943e-01	7.140925e-01	3.050553e+00	9.088431e-01	1.860824e+00	4.917118e-01	1.869279e+00	9.520103e-01	1.917434e+00	1.597149e+00	1.809491e+00	1.157919e+00	2.990335e-01	2.112703e+00	8.442594e-01	
14  93.7396	2.244709e+00	1.293943e-01	7.140925e-01	3.050553e+00	9.088431e-01	1.871300e+00	7.443565e-01	1.888507e+00	8.939868e-01	1.852681e+00	1.187807e+00	1.787706e+00	1.358250e+00	2.990335e-01	2.112703e+00	8.442594e-01	
2  93.581	2.244709e+00	1.293943e-01	7.140925e-01	3.050553e+00	9.088431e-01	1.883396e+00	8.076704e-01	1.883815e+00	1.015431e+00	1.820684e+00	1.140375e+00	1.808023e+00	1.338665e+00	2.990335e-01	2.112703e+00	8.442594e-01	
11  93.3061	2.244709e+00	1.293943e-01	7.140925e-01	3.050553e+00	9.088431e-01	1.848293e+00	4.143391e-01	1.882573e+00	8.727587e-01	1.827760e+00	1.296988e+00	1.739281e+00	1.033604e+00	2.990335e-01	2.112703e+00	8.442594e-01	
4  93.1377	2.244709e+00	1.293943e-01	7.140925e-01	3.050553e+00	9.088431e-01	1.794253e+00	2.090955e-01	1.864185e+00	8.313832e-01	1.782291e+00	1.034088e+00	1.799261e+00	1.152106e+00	2.990335e-01	2.112703e+00	8.442594e-01	
4  92.1834	2.270355e+00	1.287978e-01	6.982706e-01	3.128404e+00	8.970759e-01	1.714494e+00	1.306370e-01	1.795194e+00	7.475511e-01	1.717832e+00	9.534074e-01	1.736218e+00	1.086896e+00	3.120409e-01	2.283749e+00	8.654430e-01	
3  91.743	2.270355e+00	1.287978e-01	6.982706e-01	3.128404e+00	8.970759e-01	1.734162e+00	2.586383e-01	1.852074e+00	1.256998e+00	1.702460e+00	6.643968e-01	1.778127e+00	1.227904e+00	3.120409e-01	2.283749e+00	8.654430e-01	
6  90.9868	2.270355e+00	1.287978e-01	6.982706e-01	3.128404e+00	8.970759e-01	1.783367e+00	3.567424e-01	1.892186e+00	1.254925e+00	1.723626e+00	7.693249e-01	1.725044e+00	1.046887e+00	3.120409e-01	2.283749e+00	8.654430e-01	
2  92.4276	2.286607e+00	1.152370e-01	6.844264e-01	3.308205e+00	9.586239e-01	1.678367e+00	1.663657e-01	1.804317e+00	1.168494e+00	1.642447e+00	6.905494e-01	1.651765e+00	1.004300e+00	2.961903e-01	2.733600e+00	8.980737e-01	
2  92.1035	2.306950e+00	1.189743e-01	6.726191e-01	3.242811e+00	9.179749e-01	1.719263e+00	1.313725e-01	1.856732e+00	1.164949e+00	1.689333e+00	7.017792e-01	1.692656e+00	9.876385e-01	3.153907e-01	2.560560e+00	8.693662e-01	
1  92.2659	2.306950e+00	1.189743e-01	6.726191e-01	3.242811e+00	9.179749e-01	1.744336e+00	3.664528e-01	1.892216e+00	1.687807e+00	1.703668e+00	8.694971e-01	1.699650e+00	1.146322e+00	3.153907e-01	2.560560e+00	8.693662e-01	
8  91.6443	2.306950e+00	1.189743e-01	6.726191e-01	3.242811e+00	9.179749e-01	1.716899e+00	1.982822e-01	1.898421e+00	1.428281e+00	1.742132e+00	1.012465e+00	1.642905e+00	5.554027e-01	3.153907e-01	2.560560e+00	8.693662e-01	
1  91.1934	2.296012e+00	1.246696e-01	6.806026e-01	3.132343e+00	9.173826e-01	1.838066e+00	4.787551e-01	1.990443e+00	1.538515e+00	1.828403e+00	1.115935e+00	1.718653e+00	6.205120e-01	3.200938e-01	2.292764e+00	8.499295e-01	
2  91.35	2.313733e+00	1.134190e-01	6.780477e-01	3.106605e+00	1.015044e+00	2.012124e+00	7.024065e-01	2.140200e+00	1.683267e+00	1.968765e+00	1.277265e+00	1.845889e+00	7.283616e-01	2.984249e-01	2.234506e+00	8.173244e-01	
2  93.4031	2.314614e+00	1.176241e-01	6.634651e-01	2.983221e+00	9.535463e-01	2.095575e+00	6.104924e-01	2.245702e+00	1.700586e+00	2.063414e+00	1.317298e+00	1.932956e+00	7.243389e-01	3.212606e-01	1.975133e+00	7.651375e-01	
14  95.035	2.314614e+00	1.176241e-01	6.634651e-01	2.983221e+00	9.535463e-01	2.079421e+00	6.453158e-01	2.262426e+00	1.675010e+00	2.085623e+00	1.587752e+00	1.975275e+00	9.082926e-01	3.212606e-01	1.975133e+00	7.651375e-01	
6  95.4489	2.314614e+00	1.176241e-01	6.634651e-01	2.983221e+00	9.535463e-01	2.052744e+00	3.864587e-01	2.254634e+00	1.425535e+00	2.023098e+00	1.123980e+00	1.895342e+00	1.009411e+00	3.212606e-01	1.975133e+00	7.651375e-01	
1  93.3524	2.293462e+00	1.247798e-01	6.792843e-01	2.971649e+00	9.185179e-01	1.989118e+00	3.735766e-01	2.187900e+00	1.397451e+00	1.961731e+00	1.077108e+00	1.841124e+00	9.913501e-01	3.215211e-01	1.952409e+00	7.849010e-01	
5  92.6019	2.249381e+00	1.172807e-01	6.796281e-01	3.053530e+00	9.618647e-01	1.952922e+00	3.589441e-01	2.149303e+00	1.395372e+00	1.926541e+00	1.065438e+00	1.811279e+00	1.003686e+00	3.040060e-01	2.119001e+00	8.019348e-01	
4  89.646	2.249381e+00	1.172807e-01	6.796281e-01	3.053530e+00	9.618647e-01	1.979447e+00	5.483604e-01	2.121766e+00	1.367938e+00	1.906955e+00	8.505422e-01	1.880538e+00	1.344845e+00	3.040060e-01	2.119001e+00	8.019348e-01	
5  90.7386	2.249381e+00	1.172807e-01	6.796281e-01	3.053530e+00	9.618647e-01	2.039163e+00	9.559960e-01	2.112343e+00	1.259791e+00	1.960984e+00	1.127130e+00	1.886808e+00	9.094161e-01	3.040060e-01	2.119001e+00	8.019348e-01	
1  93.8236	2.320224e+00	1.346827e-01	6.799887e-01	3.026326e+00	8.617694e-01	1.931807e+00	9.327404e-01	2.009232e+00	1.146131e+00	1.865225e+00	1.006258e+00	1.792164e+00	8.048865e-01	3.428510e-01	2.062134e+00	8.259768e-01	
6  93.3048	2.325686e+00	1.396825e-01	6.973189e-01	2.896223e+00	8.076015e-01	1.969412e+00	6.964963e-01	2.073843e+00	1.157385e+00	1.923210e+00	1.032610e+00	1.854944e+00	8.205585e-01	3.364160e-01	1.810562e+00	7.787607e-01	
1  94.4187	2.325686e+00	1.396825e-01	6.973189e-01	2.896223e+00	8.076015e-01	1.899257e+00	1.676258e-01	2.065809e+00	1.054384e+00	1.951254e+00	1.003121e+00	1.893645e+00	1.688431e+00	3.364160e-01	1.810562e+00	7.787607e-01	
2  95.3641	2.325686e+00	1.396825e-01	6.973189e-01	2.896223e+00	8.076015e-01	1.891281e+00	-5.585551e-02	2.092244e+00	1.382979e+00	1.927331e+00	1.200160e+00	1.856202e+00	1.337058e+00	3.364160e-01	1.810562e+00	7.787607e-01	
6  94.4653	2.325686e+00	1.396825e-01	6.973189e-01	2.896223e+00	8.076015e-01	1.888191e+00	-2.114833e-02	2.106047e+00	1.287214e+00	1.913672e+00	1.042551e+00	1.854071e+00	1.123679e+00	3.364160e-01	1.810562e+00	7.787607e-01	
9  93.5368	2.325686e+00	1.396825e-01	6.973189e-01	2.896223e+00	8.076015e-01	1.904400e+00	1.775839e-01	2.123365e+00	1.527911e+00	1.931473e+00	1.278353e+00	1.770705e+00	4.825692e-01	3.364160e-01	1.810562e+00	7.787607e-01	
19  95.0984	2.333403e+00	1.396527e-01	6.812444e-01	2.912961e+00	8.014166e-01	1.907773e+00	2.280455e-01	2.126055e+00	1.513267e+00	1.933433e+00	1.267605e+00	1.767535e+00	4.604254e-01	3.525813e-01	1.841123e+00	7.792992e-01	
2  93.3681	2.333403e+00	1.396527e-01	6.812444e-01	2.912961e+00	8.014166e-01	1.949282e+00	5.077947e-01	1.997644e+00	8.964688e-01	1.889129e+00	8.005893e-01	1.820328e+00	5.768533e-01	3.525813e-01	1.841123e+00	7.792992e-01	
4  93.6607	2.333403e+00	1.396527e-01	6.812444e-01	2.912961e+00	8.014166e-01	1.832054e+00	-1.286674e-01	2.030933e+00	1.026117e+00	1.897187e+00	7.307719e-01	1.865578e+00	8.554503e-01	3.525813e-01	1.841123e+00	7.792992e-01	
9  93.3717	2.252416e+00	1.419301e-01	6.778940e-01	2.802594e+00	7.713423e-01	1.928803e+00	-5.657161e-02	2.127022e+00	1.105316e+00	1.984372e+00	8.075424e-01	1.947558e+00	9.029380e-01	3.592687e-01	1.648736e+00	7.398998e-01	
5  93.7436	2.252416e+00	1.419301e-01	6.778940e-01	2.802594e+00	7.713423e-01	1.933243e+00	-4.854409e-02	2.099796e+00	1.197447e+00	1.914243e+00	5.749380e-01	1.931173e+00	7.294057e-01	3.592687e-01	1.648736e+00	7.398998e-01	
1  93.6289	2.254457e+00	1.394720e-01	6.811720e-01	2.779394e+00	7.703341e-01	1.948497e+00	-1.845300e-01	2.130251e+00	1.200126e+00	1.941612e+00	5.886947e-01	1.961082e+00	7.397316e-01	3.505655e-01	1.610926e+00	7.244264e-01	
2  93.6511	2.253809e+00	1.334247e-01	6.721291e-01	2.897731e+00	8.029387e-01	1.871411e+00	-2.208898e-01	2.054601e+00	1.145797e+00	1.872079e+00	5.298653e-01	1.895621e+00	7.076165e-01	3.466615e-01	1.813295e+00	7.558969e-01	
4  90.7861	2.256053e+00	1.198595e-01	6.742769e-01	2.947366e+00	9.171532e-01	1.970972e+00	-3.784144e-02	2.129162e+00	1.252306e+00	1.943542e+00	6.412371e-01	1.961069e+00	7.982700e-01	3.146693e-01	1.905569e+00	7.567359e-01	
1  91.0354	2.256053e+00	1.198595e-01	6.742769e-01	2.947366e+00	9.171532e-01	1.955768e+00	-9.219705e-02	2.127289e+00	1.271309e+00	1.921307e+00	6.395350e-01	1.973688e+00	9.770247e-01	3.146693e-01	1.905569e+00	7.567359e-01	
10  90.4425	2.256053e+00	1.198595e-01	6.742769e-01	2.947366e+00	9.171532e-01	1.966504e+00	-2.847944e-02	2.172822e+00	2.007536e+00	1.989865e+00	1.181926e+00	1.930155e+00	8.291292e-01	3.146693e-01	1.905569e+00	7.567359e-01	
3  92.326	2.256053e+00	1.198595e-01	6.742769e-01	2.947366e+00	9.171532e-01	1.975629e+00	9.737411e-03	2.184748e+00	2.075632e+00	1.962966e+00	1.172422e+00	1.884921e+00	5.438463e-01	3.146693e-01	1.905569e+00	7.567359e-01	
4  94.7183	2.256053e+00	1.198595e-01	6.742769e-01	2.947366e+00	9.171532e-01	1.948169e+00	-1.082755e-01	2.223594e+00	2.151136e+00	2.039251e+00	1.725424e+00	1.860674e+00	4.973596e-01	3.146693e-01	1.905569e+00	7.567359e-01	
4  95.3119	2.222065e+00	1.215678e-01	6.732694e-01	2.970490e+00	8.903000e-01	1.884663e+00	-1.932654e-01	2.169542e+00	2.105516e+00	1.988355e+00	1.670949e+00	1.815566e+00	4.660586e-01	3.186305e-01	1.950147e+00	7.666874e-01	
14  94.0607	2.233261e+00	1.208635e-01	6.764960e-01	2.875670e+00	8.929261e-01	1.992044e+00	-1.902669e-01	2.279737e+00	2.176405e+00	2.089828e+00	1.758140e+00	1.911216e+00	5.161260e-01	3.143040e-01	1.773730e+00	7.292950e-01	
9  93.8965	2.233261e+00	1.208635e-01	6.764960e-01	2.875670e+00	8.929261e-01	1.985872e+00	-2.443279e-01	2.282848e+00	1.875984e+00	2.105030e+00	1.776281e+00	1.903422e+00	3.950841e-01	3.143040e-01	1.773730e+00	7.292950e-01	
8  93.8822	2.230533e+00	1.257127e-01	6.785412e-01	2.785093e+00	8.705316e-01	2.059582e+00	-1.467375e-01	2.349364e+00	1.928510e+00	2.166323e+00	1.830879e+00	1.958484e+00	4.219964e-01	3.228851e-01	1.620132e+00	7.089973e-01	
3  96.0044	2.230533e+00	1.257127e-01	6.785412e-01	2.785093e+00	8.705316e-01	2.056655e+00	-3.699765e-02	2.344866e+00	1.999280e+00	2.177053e+00	2.092098e+00	2.012355e+00	6.722116e-01	3.228851e-01	1.620132e+00	7.089973e-01	
5  95.132	2.230533e+00	1.257127e-01	6.785412e-01	2.785093e+00	8.705316e-01	2.019131e+00	-2.462789e-01	2.348408e+00	1.795282e+00	2.181617e+00	1.757577e+00	2.049556e+00	7.956813e-01	3.228851e-01	1.620132e+00	7.089973e-01	
14  95.8965	2.233516e+00	1.248362e-01	6.929937e-01	2.815247e+00	9.248344e-01	2.038693e+00	-3.873910e-03	2.333449e+00	1.852859e+00	2.170818e+00	1.797361e+00	2.037033e+00	8.412503e-01	3.077949e-01	1.669730e+00	7.344157e-01	
8  96.3899	2.233516e+00	1.248362e-01	6.929937e-01	2.815247e+00	9.248344e-01	2.041782e+00	-2.016915e-01	2.296295e+00	1.835275e+00	2.146860e+00	1.417879e+00	2.041180e+00	8.740866e-01	3.077949e-01	1.669730e+00	7.344157e-01	
4  94.2849	2.228986e+00	1.246394e-01	6.882135e-01	2.741662e+00	9.016238e-01	2.101289e+00	-3.032702e-01	2.372701e+00	1.857193e+00	2.215790e+00	1.456360e+00	2.107400e+00	8.874259e-01	3.115744e-01	1.551274e+00	7.002099e-01	
5  94.7803	2.172977e+00	1.251489e-01	6.705992e-01	2.896692e+00	9.178918e-01	1.985327e+00	-4.278420e-02	2.226825e+00	1.801246e+00	2.082223e+00	1.363320e+00	1.973933e+00	8.340662e-01	3.280448e-01	1.811412e+00	7.622445e-01	
5  93.6394	2.172977e+00	1.251489e-01	6.705992e-01	2.896692e+00	9.178918e-01	2.005793e+00	3.394268e-01	2.198674e+00	1.465523e+00	2.105541e+00	1.724448e+00	1.964353e+00	9.680834e-01	3.280448e-01	1.811412e+00	7.622445e-01	
14  95.4151	2.140951e+00	1.167071e-01	6.802973e-01	3.217949e+00	9.360830e-01	1.626479e+00	-1.312941e-01	1.853870e+00	1.208371e+00	1.786901e+00	1.436802e+00	1.680712e+00	8.269390e-01	2.998259e-01	2.497683e+00	8.674106e-01	
1  95.3681	2.220731e+00	1.103042e-01	6.902732e-01	3.144191e+00	9.983280e-01	1.777980e+00	-9.443105e-02	1.999665e+00	1.313054e+00	1.923189e+00	1.571419e+00	1.808240e+00	9.108530e-01	2.794588e-01	2.320091e+00	8.219187e-01	
1  92.3105	2.210168e+00	1.257710e-01	6.898007e-01	3.002039e+00	9.376873e-01	1.872274e+00	2.682548e-01	2.060762e+00	1.388641e+00	1.980131e+00	1.631654e+00	1.851071e+00	9.299181e-01	3.121248e-01	2.012654e+00	8.147635e-01	
2  93.1707	2.194769e+00	1.322091e-01	6.961348e-01	3.015956e+00	8.884787e-01	1.774437e+00	1.622484e-01	1.972618e+00	1.316685e+00	1.897974e+00	1.546490e+00	1.777295e+00	8.786354e-01	3.194382e-01	2.040858e+00	8.328863e-01	
4  92.649	2.194769e+00	1.322091e-01	6.961348e-01	3.015956e+00	8.884787e-01	1.826912e+00	4.333275e-01	1.990864e+00	1.255043e+00	1.885229e+00	1.712345e+00	1.777088e+00	7.902954e-01	3.194382e-01	2.040858e+00	8.328863e-01	
2  92.3212	2.194769e+00	1.322091e-01	6.961348e-01	3.015956e+00	8.884787e-01	1.860375e+00	6.137163e-01	1.995241e+00	1.440835e+00	1.896838e+00	1.472602e+00	1.768393e+00	7.223339e-01	3.194382e-01	2.040858e+00	8.328863e-01	
4  91.5626	2.194769e+00	1.322091e-01	6.961348e-01	3.015956e+00	8.884787e-01	1.889380e+00	6.697649e-01	2.016685e+00	1.444494e+00	1.885944e+00	1.229217e+00	1.772425e+00	7.247456e-01	3.194382e-01	2.040858e+00	8.328863e-01	
12  93.0752	2.235164e+00	1.246283e-01	6.902253e-01	3.217618e+00	9.672114e-01	1.776704e+00	7.865815e-01	1.882285e+00	1.381345e+00	1.764616e+00	1.151611e+00	1.654248e+00	6.876844e-01	3.098671e-01	2.496857e+00	9.110134e-01	
11  92.9232	2.100261e+00	1.235394e-01	6.670329e-01	3.015129e+00	9.497069e-01	2.041322e+00	1.065363e+00	2.134788e+00	1.581031e+00	1.995286e+00	1.358969e+00	1.864237e+00	8.043169e-01	3.263103e-01	2.039173e+00	8.155401e-01	
1  94.3529	2.178866e+00	1.257708e-01	6.657316e-01	2.743271e+00	8.975540e-01	2.279491e+00	8.382142e-01	2.411592e+00	1.684167e+00	2.247953e+00	1.524351e+00	2.103326e+00	8.699758e-01	3.343955e-01	1.553773e+00	7.013845e-01	
2  92.0123	2.199777e+00	1.194244e-01	6.696755e-01	2.873947e+00	8.869883e-01	2.090509e+00	3.305690e-01	2.272115e+00	1.520686e+00	2.117346e+00	1.370463e+00	1.993612e+00	7.826979e-01	3.167833e-01	1.770677e+00	7.221378e-01	
6  94.9006	2.090877e+00	1.159669e-01	6.453065e-01	2.897950e+00	9.320850e-01	2.185972e+00	8.173535e-01	2.320928e+00	1.632280e+00	2.163399e+00	1.455867e+00	2.024599e+00	8.395618e-01	3.302427e-01	1.813692e+00	7.297969e-01	
7  95.1913	2.090877e+00	1.159669e-01	6.453065e-01	2.897950e+00	9.320850e-01	2.208319e+00	6.383769e-01	2.255866e+00	1.214314e+00	2.181556e+00	1.700847e+00	1.958131e+00	5.041455e-01	3.302427e-01	1.813692e+00	7.297969e-01	
2  94.7546	2.122726e+00	1.160578e-01	6.553475e-01	3.060739e+00	9.768697e-01	2.065600e+00	7.728877e-01	2.085981e+00	1.144088e+00	2.027856e+00	1.602031e+00	1.811752e+00	4.613484e-01	3.211536e-01	2.134331e+00	8.055469e-01	
11  94.2083	2.122726e+00	1.160578e-01	6.553475e-01	3.060739e+00	9.768697e-01	2.016923e+00	5.879206e-01	2.045105e+00	6.134176e-01	1.992441e+00	1.440124e+00	1.791197e+00	5.571535e-01	3.211536e-01	2.134331e+00	8.055469e-01	
1  93.1499	2.089773e+00	1.101118e-01	6.612908e-01	3.242038e+00	1.006579e+00	1.832007e+00	4.300424e-01	1.867286e+00	5.041346e-01	1.828806e+00	1.308475e+00	1.644653e+00	5.020426e-01	3.010565e-01	2.558580e+00	8.661033e-01	
10  94.4809	2.105010e+00	1.063730e-01	6.390391e-01	3.231646e+00	9.861265e-01	1.851688e+00	2.504331e-01	1.915754e+00	4.714279e-01	1.871075e+00	1.301625e+00	1.683634e+00	4.732417e-01	3.136052e-01	2.532130e+00	8.287882e-01	
3  94.9677	2.114131e+00	1.097377e-01	6.503694e-01	3.075345e+00	1.020431e+00	2.070929e+00	6.615907e-01	2.091515e+00	6.611504e-01	2.035854e+00	1.492620e+00	1.830478e+00	5.943629e-01	3.109438e-01	2.165735e+00	7.943369e-01	
5  94.9685	2.081931e+00	1.093576e-01	6.530942e-01	3.088972e+00	1.034064e+00	2.072235e+00	7.609823e-01	2.080160e+00	6.839934e-01	2.026027e+00	1.503163e+00	1.820758e+00	6.112238e-01	3.067085e-01	2.195450e+00	8.049433e-01	
2  95.3245	2.081931e+00	1.093576e-01	6.530942e-01	3.088972e+00	1.034064e+00	2.120475e+00	1.010483e+00	2.142190e+00	9.636654e-01	2.038015e+00	1.507791e+00	1.866658e+00	1.003239e+00	3.067085e-01	2.195450e+00	8.049433e-01	
4  97.066	2.081931e+00	1.093576e-01	6.530942e-01	3.088972e+00	1.034064e+00	2.107026e+00	9.710802e-01	2.106638e+00	6.729517e-01	2.006814e+00	1.083304e+00	1.897242e+00	1.220307e+00	3.067085e-01	2.195450e+00	8.049433e-01	
2  95.6217	2.155166e+00	1.229014e-01	6.723223e-01	2.743452e+00	9.493335e-01	2.353760e+00	9.242650e-01	2.368205e+00	8.101837e-01	2.246853e+00	1.261489e+00	2.123209e+00	1.302059e+00	3.209993e-01	1.554054e+00	7.077674e-01	
2  95.0808	2.097949e+00	1.056206e-01	6.482230e-01	3.040305e+00	1.022949e+00	2.150456e+00	7.552444e-01	2.178363e+00	6.733525e-01	2.071212e+00	1.109544e+00	1.961676e+00	1.226385e+00	3.028233e-01	2.091161e+00	7.623716e-01	
1  94.6298	2.097949e+00	1.056206e-01	6.482230e-01	3.040305e+00	1.022949e+00	2.191616e+00	1.020615e+00	2.282931e+00	1.271061e+00	2.048664e+00	9.934064e-01	1.969787e+00	9.829220e-01	3.028233e-01	2.091161e+00	7.623716e-01	
7  92.4743	2.097949e+00	1.056206e-01	6.482230e-01	3.040305e+00	1.022949e+00	2.131844e+00	5.344454e-01	2.244324e+00	1.552735e+00	2.066558e+00	1.245164e+00	2.078367e+00	2.087072e+00	3.028233e-01	2.091161e+00	7.623716e-01	
16  92.1066	2.110374e+00	1.100884e-01	6.524469e-01	3.044209e+00	9.434172e-01	1.997487e+00	9.200874e-02	2.158828e+00	1.415744e+00	1.984650e+00	1.117643e+00	2.011490e+00	1.999356e+00	3.097025e-01	2.099343e+00	7.632926e-01	
11  92.732	2.075241e+00	1.047481e-01	6.395033e-01	3.056897e+00	9.521059e-01	2.017667e+00	4.182421e-02	2.188936e+00	1.423044e+00	2.011220e+00	1.131543e+00	2.036850e+00	2.005403e+00	3.084489e-01	2.126148e+00	7.452144e-01	
1  91.1886	2.071969e+00	1.132253e-01	6.613064e-01	2.965801e+00	9.361794e-01	2.066448e+00	2.135308e-01	2.215036e+00	1.487309e+00	2.036848e+00	1.181491e+00	2.060519e+00	2.047037e+00	3.077547e-01	1.941025e+00	7.498854e-01	
8  91.165	2.068961e+00	1.088967e-01	6.567771e-01	3.039868e+00	9.536845e-01	2.010603e+00	1.384707e-01	2.165624e+00	1.445782e+00	1.991128e+00	1.138870e+00	2.019128e+00	2.024593e+00	3.019092e-01	2.090247e+00	7.627568e-01	
2  91.7855	2.068961e+00	1.088967e-01	6.567771e-01	3.039868e+00	9.536845e-01	2.014052e+00	4.099435e-01	2.131381e+00	1.013976e+00	1.944181e+00	5.618511e-01	2.022078e+00	1.858269e+00	3.019092e-01	2.090247e+00	7.627568e-01	
1  93.6212	2.111446e+00	1.129684e-01	6.579320e-01	2.850850e+00	9.746262e-01	2.270750e+00	8.032773e-01	2.351642e+00	1.203821e+00	2.149328e+00	7.681804e-01	2.203678e+00	1.970515e+00	3.112380e-01	1.730248e+00	7.136396e-01	
2  93.308	2.087997e+00	1.224331e-01	6.732030e-01	2.738121e+00	9.250009e-01	2.307438e+00	8.528537e-01	2.383317e+00	1.241954e+00	2.178349e+00	7.973816e-01	2.232480e+00	1.991268e+00	3.176445e-01	1.545791e+00	7.018227e-01	
4  92.8801	2.099975e+00	1.191259e-01	6.762877e-01	2.912354e+00	9.270366e-01	2.093912e+00	5.755661e-01	2.191585e+00	1.083775e+00	2.001119e+00	6.279882e-01	2.073274e+00	1.898303e+00	3.077842e-01	1.840006e+00	7.533055e-01	
4  92.1287	2.099975e+00	1.191259e-01	6.762877e-01	2.912354e+00	9.270366e-01	2.192101e+00	1.360156e+00	2.217137e+00	1.477598e+00	2.034599e+00	1.134743e+00	2.089677e+00	1.691403e+00	3.077842e-01	1.840006e+00	7.533055e-01	
2  91.7847	2.099975e+00	1.191259e-01	6.762877e-01	2.912354e+00	9.270366e-01	2.171125e+00	1.156149e+00	2.246659e+00	1.568237e+00	2.054358e+00	1.406363e+00	2.060310e+00	1.543010e+00	3.077842e-01	1.840006e+00	7.533055e-01	
1  91.5749	2.085444e+00	1.110463e-01	6.733194e-01	3.009140e+00	9.693082e-01	2.120056e+00	1.083657e+00	2.199935e+00	1.540591e+00	2.011495e+00	1.376653e+00	2.022906e+00	1.537157e+00	2.923617e-01	2.026995e+00	7.679584e-01	
1  93.4664	2.082918e+00	1.231915e-01	6.897316e-01	2.882535e+00	9.252759e-01	2.182238e+00	1.273181e+00	2.241344e+00	1.602326e+00	2.050561e+00	1.426032e+00	2.056965e+00	1.567090e+00	3.040904e-01	1.785949e+00	7.616727e-01	
3  93.7563	2.150439e+00	1.290887e-01	6.956221e-01	2.865159e+00	9.222237e-01	2.190155e+00	1.404510e+00	2.232601e+00	1.604314e+00	2.044113e+00	1.427407e+00	2.045807e+00	1.559019e+00	3.125447e-01	1.755185e+00	7.737041e-01	
6  93.3264	2.150439e+00	1.290887e-01	6.956221e-01	2.865159e+00	9.222237e-01	2.117753e+00	7.166374e-01	2.199866e+00	1.286740e+00	2.064411e+00	1.601492e+00	2.065356e+00	1.822583e+00	3.125447e-01	1.755185e+00	7.737041e-01	
4  95.8319	2.150439e+00	1.290887e-01	6.956221e-01	2.865159e+00	9.222237e-01	2.114984e+00	7.139775e-01	2.192995e+00	1.337333e+00	2.066617e+00	1.913439e+00	2.077650e+00	2.066587e+00	3.125447e-01	1.755185e+00	7.737041e-01	
1  93.2507	2.110413e+00	1.286443e-01	6.744686e-01	2.803749e+00	8.604905e-01	2.134500e+00	4.690044e-01	2.251616e+00	1.306077e+00	2.116696e+00	1.902809e+00	2.127168e+00	2.036902e+00	3.306001e-01	1.650641e+00	7.289658e-01	
1  92.8172	2.151962e+00	1.251395e-01	6.847512e-01	2.814352e+00	9.010796e-01	2.157944e+00	4.765549e-01	2.269181e+00	1.331067e+00	2.134408e+00	1.934301e+00	2.144991e+00	2.065102e+00	3.141570e-01	1.668236e+00	7.314355e-01	
4  92.7883	2.183935e+00	1.063418e-01	6.667057e-01	2.973716e+00	9.505237e-01	2.058074e+00	-2.796475e-02	2.224249e+00	1.213596e+00	2.090673e+00	1.851355e+00	2.113518e+00	2.012322e+00	2.898229e-01	1.956449e+00	7.208893e-01	
4  93.9113	2.183935e+00	1.063418e-01	6.667057e-01	2.973716e+00	9.505237e-01	2.078242e+00	-2.285923e-02	2.287464e+00	1.510003e+00	2.086569e+00	1.685212e+00	2.095604e+00	2.056398e+00	2.898229e-01	1.956449e+00	7.208893e-01	
1  92.9497	2.183935e+00	1.063418e-01	6.667057e-01	2.973716e+00	9.505237e-01	2.010286e+00	-1.298110e-01	2.282231e+00	1.475965e+00	2.087222e+00	1.805639e+00	2.074137e+00	1.811693e+00	2.898229e-01	1.956449e+00	7.208893e-01	
2  94.8875	2.197386e+00	1.047649e-01	6.616375e-01	2.978861e+00	9.374526e-01	1.990933e+00	-2.855494e-01	2.282007e+00	1.440029e+00	2.085836e+00	1.781499e+00	2.075098e+00	1.789109e+00	2.909852e-01	1.966541e+00	7.105269e-01	
14  91.7307	2.183029e+00	1.077520e-01	6.599251e-01	3.089228e+00	9.515279e-01	1.892151e+00	-7.143676e-02	2.154550e+00	1.396896e+00	1.970024e+00	1.707234e+00	1.961024e+00	1.751209e+00	2.990265e-01	2.196011e+00	7.691906e-01	
10  93.2888	2.199054e+00	1.156027e-01	6.847794e-01	3.028865e+00	9.162863e-01	1.865690e+00	-1.403094e-01	2.129983e+00	1.388319e+00	1.947828e+00	1.691498e+00	1.945456e+00	1.751320e+00	2.947978e-01	2.067375e+00	7.760041e-01	
2  93.916	2.160195e+00	1.308924e-01	6.847944e-01	2.989292e+00	8.287099e-01	1.796761e+00	-1.528486e-02	2.050176e+00	1.342517e+00	1.873435e+00	1.617880e+00	1.871616e+00	1.695392e+00	3.265608e-01	1.987161e+00	7.982341e-01	
3  95.7402	2.140313e+00	1.300463e-01	6.876032e-01	2.910410e+00	7.967453e-01	1.832739e+00	-2.462904e-01	2.115372e+00	1.349840e+00	1.931434e+00	1.642144e+00	1.932913e+00	1.708127e+00	3.216882e-01	1.836432e+00	7.573456e-01	
6  95.8713	2.140313e+00	1.300463e-01	6.876032e-01	2.910410e+00	7.967453e-01	1.846849e+00	-1.438342e-01	2.103790e+00	1.260982e+00	1.887008e+00	1.075854e+00	1.962205e+00	1.831978e+00	3.216882e-01	1.836432e+00	7.573456e-01	
3  94.8885	2.140313e+00	1.300463e-01	6.876032e-01	2.910410e+00	7.967453e-01	1.862207e+00	-9.756999e-02	2.075375e+00	8.752834e-01	1.852634e+00	8.889442e-01	1.894841e+00	1.631294e+00	3.216882e-01	1.836432e+00	7.573456e-01	
13  94.3551	2.121936e+00	1.179128e-01	6.902926e-01	3.057479e+00	8.887337e-01	1.813843e+00	-4.879241e-02	2.012796e+00	8.769472e-01	1.796935e+00	8.791173e-01	1.844616e+00	1.653393e+00	2.933372e-01	2.127386e+00	7.953596e-01	
1  93.98	2.188177e+00	1.169801e-01	6.878864e-01	3.090247e+00	8.995866e-01	1.792483e+00	-9.747086e-02	1.995518e+00	8.417231e-01	1.781496e+00	8.552536e-01	1.828500e+00	1.628836e+00	2.948217e-01	2.198251e+00	8.027698e-01	
2  91.9049	2.172953e+00	1.298090e-01	6.848504e-01	2.925942e+00	8.443946e-01	1.923343e+00	2.207820e-01	2.100120e+00	9.376367e-01	1.878058e+00	9.449137e-01	1.909590e+00	1.664682e+00	3.244693e-01	1.865179e+00	7.731891e-01	
7  91.6146	2.138275e+00	1.123459e-01	6.747401e-01	3.207805e+00	9.634432e-01	1.779422e+00	2.633575e-01	1.940811e+00	8.741255e-01	1.733225e+00	8.594225e-01	1.774407e+00	1.643571e+00	2.951471e-01	2.472476e+00	8.493725e-01	
6  92.2323	2.138275e+00	1.123459e-01	6.747401e-01	3.207805e+00	9.634432e-01	1.757866e+00	2.991065e-01	1.907258e+00	9.516560e-01	1.723817e+00	6.808193e-01	1.774099e+00	1.898687e+00	2.951471e-01	2.472476e+00	8.493725e-01	
12  91.7774	2.132306e+00	1.187966e-01	6.749894e-01	3.144761e+00	9.212018e-01	1.773781e+00	3.230225e-01	1.923877e+00	9.556257e-01	1.738458e+00	6.831084e-01	1.786520e+00	1.890921e+00	3.089563e-01	2.321412e+00	8.402969e-01	
13  90.6763	2.142315e+00	1.136190e-01	6.674253e-01	3.128062e+00	9.291736e-01	1.813880e+00	1.935795e-01	1.981862e+00	9.634283e-01	1.790849e+00	7.107877e-01	1.837523e+00	1.900980e+00	3.046005e-01	2.282969e+00	8.098384e-01	
4  90.6959	2.158584e+00	1.151269e-01	6.677703e-01	3.132820e+00	9.221473e-01	1.797603e+00	1.844676e-01	1.966194e+00	9.465285e-01	1.776469e+00	6.941646e-01	1.823482e+00	1.887312e+00	3.080323e-01	2.293858e+00	8.155617e-01	
10  90.6181	2.158584e+00	1.151269e-01	6.677703e-01	3.132820e+00	9.221473e-01	1.783204e+00	1.091169e-01	1.933667e+00	8.617032e-01	1.799381e+00	6.526761e-01	1.842401e+00	1.725908e+00	3.080323e-01	2.293858e+00	8.155617e-01	
# After 137 accepted steps: update proposal 
22  90.2472	2.163233e+00	1.146057e-01	6.770705e-01	3.064657e+00	9.174103e-01	1.835516e+00	1.350706e-02	1.996598e+00	8.961326e-01	1.857028e+00	6.987902e-01	1.900737e+00	1.757690e+00	2.985927e-01	2.142712e+00	7.865093e-01	
1  91.5175	2.213212e+00	1.261897e-01	6.837330e-01	2.997610e+00	8.728183e-01	1.848133e+00	2.261856e-01	1.977721e+00	8.334755e-01	1.849884e+00	6.648062e-01	1.868096e+00	1.600259e+00	3.186500e-01	2.003759e+00	7.932792e-01	
6  91.4098	2.248765e+00	1.183911e-01	6.786234e-01	3.014893e+00	8.787310e-01	1.848152e+00	-6.547457e-02	2.022159e+00	9.115019e-01	1.871632e+00	6.789996e-01	1.930728e+00	1.896457e+00	3.073045e-01	2.038691e+00	7.673558e-01	
44  90.5756	2.248765e+00	1.183911e-01	6.786234e-01	3.014893e+00	8.787310e-01	1.845301e+00	-1.008007e-01	1.998577e+00	5.596762e-01	1.879185e+00	6.437557e-01	1.896711e+00	1.394302e+00	3.073045e-01	2.038691e+00	7.673558e-01	
8  91.9589	2.248765e+00	1.183911e-01	6.786234e-01	3.014893e+00	8.787310e-01	1.856074e+00	-6.421957e-02	1.949424e+00	5.645737e-01	1.866895e+00	5.659391e-01	1.865572e+00	8.539920e-01	3.073045e-01	2.038691e+00	7.673558e-01	
1  90.9901	2.248765e+00	1.183911e-01	6.786234e-01	3.014893e+00	8.787310e-01	1.840765e+00	-7.564731e-02	1.969795e+00	5.851821e-01	1.883638e+00	7.146702e-01	1.879442e+00	9.324505e-01	3.073045e-01	2.038691e+00	7.673558e-01	
12  90.8945	2.248765e+00	1.183911e-01	6.786234e-01	3.014893e+00	8.787310e-01	1.875898e+00	9.123725e-02	1.951020e+00	3.060034e-01	1.886609e+00	8.213824e-01	1.845212e+00	7.880929e-01	3.073045e-01	2.038691e+00	7.673558e-01	
5  94.0928	2.248765e+00	1.183911e-01	6.786234e-01	3.014893e+00	8.787310e-01	1.800971e+00	-3.995373e-01	1.951438e+00	2.154135e-01	1.862492e+00	8.493955e-01	1.929471e+00	1.323416e+00	3.073045e-01	2.038691e+00	7.673558e-01	
5  93.4286	2.248765e+00	1.183911e-01	6.786234e-01	3.014893e+00	8.787310e-01	1.824754e+00	-1.510205e-01	1.969769e+00	2.105772e-01	1.926298e+00	1.382752e+00	1.901619e+00	1.618136e+00	3.073045e-01	2.038691e+00	7.673558e-01	
6  93.5379	2.214763e+00	1.163182e-01	6.670148e-01	2.983621e+00	8.765119e-01	1.882538e+00	-1.597480e-01	2.033359e+00	2.480939e-01	1.980463e+00	1.455406e+00	1.951763e+00	1.579466e+00	3.126708e-01	1.975924e+00	7.460794e-01	
4  91.3574	2.214763e+00	1.163182e-01	6.670148e-01	2.983621e+00	8.765119e-01	1.901286e+00	-9.772398e-02	2.043893e+00	4.562745e-01	1.963319e+00	1.300411e+00	1.916409e+00	9.842037e-01	3.126708e-01	1.975924e+00	7.460794e-01	
4  92.3643	2.314261e+00	1.164438e-01	6.679381e-01	3.097911e+00	9.187884e-01	1.836039e+00	1.415693e-01	1.934598e+00	3.242590e-01	1.886666e+00	1.246557e+00	1.811639e+00	9.155852e-01	3.143188e-01	2.215162e+00	7.962183e-01	
4  91.1107	2.314261e+00	1.164438e-01	6.679381e-01	3.097911e+00	9.187884e-01	1.841631e+00	1.527094e-01	1.931550e+00	4.765379e-01	1.922572e+00	1.404994e+00	1.787440e+00	6.652210e-01	3.143188e-01	2.215162e+00	7.962183e-01	
5  91.5159	2.314261e+00	1.164438e-01	6.679381e-01	3.097911e+00	9.187884e-01	1.823725e+00	5.430876e-02	2.016632e+00	1.016444e+00	1.849662e+00	8.151950e-01	1.812585e+00	1.295132e+00	3.143188e-01	2.215162e+00	7.962183e-01	
4  94.0134	2.400416e+00	1.080185e-01	6.683788e-01	3.127900e+00	9.460137e-01	1.836826e+00	-1.369083e-01	2.056117e+00	1.109072e+00	1.872394e+00	8.541426e-01	1.876472e+00	1.666165e+00	2.969731e-01	2.282600e+00	7.718074e-01	
5  93.8567	2.400416e+00	1.080185e-01	6.683788e-01	3.127900e+00	9.460137e-01	1.843857e+00	-1.376728e-01	2.051780e+00	1.093537e+00	1.845580e+00	7.420967e-01	1.932208e+00	1.913701e+00	2.969731e-01	2.282600e+00	7.718074e-01	
1  93.4183	2.400416e+00	1.080185e-01	6.683788e-01	3.127900e+00	9.460137e-01	1.872574e+00	1.544199e-02	2.052715e+00	1.213086e+00	1.835726e+00	5.513840e-01	1.905803e+00	1.739153e+00	2.969731e-01	2.282600e+00	7.718074e-01	
15  93.3167	2.400416e+00	1.080185e-01	6.683788e-01	3.127900e+00	9.460137e-01	1.837752e+00	-1.726062e-01	2.047586e+00	1.081973e+00	1.867950e+00	8.896368e-01	1.898080e+00	1.345668e+00	2.969731e-01	2.282600e+00	7.718074e-01	
1  91.0154	2.248774e+00	1.100377e-01	6.856574e-01	3.133106e+00	9.654784e-01	1.800176e+00	-7.263741e-02	1.993140e+00	1.081329e+00	1.827257e+00	8.588512e-01	1.844155e+00	1.134716e+00	2.832635e-01	2.294515e+00	8.030171e-01	
2  90.9229	2.217565e+00	1.108547e-01	6.586293e-01	3.248718e+00	9.592526e-01	1.699159e+00	-2.564634e-02	1.885563e+00	8.471381e-01	1.744954e+00	7.481750e-01	1.711625e+00	7.414689e-01	3.081532e-01	2.575730e+00	8.480928e-01	
2  89.1965	2.112684e+00	1.109218e-01	6.581693e-01	3.153045e+00	9.499025e-01	1.792861e+00	-1.438897e-02	1.983881e+00	9.594184e-01	1.827374e+00	8.548255e-01	1.795832e+00	6.832843e-01	3.063177e-01	2.340722e+00	8.130892e-01	
3  89.7412	2.112684e+00	1.109218e-01	6.581693e-01	3.153045e+00	9.499025e-01	1.844033e+00	3.139990e-01	1.976237e+00	1.015399e+00	1.856688e+00	8.867485e-01	1.752490e+00	5.659857e-01	3.063177e-01	2.340722e+00	8.130892e-01	
10  90.4153	2.112684e+00	1.109218e-01	6.581693e-01	3.153045e+00	9.499025e-01	1.812130e+00	1.228466e-01	2.016114e+00	1.111870e+00	1.838013e+00	6.813593e-01	1.803900e+00	6.510524e-01	3.063177e-01	2.340722e+00	8.130892e-01	
1  90.5566	2.112684e+00	1.109218e-01	6.581693e-01	3.153045e+00	9.499025e-01	1.817054e+00	5.778309e-02	1.991354e+00	1.104228e+00	1.873318e+00	7.941308e-01	1.815295e+00	8.090783e-01	3.063177e-01	2.340722e+00	8.130892e-01	
18  89.9331	2.112684e+00	1.109218e-01	6.581693e-01	3.153045e+00	9.499025e-01	1.813503e+00	1.672703e-01	2.011665e+00	1.004587e+00	1.879091e+00	9.669965e-01	1.811817e+00	7.772330e-01	3.063177e-01	2.340722e+00	8.130892e-01	
1  89.7245	2.112684e+00	1.109218e-01	6.581693e-01	3.153045e+00	9.499025e-01	1.819625e+00	9.911525e-02	2.058255e+00	1.266741e+00	1.840786e+00	7.951406e-01	1.851417e+00	9.475123e-01	3.063177e-01	2.340722e+00	8.130892e-01	
7  93.1607	2.112684e+00	1.109218e-01	6.581693e-01	3.153045e+00	9.499025e-01	1.847266e+00	2.364423e-01	2.092977e+00	1.616230e+00	1.845722e+00	6.547603e-01	1.852121e+00	1.270406e+00	3.063177e-01	2.340722e+00	8.130892e-01	
1  93.6291	2.112684e+00	1.109218e-01	6.581693e-01	3.153045e+00	9.499025e-01	1.771932e+00	-1.026648e-01	2.077371e+00	1.309784e+00	1.872466e+00	9.809506e-01	1.827723e+00	1.329969e+00	3.063177e-01	2.340722e+00	8.130892e-01	
2  93.3833	2.112684e+00	1.109218e-01	6.581693e-01	3.153045e+00	9.499025e-01	1.781293e+00	2.350229e-02	2.070782e+00	1.188464e+00	1.886951e+00	1.163709e+00	1.864275e+00	1.628415e+00	3.063177e-01	2.340722e+00	8.130892e-01	
1  93.845	2.112684e+00	1.109218e-01	6.581693e-01	3.153045e+00	9.499025e-01	1.837841e+00	1.938434e-01	2.095875e+00	1.765525e+00	1.926375e+00	1.682737e+00	1.843387e+00	1.378575e+00	3.063177e-01	2.340722e+00	8.130892e-01	
2  93.3731	2.112684e+00	1.109218e-01	6.581693e-01	3.153045e+00	9.499025e-01	1.865879e+00	1.462837e-01	2.075003e+00	1.941444e+00	1.909781e+00	1.507098e+00	1.837374e+00	1.274204e+00	3.063177e-01	2.340722e+00	8.130892e-01	
4  91.7946	2.112684e+00	1.109218e-01	6.581693e-01	3.153045e+00	9.499025e-01	1.839132e+00	-2.540385e-02	2.015651e+00	1.435557e+00	1.867919e+00	1.232915e+00	1.825839e+00	9.310532e-01	3.063177e-01	2.340722e+00	8.130892e-01	
19  89.8575	2.242220e+00	1.314176e-01	6.721393e-01	2.956167e+00	8.568056e-01	1.940841e+00	3.101651e-01	2.070557e+00	1.433069e+00	1.925052e+00	1.251776e+00	1.858574e+00	8.351765e-01	3.419517e-01	1.922414e+00	7.871212e-01	
3  92.6914	2.242220e+00	1.314176e-01	6.721393e-01	2.956167e+00	8.568056e-01	1.935681e+00	3.042567e-01	2.044115e+00	1.180476e+00	1.891160e+00	9.688427e-01	1.855171e+00	4.712058e-01	3.419517e-01	1.922414e+00	7.871212e-01	
4  93.5069	2.242220e+00	1.314176e-01	6.721393e-01	2.956167e+00	8.568056e-01	1.992231e+00	6.726966e-01	2.035875e+00	1.381187e+00	1.967637e+00	1.617255e+00	1.859896e+00	1.172591e+00	3.419517e-01	1.922414e+00	7.871212e-01	
2  93.3902	2.191047e+00	1.286408e-01	6.708741e-01	3.033066e+00	8.961989e-01	1.950801e+00	7.804193e-01	1.975209e+00	1.319973e+00	1.925288e+00	1.601345e+00	1.796965e+00	1.021974e+00	3.359359e-01	2.076079e+00	8.221568e-01	
1  95.7072	2.191047e+00	1.286408e-01	6.708741e-01	3.033066e+00	8.961989e-01	1.987253e+00	8.725817e-01	1.986024e+00	1.382305e+00	1.934482e+00	1.728409e+00	1.829687e+00	1.451299e+00	3.359359e-01	2.076079e+00	8.221568e-01	
1  93.0958	2.191047e+00	1.286408e-01	6.708741e-01	3.033066e+00	8.961989e-01	1.972460e+00	7.752274e-01	1.972859e+00	1.099999e+00	1.880187e+00	1.350245e+00	1.896210e+00	1.789488e+00	3.359359e-01	2.076079e+00	8.221568e-01	
2  93.8709	2.191047e+00	1.286408e-01	6.708741e-01	3.033066e+00	8.961989e-01	1.976919e+00	9.088471e-01	1.972795e+00	1.337065e+00	1.914588e+00	1.531998e+00	1.900548e+00	1.571925e+00	3.359359e-01	2.076079e+00	8.221568e-01	
1  94.4616	2.191047e+00	1.286408e-01	6.708741e-01	3.033066e+00	8.961989e-01	1.962892e+00	1.044157e+00	1.970828e+00	1.108247e+00	1.937208e+00	1.674916e+00	1.895358e+00	1.561484e+00	3.359359e-01	2.076079e+00	8.221568e-01	
1  93.6106	2.191047e+00	1.286408e-01	6.708741e-01	3.033066e+00	8.961989e-01	1.990949e+00	1.311011e+00	2.003533e+00	1.190733e+00	1.923643e+00	1.376917e+00	1.908760e+00	1.638448e+00	3.359359e-01	2.076079e+00	8.221568e-01	
1  94.7234	2.191047e+00	1.286408e-01	6.708741e-01	3.033066e+00	8.961989e-01	1.999426e+00	1.259704e+00	1.967140e+00	1.195027e+00	1.931577e+00	1.379299e+00	1.876892e+00	1.645456e+00	3.359359e-01	2.076079e+00	8.221568e-01	
7  96.6705	2.191047e+00	1.286408e-01	6.708741e-01	3.033066e+00	8.961989e-01	1.980484e+00	1.179212e+00	1.952147e+00	9.829705e-01	1.936676e+00	1.305436e+00	1.914401e+00	1.917071e+00	3.359359e-01	2.076079e+00	8.221568e-01	
4  97.0464	2.191047e+00	1.286408e-01	6.708741e-01	3.033066e+00	8.961989e-01	2.043203e+00	1.298851e+00	1.976102e+00	1.178724e+00	1.953345e+00	1.448175e+00	1.880107e+00	1.342342e+00	3.359359e-01	2.076079e+00	8.221568e-01	
1  94.5473	2.191047e+00	1.286408e-01	6.708741e-01	3.033066e+00	8.961989e-01	2.033840e+00	1.276116e+00	1.999844e+00	1.130359e+00	1.924331e+00	1.397100e+00	1.890561e+00	1.652823e+00	3.359359e-01	2.076079e+00	8.221568e-01	
3  93.8883	2.191047e+00	1.286408e-01	6.708741e-01	3.033066e+00	8.961989e-01	2.047330e+00	1.460378e+00	1.997751e+00	1.078899e+00	1.902506e+00	1.293886e+00	1.837579e+00	1.275177e+00	3.359359e-01	2.076079e+00	8.221568e-01	
1  93.1898	2.091811e+00	1.322057e-01	6.913637e-01	3.006831e+00	8.538122e-01	1.949832e+00	1.154486e+00	1.945824e+00	1.097778e+00	1.838598e+00	1.150472e+00	1.806901e+00	1.319547e+00	3.217011e-01	2.022320e+00	8.235271e-01	
1  93.2282	2.204176e+00	1.328194e-01	6.911921e-01	2.944437e+00	8.425759e-01	2.030493e+00	1.178584e+00	2.024063e+00	1.177515e+00	1.903601e+00	1.228875e+00	1.887676e+00	1.538067e+00	3.254975e-01	1.899995e+00	7.902254e-01	
1  93.2074	2.226678e+00	1.272736e-01	7.004657e-01	3.011020e+00	9.137860e-01	2.039884e+00	1.365630e+00	1.999088e+00	1.207557e+00	1.894216e+00	1.287614e+00	1.874794e+00	1.614883e+00	3.060917e-01	2.030810e+00	8.186383e-01	
1  96.6707	2.188796e+00	1.145591e-01	6.946034e-01	2.937302e+00	9.659462e-01	2.221911e+00	1.303817e+00	2.195806e+00	1.474600e+00	2.056957e+00	1.549136e+00	2.073312e+00	1.927607e+00	2.841422e-01	1.886488e+00	7.535756e-01	
1  97.1576	2.188796e+00	1.145591e-01	6.946034e-01	2.937302e+00	9.659462e-01	2.252503e+00	1.731901e+00	2.200424e+00	1.454555e+00	2.010263e+00	1.258511e+00	2.021981e+00	1.488087e+00	2.841422e-01	1.886488e+00	7.535756e-01	
2  95.5976	2.188796e+00	1.145591e-01	6.946034e-01	2.937302e+00	9.659462e-01	2.242563e+00	1.869677e+00	2.163828e+00	8.851262e-01	2.050750e+00	1.581652e+00	1.968717e+00	9.060635e-01	2.841422e-01	1.886488e+00	7.535756e-01	
4  94.7362	2.188796e+00	1.145591e-01	6.946034e-01	2.937302e+00	9.659462e-01	2.196021e+00	1.588565e+00	2.169770e+00	9.035758e-01	2.047592e+00	1.571883e+00	2.002942e+00	1.568027e+00	2.841422e-01	1.886488e+00	7.535756e-01	
1  94.9599	2.188796e+00	1.145591e-01	6.946034e-01	2.937302e+00	9.659462e-01	2.177710e+00	1.380714e+00	2.183876e+00	1.181910e+00	2.024243e+00	1.498279e+00	2.006887e+00	1.647963e+00	2.841422e-01	1.886488e+00	7.535756e-01	
5  94.4209	2.104351e+00	1.297386e-01	6.893157e-01	2.670093e+00	8.799187e-01	2.391448e+00	1.691825e+00	2.365309e+00	1.280984e+00	2.189514e+00	1.673639e+00	2.133744e+00	1.317189e+00	3.186875e-01	1.444132e+00	6.937688e-01	
14  94.6698	2.104351e+00	1.297386e-01	6.893157e-01	2.670093e+00	8.799187e-01	2.399630e+00	1.549208e+00	2.369790e+00	1.521084e+00	2.214034e+00	2.132375e+00	2.189711e+00	1.354092e+00	3.186875e-01	1.444132e+00	6.937688e-01	
13  94.336	2.104351e+00	1.297386e-01	6.893157e-01	2.670093e+00	8.799187e-01	2.373422e+00	1.093546e+00	2.347498e+00	1.317788e+00	2.221730e+00	2.099659e+00	2.142271e+00	1.066873e+00	3.186875e-01	1.444132e+00	6.937688e-01	
13  91.4684	2.104351e+00	1.297386e-01	6.893157e-01	2.670093e+00	8.799187e-01	2.281754e+00	4.862794e-01	2.336873e+00	1.150476e+00	2.206316e+00	1.724289e+00	2.160230e+00	1.162662e+00	3.186875e-01	1.444132e+00	6.937688e-01	
5  92.2041	2.104351e+00	1.297386e-01	6.893157e-01	2.670093e+00	8.799187e-01	2.337442e+00	8.696245e-01	2.338243e+00	9.713598e-01	2.219703e+00	1.796254e+00	2.196446e+00	1.463040e+00	3.186875e-01	1.444132e+00	6.937688e-01	
7  92.2684	2.104351e+00	1.297386e-01	6.893157e-01	2.670093e+00	8.799187e-01	2.312050e+00	7.260676e-01	2.328088e+00	9.953683e-01	2.210755e+00	1.936729e+00	2.170544e+00	1.248434e+00	3.186875e-01	1.444132e+00	6.937688e-01	
1  94.7009	2.104351e+00	1.297386e-01	6.893157e-01	2.670093e+00	8.799187e-01	2.289888e+00	7.316937e-01	2.310637e+00	7.792658e-01	2.215096e+00	1.973389e+00	2.090744e+00	1.096743e+00	3.186875e-01	1.444132e+00	6.937688e-01	
3  93.9023	2.104351e+00	1.297386e-01	6.893157e-01	2.670093e+00	8.799187e-01	2.303194e+00	8.909882e-01	2.393519e+00	1.563658e+00	2.202510e+00	2.028636e+00	2.184457e+00	1.534028e+00	3.186875e-01	1.444132e+00	6.937688e-01	
1  95.0883	2.104351e+00	1.297386e-01	6.893157e-01	2.670093e+00	8.799187e-01	2.335666e+00	9.149248e-01	2.391768e+00	2.021838e+00	2.163332e+00	1.639711e+00	2.162742e+00	1.192535e+00	3.186875e-01	1.444132e+00	6.937688e-01	
1  94.2986	2.104351e+00	1.297386e-01	6.893157e-01	2.670093e+00	8.799187e-01	2.355086e+00	1.102138e+00	2.397190e+00	2.118370e+00	2.199506e+00	1.831418e+00	2.154387e+00	1.326250e+00	3.186875e-01	1.444132e+00	6.937688e-01	
1  95.1336	2.104351e+00	1.297386e-01	6.893157e-01	2.670093e+00	8.799187e-01	2.323793e+00	8.741351e-01	2.396617e+00	2.023104e+00	2.163315e+00	1.495581e+00	2.107418e+00	1.060117e+00	3.186875e-01	1.444132e+00	6.937688e-01	
6  95.4096	2.104351e+00	1.297386e-01	6.893157e-01	2.670093e+00	8.799187e-01	2.283448e+00	6.107992e-01	2.323977e+00	1.517970e+00	2.167486e+00	1.439921e+00	2.102273e+00	9.962693e-01	3.186875e-01	1.444132e+00	6.937688e-01	
1  95.7798	2.104351e+00	1.297386e-01	6.893157e-01	2.670093e+00	8.799187e-01	2.275350e+00	5.765011e-01	2.310378e+00	1.445747e+00	2.196930e+00	1.679511e+00	2.083869e+00	9.344459e-01	3.186875e-01	1.444132e+00	6.937688e-01	
5  92.8588	2.104351e+00	1.297386e-01	6.893157e-01	2.670093e+00	8.799187e-01	2.210339e+00	1.126541e-01	2.372360e+00	1.725919e+00	2.225622e+00	1.874342e+00	2.107616e+00	1.049620e+00	3.186875e-01	1.444132e+00	6.937688e-01	
7  92.6581	2.104351e+00	1.297386e-01	6.893157e-01	2.670093e+00	8.799187e-01	2.236723e+00	1.727049e-01	2.409629e+00	2.036609e+00	2.231742e+00	1.797417e+00	2.116719e+00	8.539103e-01	3.186875e-01	1.444132e+00	6.937688e-01	
2  92.7266	2.104351e+00	1.297386e-01	6.893157e-01	2.670093e+00	8.799187e-01	2.253332e+00	2.888428e-01	2.384781e+00	2.191088e+00	2.197383e+00	1.597093e+00	2.132483e+00	9.556659e-01	3.186875e-01	1.444132e+00	6.937688e-01	
1  93.99	2.104351e+00	1.297386e-01	6.893157e-01	2.670093e+00	8.799187e-01	2.230510e+00	2.663474e-01	2.349880e+00	1.800474e+00	2.204657e+00	1.613044e+00	2.082029e+00	4.641138e-01	3.186875e-01	1.444132e+00	6.937688e-01	
15  96.3935	2.104351e+00	1.297386e-01	6.893157e-01	2.670093e+00	8.799187e-01	2.170524e+00	-1.591058e-01	2.358751e+00	1.896182e+00	2.168311e+00	8.247545e-01	2.076923e+00	6.543911e-01	3.186875e-01	1.444132e+00	6.937688e-01	
1  95.7933	2.104351e+00	1.297386e-01	6.893157e-01	2.670093e+00	8.799187e-01	2.228227e+00	1.496121e-01	2.359052e+00	1.963099e+00	2.168491e+00	8.209796e-01	2.046905e+00	2.681708e-01	3.186875e-01	1.444132e+00	6.937688e-01	
4  95.3213	2.104351e+00	1.297386e-01	6.893157e-01	2.670093e+00	8.799187e-01	2.219795e+00	1.581491e-01	2.387333e+00	1.993559e+00	2.233051e+00	1.073971e+00	2.041236e+00	3.639011e-01	3.186875e-01	1.444132e+00	6.937688e-01	
2  96.7895	2.102990e+00	1.242829e-01	6.950301e-01	2.733187e+00	9.106175e-01	2.171494e+00	4.695264e-02	2.351822e+00	2.007865e+00	2.197869e+00	1.043885e+00	2.024893e+00	4.969652e-01	3.021465e-01	1.538182e+00	7.068208e-01	
6  96.8627	2.163777e+00	1.224228e-01	6.933026e-01	2.804301e+00	9.262252e-01	2.117253e+00	3.513110e-02	2.295361e+00	1.944868e+00	2.150952e+00	9.915978e-01	1.977509e+00	5.446363e-01	3.010489e-01	1.651553e+00	7.259398e-01	
10  94.6667	2.163777e+00	1.224228e-01	6.933026e-01	2.804301e+00	9.262252e-01	2.157521e+00	3.730805e-01	2.309848e+00	1.994673e+00	2.137527e+00	9.551560e-01	1.995411e+00	9.611236e-01	3.010489e-01	1.651553e+00	7.259398e-01	
2  95.4502	2.163777e+00	1.224228e-01	6.933026e-01	2.804301e+00	9.262252e-01	2.212032e+00	5.505759e-01	2.300409e+00	2.348704e+00	2.154034e+00	1.298973e+00	1.994003e+00	8.865402e-01	3.010489e-01	1.651553e+00	7.259398e-01	
4  94.0357	2.163777e+00	1.224228e-01	6.933026e-01	2.804301e+00	9.262252e-01	2.145105e+00	2.183932e-01	2.296340e+00	2.402267e+00	2.078753e+00	1.024092e+00	2.021506e+00	8.358367e-01	3.010489e-01	1.651553e+00	7.259398e-01	
3  93.7062	2.214249e+00	1.108415e-01	6.698505e-01	3.012271e+00	9.697177e-01	2.002792e+00	-1.633911e-02	2.184112e+00	2.246819e+00	1.978096e+00	9.090861e-01	1.922794e+00	8.832406e-01	2.978120e-01	2.033352e+00	7.592649e-01	
1  92.7663	2.185902e+00	1.163424e-01	6.788331e-01	2.910323e+00	9.498938e-01	2.080292e+00	1.190806e-01	2.244321e+00	2.319186e+00	2.033327e+00	9.763975e-01	1.972935e+00	8.346279e-01	3.013047e-01	1.836274e+00	7.429956e-01	
14  94.3288	2.098945e+00	1.129735e-01	6.781030e-01	2.902097e+00	9.636612e-01	2.099893e+00	7.112277e-02	2.273159e+00	2.370746e+00	2.055794e+00	1.016760e+00	1.999597e+00	8.045896e-01	2.927364e-01	1.821229e+00	7.348582e-01	
7  92.7181	2.098945e+00	1.129735e-01	6.781030e-01	2.902097e+00	9.636612e-01	2.106059e+00	3.214890e-01	2.270184e+00	2.275425e+00	2.055057e+00	7.927333e-01	1.999260e+00	9.045686e-01	2.927364e-01	1.821229e+00	7.348582e-01	
3  91.6375	2.098945e+00	1.129735e-01	6.781030e-01	2.902097e+00	9.636612e-01	2.109985e+00	2.883245e-01	2.259028e+00	2.261914e+00	2.119865e+00	1.405211e+00	2.055965e+00	1.346724e+00	2.927364e-01	1.821229e+00	7.348582e-01	
7  92.3539	2.199121e+00	1.282561e-01	6.989667e-01	2.867551e+00	9.088525e-01	2.040063e+00	4.691763e-01	2.157205e+00	2.142728e+00	2.039327e+00	1.258727e+00	1.957791e+00	1.245151e+00	3.088528e-01	1.759389e+00	7.654513e-01	
5  93.1094	2.199121e+00	1.282561e-01	6.989667e-01	2.867551e+00	9.088525e-01	2.043473e+00	4.724685e-01	2.139195e+00	2.102455e+00	2.066116e+00	1.443778e+00	1.933966e+00	8.593169e-01	3.088528e-01	1.759389e+00	7.654513e-01	
1  93.9438	2.225246e+00	1.249652e-01	7.073312e-01	2.822541e+00	9.125237e-01	2.090264e+00	3.432321e-01	2.205791e+00	2.231292e+00	2.112892e+00	1.500200e+00	2.016634e+00	1.132124e+00	2.955360e-01	1.681953e+00	7.377303e-01	
7  92.7785	2.189098e+00	1.325470e-01	7.002396e-01	2.826624e+00	8.566472e-01	2.008442e+00	2.837187e-01	2.135109e+00	2.087742e+00	2.050317e+00	1.365559e+00	1.931913e+00	8.703975e-01	3.162775e-01	1.688835e+00	7.508875e-01	
5  95.2177	2.189098e+00	1.325470e-01	7.002396e-01	2.826624e+00	8.566472e-01	1.974321e+00	1.618338e-01	2.112998e+00	1.780827e+00	2.030636e+00	1.114045e+00	1.879001e+00	7.640068e-01	3.162775e-01	1.688835e+00	7.508875e-01	
4  96.436	2.231103e+00	1.363499e-01	6.929681e-01	2.740433e+00	8.382371e-01	2.081881e+00	3.369415e-01	2.198718e+00	1.821844e+00	2.111345e+00	1.220027e+00	1.944402e+00	7.240562e-01	3.317440e-01	1.549370e+00	7.225683e-01	
8  92.2882	2.231103e+00	1.363499e-01	6.929681e-01	2.740433e+00	8.382371e-01	2.104368e+00	2.193421e-01	2.199150e+00	1.824109e+00	2.045609e+00	9.440008e-01	2.059239e+00	1.363030e+00	3.317440e-01	1.549370e+00	7.225683e-01	
6  93.4066	2.140502e+00	1.385345e-01	6.913296e-01	2.815792e+00	8.367537e-01	1.995225e+00	2.258214e-01	2.087188e+00	1.682971e+00	1.954001e+00	8.206984e-01	1.941316e+00	1.073361e+00	3.359936e-01	1.670640e+00	7.617125e-01	
1  93.102	2.140502e+00	1.385345e-01	6.913296e-01	2.815792e+00	8.367537e-01	2.030861e+00	5.284480e-01	2.080287e+00	1.484656e+00	1.980078e+00	1.039340e+00	1.929804e+00	9.063175e-01	3.359936e-01	1.670640e+00	7.617125e-01	
3  94.7104	2.140502e+00	1.385345e-01	6.913296e-01	2.815792e+00	8.367537e-01	2.024792e+00	4.040964e-01	2.054339e+00	1.274609e+00	1.960509e+00	1.095781e+00	1.923462e+00	7.653499e-01	3.359936e-01	1.670640e+00	7.617125e-01	
7  93.7744	2.140502e+00	1.385345e-01	6.913296e-01	2.815792e+00	8.367537e-01	2.031635e+00	4.876669e-01	2.086862e+00	1.847342e+00	1.975686e+00	1.215177e+00	1.944400e+00	8.626878e-01	3.359936e-01	1.670640e+00	7.617125e-01	
3  95.8477	2.225594e+00	1.438406e-01	7.030344e-01	2.771936e+00	8.340540e-01	2.073012e+00	6.934864e-01	2.094969e+00	1.866291e+00	1.991106e+00	1.245440e+00	1.953854e+00	9.152178e-01	3.373560e-01	1.598957e+00	7.588379e-01	
1  95.8385	2.225594e+00	1.438406e-01	7.030344e-01	2.771936e+00	8.340540e-01	2.010576e+00	3.578686e-01	2.099130e+00	2.060011e+00	2.016583e+00	1.125782e+00	1.958119e+00	9.470347e-01	3.373560e-01	1.598957e+00	7.588379e-01	
2  95.0761	2.225594e+00	1.438406e-01	7.030344e-01	2.771936e+00	8.340540e-01	1.997592e+00	2.847651e-01	2.137058e+00	1.980236e+00	2.007489e+00	1.161173e+00	1.979743e+00	7.254946e-01	3.373560e-01	1.598957e+00	7.588379e-01	
1  94.6293	2.225594e+00	1.438406e-01	7.030344e-01	2.771936e+00	8.340540e-01	1.993335e+00	2.631994e-01	2.111152e+00	1.563913e+00	2.051464e+00	1.436844e+00	2.008818e+00	1.056063e+00	3.373560e-01	1.598957e+00	7.588379e-01	
2  95.3878	2.225594e+00	1.438406e-01	7.030344e-01	2.771936e+00	8.340540e-01	2.020664e+00	3.711392e-01	2.160992e+00	1.959519e+00	2.044382e+00	1.437165e+00	2.064749e+00	1.070129e+00	3.373560e-01	1.598957e+00	7.588379e-01	
13  95.3049	2.229936e+00	1.383026e-01	6.858771e-01	2.885454e+00	8.495377e-01	1.936508e+00	2.385586e-01	2.095241e+00	1.849170e+00	1.985996e+00	1.363282e+00	1.999850e+00	1.015665e+00	3.427652e-01	1.791169e+00	7.851495e-01	
3  98.2767	2.164210e+00	1.373079e-01	6.750068e-01	2.958019e+00	8.156321e-01	1.801035e+00	-9.336351e-02	2.010633e+00	1.728686e+00	1.898691e+00	1.195647e+00	1.919034e+00	9.113642e-01	3.502681e-01	1.925978e+00	8.018361e-01	
2  96.2406	2.217824e+00	1.415257e-01	6.767668e-01	2.749572e+00	7.653980e-01	1.995530e+00	-8.801548e-02	2.213184e+00	1.940951e+00	2.064202e+00	1.377229e+00	2.110598e+00	1.143737e+00	3.588282e-01	1.563593e+00	7.194233e-01	
5  95.5514	2.217824e+00	1.415257e-01	6.767668e-01	2.749572e+00	7.653980e-01	1.975435e+00	-1.680185e-01	2.171458e+00	1.721807e+00	2.044706e+00	1.172179e+00	2.095347e+00	1.272148e+00	3.588282e-01	1.563593e+00	7.194233e-01	
2  94.9016	2.217824e+00	1.415257e-01	6.767668e-01	2.749572e+00	7.653980e-01	1.955239e+00	-2.529713e-01	2.204062e+00	1.613839e+00	2.063844e+00	1.329935e+00	2.103040e+00	1.620285e+00	3.588282e-01	1.563593e+00	7.194233e-01	
1  95.0762	2.217824e+00	1.415257e-01	6.767668e-01	2.749572e+00	7.653980e-01	1.979930e+00	-2.134350e-02	2.159777e+00	1.047021e+00	2.060788e+00	1.383337e+00	2.060472e+00	1.602301e+00	3.588282e-01	1.563593e+00	7.194233e-01	
1  94.0405	2.431095e+00	1.428787e-01	7.010230e-01	2.874514e+00	7.922219e-01	1.838624e+00	8.112528e-04	2.000591e+00	9.488453e-01	1.925987e+00	1.218546e+00	1.945680e+00	1.899707e+00	3.415189e-01	1.771681e+00	7.710296e-01	
1  91.8915	2.283372e+00	1.238040e-01	6.864429e-01	2.823109e+00	9.058128e-01	2.092827e+00	1.543385e-01	2.238771e+00	1.257026e+00	2.139221e+00	1.617745e+00	2.167457e+00	2.030622e+00	3.125651e-01	1.682909e+00	7.239068e-01	
10  91.5803	2.318654e+00	1.348398e-01	6.927074e-01	2.781322e+00	8.517354e-01	2.055267e+00	2.390991e-01	2.188479e+00	1.164894e+00	2.098886e+00	1.522256e+00	2.109374e+00	1.880751e+00	3.306714e-01	1.614035e+00	7.314799e-01	
1  91.6837	2.318654e+00	1.348398e-01	6.927074e-01	2.781322e+00	8.517354e-01	2.081631e+00	3.536618e-01	2.161399e+00	8.351029e-01	2.103792e+00	1.637870e+00	2.115906e+00	1.881497e+00	3.306714e-01	1.614035e+00	7.314799e-01	
2  91.592	2.236821e+00	1.308436e-01	6.785128e-01	2.790732e+00	8.515854e-01	2.087485e+00	2.390698e-01	2.188650e+00	8.362955e-01	2.122887e+00	1.658482e+00	2.132441e+00	1.791927e+00	3.341936e-01	1.629294e+00	7.230916e-01	
2  91.9711	2.309081e+00	1.269915e-01	6.807669e-01	2.813592e+00	8.912431e-01	2.126829e+00	3.530635e-01	2.207695e+00	8.800423e-01	2.145576e+00	1.728929e+00	2.159052e+00	1.937557e+00	3.252315e-01	1.666968e+00	7.252637e-01	
7  91.9725	2.404207e+00	1.393078e-01	6.926257e-01	2.859908e+00	8.497710e-01	1.992536e+00	4.801295e-01	2.047821e+00	6.763810e-01	2.016001e+00	1.524312e+00	2.003400e+00	1.767032e+00	3.418462e-01	1.745992e+00	7.702760e-01	
9  90.9876	2.404207e+00	1.393078e-01	6.926257e-01	2.859908e+00	8.497710e-01	1.932882e+00	3.782545e-02	2.060609e+00	7.813364e-01	1.999137e+00	1.472905e+00	1.967572e+00	1.505256e+00	3.418462e-01	1.745992e+00	7.702760e-01	
1  93.2994	2.404207e+00	1.393078e-01	6.926257e-01	2.859908e+00	8.497710e-01	1.912283e+00	-1.468048e-02	2.015211e+00	5.690999e-01	2.003228e+00	1.471495e+00	1.880260e+00	9.978793e-01	3.418462e-01	1.745992e+00	7.702760e-01	
2  95.8558	2.404207e+00	1.393078e-01	6.926257e-01	2.859908e+00	8.497710e-01	1.911108e+00	-7.317669e-02	2.044326e+00	9.870386e-01	1.957929e+00	9.462959e-01	1.870803e+00	1.190477e+00	3.418462e-01	1.745992e+00	7.702760e-01	
1  97.019	2.404207e+00	1.393078e-01	6.926257e-01	2.859908e+00	8.497710e-01	1.902014e+00	-1.250626e-01	2.043577e+00	7.246812e-01	1.890671e+00	5.377136e-01	1.882556e+00	1.417358e+00	3.418462e-01	1.745992e+00	7.702760e-01	
1  97.2457	2.404207e+00	1.393078e-01	6.926257e-01	2.859908e+00	8.497710e-01	1.893429e+00	-1.273824e-01	2.011380e+00	6.615305e-01	1.937149e+00	9.148837e-01	1.855998e+00	1.158277e+00	3.418462e-01	1.745992e+00	7.702760e-01	
11  96.8391	2.404207e+00	1.393078e-01	6.926257e-01	2.859908e+00	8.497710e-01	1.939803e+00	1.753238e-01	2.011363e+00	6.871581e-01	1.972608e+00	1.226725e+00	1.794761e+00	8.153835e-01	3.418462e-01	1.745992e+00	7.702760e-01	
1  92.5573	2.404207e+00	1.393078e-01	6.926257e-01	2.859908e+00	8.497710e-01	1.959649e+00	2.596172e-01	2.041693e+00	5.798561e-01	1.982085e+00	1.440448e+00	1.853245e+00	9.296009e-01	3.418462e-01	1.745992e+00	7.702760e-01	
7  94.8733	2.404207e+00	1.393078e-01	6.926257e-01	2.859908e+00	8.497710e-01	1.900384e+00	-4.260145e-02	2.043187e+00	1.009014e+00	1.946526e+00	1.195590e+00	1.845764e+00	5.788855e-01	3.418462e-01	1.745992e+00	7.702760e-01	
2  94.3416	2.404207e+00	1.393078e-01	6.926257e-01	2.859908e+00	8.497710e-01	1.924015e+00	-4.724784e-02	2.121860e+00	1.671817e+00	1.940070e+00	1.281888e+00	1.885427e+00	5.920348e-01	3.418462e-01	1.745992e+00	7.702760e-01	
7  93.6032	2.404207e+00	1.393078e-01	6.926257e-01	2.859908e+00	8.497710e-01	1.972930e+00	3.408096e-01	2.142891e+00	1.822788e+00	1.896146e+00	8.993983e-01	1.916570e+00	6.291323e-01	3.418462e-01	1.745992e+00	7.702760e-01	
4  93.055	2.466414e+00	1.418169e-01	7.062524e-01	2.809950e+00	8.356947e-01	1.993595e+00	3.141014e-01	2.166244e+00	1.889513e+00	1.910942e+00	9.034788e-01	1.953659e+00	8.208929e-01	3.350595e-01	1.660910e+00	7.549191e-01	
4  92.6325	2.466414e+00	1.418169e-01	7.062524e-01	2.809950e+00	8.356947e-01	2.001774e+00	3.584341e-01	2.211092e+00	2.071122e+00	1.955737e+00	1.012391e+00	1.975860e+00	1.233883e+00	3.350595e-01	1.660910e+00	7.549191e-01	
8  92.0692	2.466414e+00	1.418169e-01	7.062524e-01	2.809950e+00	8.356947e-01	2.032385e+00	4.798435e-01	2.184885e+00	2.048894e+00	1.892897e+00	6.081467e-01	1.967351e+00	1.074006e+00	3.350595e-01	1.660910e+00	7.549191e-01	
2  93.812	2.339048e+00	1.220850e-01	6.898651e-01	2.838264e+00	9.340609e-01	2.164868e+00	4.136945e-01	2.331342e+00	2.256208e+00	2.017780e+00	8.593647e-01	2.111672e+00	1.231451e+00	3.070295e-01	1.708609e+00	7.283107e-01	
1  90.5409	2.339048e+00	1.220850e-01	6.898651e-01	2.838264e+00	9.340609e-01	2.124543e+00	1.548659e-01	2.304692e+00	1.949518e+00	2.065579e+00	1.053324e+00	2.126285e+00	1.585589e+00	3.070295e-01	1.708609e+00	7.283107e-01	
6  89.2289	2.339048e+00	1.220850e-01	6.898651e-01	2.838264e+00	9.340609e-01	2.154675e+00	3.419016e-01	2.281075e+00	1.510556e+00	2.095806e+00	1.415278e+00	2.071727e+00	1.284779e+00	3.070295e-01	1.708609e+00	7.283107e-01	
3  89.0395	2.351247e+00	1.211149e-01	6.888820e-01	2.871752e+00	9.379724e-01	2.121246e+00	3.024924e-01	2.252096e+00	1.479715e+00	2.069889e+00	1.380559e+00	2.047205e+00	1.296225e+00	3.061193e-01	1.766795e+00	7.370018e-01	
2  90.833	2.267333e+00	1.140155e-01	6.771351e-01	2.971659e+00	9.374856e-01	2.000951e+00	-6.991595e-02	2.187954e+00	1.411972e+00	1.998868e+00	1.260700e+00	1.993805e+00	1.286292e+00	2.995188e-01	1.952429e+00	7.473736e-01	
2  90.3762	2.267333e+00	1.140155e-01	6.771351e-01	2.971659e+00	9.374856e-01	2.014246e+00	-1.192934e-02	2.166693e+00	1.086118e+00	2.032701e+00	1.561174e+00	1.980423e+00	1.246045e+00	2.995188e-01	1.952429e+00	7.473736e-01	
7  90.3943	2.267333e+00	1.140155e-01	6.771351e-01	2.971659e+00	9.374856e-01	2.066419e+00	2.699100e-01	2.153934e+00	1.203019e+00	2.050813e+00	1.363298e+00	1.951391e+00	1.020909e+00	2.995188e-01	1.952429e+00	7.473736e-01	
2  91.3033	2.236859e+00	1.227463e-01	6.948692e-01	2.912374e+00	8.808820e-01	2.008724e+00	1.551884e-01	2.113587e+00	1.188764e+00	2.006359e+00	1.246514e+00	1.919528e+00	9.957137e-01	3.018764e-01	1.840043e+00	7.504831e-01	
1  91.3246	2.339309e+00	1.343398e-01	7.134795e-01	2.785979e+00	8.649730e-01	2.125798e+00	5.885238e-01	2.164741e+00	1.243654e+00	2.068102e+00	1.343271e+00	1.959664e+00	9.797515e-01	3.111209e-01	1.621569e+00	7.385921e-01	
2  91.7935	2.342055e+00	1.162521e-01	6.806713e-01	2.945379e+00	9.123605e-01	2.063638e+00	1.882062e-01	2.163093e+00	1.216159e+00	2.051958e+00	1.336464e+00	1.969149e+00	1.166461e+00	3.028551e-01	1.901787e+00	7.364316e-01	
2  92.9378	2.342055e+00	1.162521e-01	6.806713e-01	2.945379e+00	9.123605e-01	2.101959e+00	3.821330e-01	2.201804e+00	1.440912e+00	2.060381e+00	1.775789e+00	2.010198e+00	1.061640e+00	3.028551e-01	1.901787e+00	7.364316e-01	
8  92.265	2.342055e+00	1.162521e-01	6.806713e-01	2.945379e+00	9.123605e-01	2.067216e+00	4.073662e-01	2.230665e+00	1.419506e+00	2.019146e+00	1.315181e+00	2.015801e+00	1.014372e+00	3.028551e-01	1.901787e+00	7.364316e-01	
1  91.8232	2.382000e+00	1.343720e-01	6.949277e-01	2.791721e+00	8.609669e-01	2.165702e+00	9.052803e-01	2.256615e+00	1.395334e+00	2.063249e+00	1.364159e+00	2.011443e+00	7.279959e-01	3.289046e-01	1.630907e+00	7.333353e-01	
3  91.5451	2.400298e+00	1.314005e-01	6.902647e-01	2.921707e+00	8.973904e-01	2.069059e+00	9.607376e-01	2.145846e+00	1.264185e+00	1.976544e+00	1.281040e+00	1.905510e+00	6.244608e-01	3.275109e-01	1.857296e+00	7.805347e-01	
7  90.9775	2.400298e+00	1.314005e-01	6.902647e-01	2.921707e+00	8.973904e-01	2.015328e+00	6.952854e-01	2.135200e+00	1.091526e+00	1.964150e+00	9.677530e-01	1.901661e+00	7.139592e-01	3.275109e-01	1.857296e+00	7.805347e-01	
2  90.4728	2.416387e+00	1.282494e-01	6.936473e-01	3.041762e+00	9.079153e-01	1.869322e+00	4.889275e-01	2.014132e+00	9.906684e-01	1.852410e+00	8.102054e-01	1.803890e+00	7.747033e-01	3.181098e-01	2.094212e+00	8.195925e-01	
6  92.5301	2.413830e+00	1.340931e-01	6.890584e-01	2.995231e+00	8.412586e-01	1.833633e+00	3.032200e-01	2.010339e+00	9.445719e-01	1.837347e+00	7.214437e-01	1.794915e+00	7.279218e-01	3.346147e-01	1.998998e+00	8.015708e-01	
3  91.7559	2.413830e+00	1.340931e-01	6.890584e-01	2.995231e+00	8.412586e-01	1.849737e+00	1.156447e-01	2.019900e+00	9.495993e-01	1.820178e+00	1.017013e+00	1.858169e+00	1.117795e+00	3.346147e-01	1.998998e+00	8.015708e-01	
5  91.7717	2.413830e+00	1.340931e-01	6.890584e-01	2.995231e+00	8.412586e-01	1.829102e+00	7.981576e-02	1.979617e+00	8.765415e-01	1.830172e+00	1.056893e+00	1.892606e+00	9.336568e-01	3.346147e-01	1.998998e+00	8.015708e-01	
11  91.6	2.455214e+00	1.380476e-01	6.957403e-01	2.903465e+00	8.599630e-01	1.972344e+00	4.711135e-01	2.065102e+00	9.650731e-01	1.921669e+00	1.222345e+00	1.961965e+00	9.035101e-01	3.372428e-01	1.823723e+00	7.838551e-01	
8  91.4405	2.412621e+00	1.390333e-01	7.043285e-01	2.938261e+00	8.611794e-01	1.902910e+00	4.244187e-01	2.000039e+00	9.239668e-01	1.864191e+00	1.142178e+00	1.905483e+00	8.485979e-01	3.301968e-01	1.888297e+00	8.060321e-01	
1  92.807	2.412621e+00	1.390333e-01	7.043285e-01	2.938261e+00	8.611794e-01	1.892010e+00	4.339521e-01	1.984016e+00	5.792809e-01	1.938515e+00	1.449073e+00	1.852539e+00	7.326609e-01	3.301968e-01	1.888297e+00	8.060321e-01	
9  94.0215	2.412621e+00	1.390333e-01	7.043285e-01	2.938261e+00	8.611794e-01	1.851924e+00	3.018353e-01	2.009745e+00	8.820086e-01	1.929813e+00	1.109440e+00	1.856304e+00	6.677306e-01	3.301968e-01	1.888297e+00	8.060321e-01	
2  91.1292	2.412621e+00	1.390333e-01	7.043285e-01	2.938261e+00	8.611794e-01	1.874049e+00	2.352722e-01	2.027883e+00	1.120340e+00	1.929536e+00	1.277890e+00	1.876136e+00	7.506437e-01	3.301968e-01	1.888297e+00	8.060321e-01	
10  91.0111	2.412621e+00	1.390333e-01	7.043285e-01	2.938261e+00	8.611794e-01	1.906827e+00	5.103878e-01	2.021802e+00	8.785643e-01	1.928427e+00	1.130916e+00	1.895562e+00	1.150635e+00	3.301968e-01	1.888297e+00	8.060321e-01	
13  91.8444	2.412621e+00	1.390333e-01	7.043285e-01	2.938261e+00	8.611794e-01	1.932776e+00	5.630420e-01	2.068655e+00	1.521609e+00	1.904219e+00	9.036268e-01	1.924460e+00	1.671849e+00	3.301968e-01	1.888297e+00	8.060321e-01	
15  89.5561	2.412621e+00	1.390333e-01	7.043285e-01	2.938261e+00	8.611794e-01	1.938564e+00	5.131803e-01	2.053713e+00	1.519855e+00	1.916898e+00	1.215957e+00	1.905026e+00	1.498345e+00	3.301968e-01	1.888297e+00	8.060321e-01	
3  91.2789	2.412621e+00	1.390333e-01	7.043285e-01	2.938261e+00	8.611794e-01	1.953895e+00	5.935521e-01	2.066706e+00	1.701867e+00	1.880977e+00	8.138228e-01	1.889527e+00	1.498210e+00	3.301968e-01	1.888297e+00	8.060321e-01	
8  94.092	2.412621e+00	1.390333e-01	7.043285e-01	2.938261e+00	8.611794e-01	2.040590e+00	1.085167e+00	2.074470e+00	1.355081e+00	1.905619e+00	1.150052e+00	1.904581e+00	1.760003e+00	3.301968e-01	1.888297e+00	8.060321e-01	
2  92.9417	2.412621e+00	1.390333e-01	7.043285e-01	2.938261e+00	8.611794e-01	2.013933e+00	9.450096e-01	2.083719e+00	1.377941e+00	1.872679e+00	1.096517e+00	1.875679e+00	1.715759e+00	3.301968e-01	1.888297e+00	8.060321e-01	
1  94.3057	2.412621e+00	1.390333e-01	7.043285e-01	2.938261e+00	8.611794e-01	2.001810e+00	8.294121e-01	2.109729e+00	1.533152e+00	1.807071e+00	6.714642e-01	1.901766e+00	1.560651e+00	3.301968e-01	1.888297e+00	8.060321e-01	
5  92.3059	2.412621e+00	1.390333e-01	7.043285e-01	2.938261e+00	8.611794e-01	1.907099e+00	2.895004e-01	2.101959e+00	1.475078e+00	1.823275e+00	8.098774e-01	1.919665e+00	1.519105e+00	3.301968e-01	1.888297e+00	8.060321e-01	
6  92.7273	2.459922e+00	1.436323e-01	7.134100e-01	2.847284e+00	8.266110e-01	1.956888e+00	2.658739e-01	2.157162e+00	1.549398e+00	1.864648e+00	8.336822e-01	1.978501e+00	1.655657e+00	3.318093e-01	1.724089e+00	7.742200e-01	
5  93.8203	2.459922e+00	1.436323e-01	7.134100e-01	2.847284e+00	8.266110e-01	1.988890e+00	4.354356e-01	2.176435e+00	1.481195e+00	1.868644e+00	8.619240e-01	1.895390e+00	9.721908e-01	3.318093e-01	1.724089e+00	7.742200e-01	
10  92.7651	2.459922e+00	1.436323e-01	7.134100e-01	2.847284e+00	8.266110e-01	1.935239e+00	1.536364e-01	2.137201e+00	1.089673e+00	1.942893e+00	1.058980e+00	1.848582e+00	1.040364e+00	3.318093e-01	1.724089e+00	7.742200e-01	
13  94.0253	2.459922e+00	1.436323e-01	7.134100e-01	2.847284e+00	8.266110e-01	1.912588e+00	5.404664e-02	2.105405e+00	7.998007e-01	1.931299e+00	1.010537e+00	1.821534e+00	8.959988e-01	3.318093e-01	1.724089e+00	7.742200e-01	
1  93.3104	2.459922e+00	1.436323e-01	7.134100e-01	2.847284e+00	8.266110e-01	1.953713e+00	9.005854e-02	2.095493e+00	8.780644e-01	1.938911e+00	1.021636e+00	1.909742e+00	1.553603e+00	3.318093e-01	1.724089e+00	7.742200e-01	
8  95.3908	2.459922e+00	1.436323e-01	7.134100e-01	2.847284e+00	8.266110e-01	1.999734e+00	2.670429e-01	2.055426e+00	8.277778e-01	2.001495e+00	1.516018e+00	1.872808e+00	1.408443e+00	3.318093e-01	1.724089e+00	7.742200e-01	
6  91.9568	2.459922e+00	1.436323e-01	7.134100e-01	2.847284e+00	8.266110e-01	2.036586e+00	7.915453e-01	2.118869e+00	1.119812e+00	1.918442e+00	1.008323e+00	1.852742e+00	9.617656e-01	3.318093e-01	1.724089e+00	7.742200e-01	
2  90.2086	2.459922e+00	1.436323e-01	7.134100e-01	2.847284e+00	8.266110e-01	2.011403e+00	6.012008e-01	2.095284e+00	1.086782e+00	1.880355e+00	6.359517e-01	1.902144e+00	1.131657e+00	3.318093e-01	1.724089e+00	7.742200e-01	
4  90.7425	2.345723e+00	1.364510e-01	6.992242e-01	2.884271e+00	8.740933e-01	2.053168e+00	6.874352e-01	2.126697e+00	1.103376e+00	1.915857e+00	7.332448e-01	1.916717e+00	9.594540e-01	3.283853e-01	1.789053e+00	7.822764e-01	
15  91.1376	2.276594e+00	1.418911e-01	7.080471e-01	2.793720e+00	8.522511e-01	2.106550e+00	7.857447e-01	2.168619e+00	1.157463e+00	1.954126e+00	7.740409e-01	1.947811e+00	8.500840e-01	3.297249e-01	1.634169e+00	7.647756e-01	
1  90.9377	2.276594e+00	1.418911e-01	7.080471e-01	2.793720e+00	8.522511e-01	2.071895e+00	7.417044e-01	2.170726e+00	1.413958e+00	1.991085e+00	1.059330e+00	1.913978e+00	5.979979e-01	3.297249e-01	1.634169e+00	7.647756e-01	
1  90.9004	2.276594e+00	1.418911e-01	7.080471e-01	2.793720e+00	8.522511e-01	2.058574e+00	6.691764e-01	2.172328e+00	1.064055e+00	2.002548e+00	1.285206e+00	1.982177e+00	1.253241e+00	3.297249e-01	1.634169e+00	7.647756e-01	
1  96.0659	2.276594e+00	1.418911e-01	7.080471e-01	2.793720e+00	8.522511e-01	2.131694e+00	9.974184e-01	2.203841e+00	1.375686e+00	1.964546e+00	1.414436e+00	2.063099e+00	1.768210e+00	3.297249e-01	1.634169e+00	7.647756e-01	
3  94.5952	2.276594e+00	1.418911e-01	7.080471e-01	2.793720e+00	8.522511e-01	2.103420e+00	8.838330e-01	2.201330e+00	1.632492e+00	1.945494e+00	1.272770e+00	2.032183e+00	1.340792e+00	3.297249e-01	1.634169e+00	7.647756e-01	
1  93.9724	2.276594e+00	1.418911e-01	7.080471e-01	2.793720e+00	8.522511e-01	2.106683e+00	9.804938e-01	2.212554e+00	1.722456e+00	1.901880e+00	7.443865e-01	2.019603e+00	1.407748e+00	3.297249e-01	1.634169e+00	7.647756e-01	
5  94.5695	2.156212e+00	1.353510e-01	6.999347e-01	2.822038e+00	8.778483e-01	2.108635e+00	8.868164e-01	2.231054e+00	1.751724e+00	1.915132e+00	7.802907e-01	2.033325e+00	1.328961e+00	3.216054e-01	1.681107e+00	7.667181e-01	
5  91.9832	2.156212e+00	1.353510e-01	6.999347e-01	2.822038e+00	8.778483e-01	2.138928e+00	1.191826e+00	2.176188e+00	1.655247e+00	1.943226e+00	7.907215e-01	1.979164e+00	9.580252e-01	3.216054e-01	1.681107e+00	7.667181e-01	
2  93.2232	2.156212e+00	1.353510e-01	6.999347e-01	2.822038e+00	8.778483e-01	2.131106e+00	1.253750e+00	2.190802e+00	1.446657e+00	2.006031e+00	1.296912e+00	1.973568e+00	7.497537e-01	3.216054e-01	1.681107e+00	7.667181e-01	
10  91.9085	2.156212e+00	1.353510e-01	6.999347e-01	2.822038e+00	8.778483e-01	2.093261e+00	6.944911e-01	2.170755e+00	1.608863e+00	2.067483e+00	1.583248e+00	1.992160e+00	9.566662e-01	3.216054e-01	1.681107e+00	7.667181e-01	
2  91.6216	2.156212e+00	1.353510e-01	6.999347e-01	2.822038e+00	8.778483e-01	2.044582e+00	4.270179e-01	2.195429e+00	1.653449e+00	2.067850e+00	1.485328e+00	1.996566e+00	1.142648e+00	3.216054e-01	1.681107e+00	7.667181e-01	
2  91.7981	2.156212e+00	1.353510e-01	6.999347e-01	2.822038e+00	8.778483e-01	2.042959e+00	4.941173e-01	2.194495e+00	1.611132e+00	1.971222e+00	7.415933e-01	2.020421e+00	1.372634e+00	3.216054e-01	1.681107e+00	7.667181e-01	
1  91.2117	2.208219e+00	1.367020e-01	7.036070e-01	2.783932e+00	8.651986e-01	2.071774e+00	4.788778e-01	2.225913e+00	1.653064e+00	1.995020e+00	7.609433e-01	2.056292e+00	1.493636e+00	3.220366e-01	1.618253e+00	7.509259e-01	
3  90.9165	2.245690e+00	1.178188e-01	6.862821e-01	3.006131e+00	9.753441e-01	2.000153e+00	3.821859e-01	2.161261e+00	1.608913e+00	1.942950e+00	7.770311e-01	2.012243e+00	1.663931e+00	2.992036e-01	2.020906e+00	7.914375e-01	
8  90.557	2.192495e+00	1.170239e-01	6.772107e-01	2.967825e+00	9.834623e-01	2.076005e+00	5.025944e-01	2.223186e+00	1.644537e+00	2.002877e+00	8.752011e-01	2.054792e+00	1.541190e+00	3.043798e-01	1.944957e+00	7.764415e-01	
1  89.4268	2.192495e+00	1.170239e-01	6.772107e-01	2.967825e+00	9.834623e-01	2.073060e+00	5.871903e-01	2.222469e+00	1.667656e+00	2.034994e+00	1.143042e+00	2.024208e+00	1.386481e+00	3.043798e-01	1.944957e+00	7.764415e-01	
7  89.6778	2.204177e+00	1.259212e-01	6.881937e-01	2.926824e+00	9.377402e-01	2.032170e+00	6.025066e-01	2.178825e+00	1.615969e+00	1.996108e+00	1.051755e+00	1.980781e+00	1.307182e+00	3.137749e-01	1.866824e+00	7.852497e-01	
1  91.8779	2.204177e+00	1.259212e-01	6.881937e-01	2.926824e+00	9.377402e-01	2.066086e+00	8.739856e-01	2.134327e+00	1.565234e+00	2.060616e+00	1.456879e+00	1.959656e+00	9.525586e-01	3.137749e-01	1.866824e+00	7.852497e-01	
2  92.07	2.204177e+00	1.259212e-01	6.881937e-01	2.926824e+00	9.377402e-01	2.032996e+00	4.754793e-01	2.185522e+00	1.931156e+00	2.009572e+00	1.349024e+00	2.050508e+00	1.667357e+00	3.137749e-01	1.866824e+00	7.852497e-01	
11  93.191	2.204177e+00	1.259212e-01	6.881937e-01	2.926824e+00	9.377402e-01	2.049232e+00	4.478230e-01	2.142900e+00	1.806091e+00	1.992587e+00	1.270639e+00	2.052360e+00	1.289401e+00	3.137749e-01	1.866824e+00	7.852497e-01	
2  91.5582	2.204177e+00	1.259212e-01	6.881937e-01	2.926824e+00	9.377402e-01	2.073818e+00	7.121201e-01	2.111176e+00	1.468691e+00	2.018544e+00	1.501888e+00	2.037919e+00	1.276181e+00	3.137749e-01	1.866824e+00	7.852497e-01	
6  90.4085	2.204177e+00	1.259212e-01	6.881937e-01	2.926824e+00	9.377402e-01	2.078705e+00	9.179526e-01	2.132611e+00	1.566162e+00	2.015473e+00	1.449244e+00	2.026180e+00	1.531223e+00	3.137749e-01	1.866824e+00	7.852497e-01	
2  90.6772	2.248413e+00	1.313044e-01	6.854257e-01	2.950874e+00	8.994208e-01	2.000850e+00	8.617743e-01	2.062212e+00	1.448423e+00	1.952796e+00	1.327616e+00	1.954872e+00	1.447475e+00	3.287142e-01	1.912266e+00	8.002010e-01	
2  91.6327	2.248413e+00	1.313044e-01	6.854257e-01	2.950874e+00	8.994208e-01	1.956480e+00	4.034220e-01	2.084634e+00	1.613293e+00	1.915074e+00	9.669436e-01	2.001032e+00	1.799417e+00	3.287142e-01	1.912266e+00	8.002010e-01	
12  92.4642	2.248413e+00	1.313044e-01	6.854257e-01	2.950874e+00	8.994208e-01	1.998055e+00	4.997091e-01	2.089891e+00	1.892859e+00	1.922442e+00	1.194574e+00	1.955567e+00	1.092537e+00	3.287142e-01	1.912266e+00	8.002010e-01	
3  92.6973	2.248413e+00	1.313044e-01	6.854257e-01	2.950874e+00	8.994208e-01	2.071898e+00	9.756574e-01	2.107600e+00	1.737134e+00	1.957306e+00	1.167425e+00	1.962986e+00	1.477882e+00	3.287142e-01	1.912266e+00	8.002010e-01	
4  93.0676	2.248413e+00	1.313044e-01	6.854257e-01	2.950874e+00	8.994208e-01	2.074917e+00	1.378467e+00	2.015955e+00	8.511431e-01	1.944135e+00	9.100396e-01	1.885242e+00	1.330664e+00	3.287142e-01	1.912266e+00	8.002010e-01	
2  93.1525	2.343276e+00	1.196370e-01	6.826551e-01	3.057421e+00	9.302322e-01	2.001401e+00	1.009547e+00	1.992958e+00	8.825141e-01	1.906037e+00	8.573673e-01	1.899185e+00	1.749953e+00	3.083870e-01	2.127263e+00	7.989935e-01	
7  93.0019	2.335899e+00	1.175542e-01	6.949408e-01	3.060541e+00	9.742712e-01	2.038731e+00	1.178737e+00	2.001604e+00	9.466011e-01	1.922195e+00	9.269718e-01	1.914506e+00	1.799214e+00	2.931141e-01	2.133910e+00	8.080910e-01	
4  93.2125	2.335899e+00	1.175542e-01	6.949408e-01	3.060541e+00	9.742712e-01	2.000633e+00	1.004170e+00	1.985273e+00	7.614189e-01	1.930212e+00	1.139292e+00	1.886869e+00	2.006694e+00	2.931141e-01	2.133910e+00	8.080910e-01	
1  94.3591	2.256530e+00	1.160204e-01	6.962521e-01	3.077457e+00	1.004217e+00	2.011830e+00	1.133136e+00	1.976770e+00	7.633983e-01	1.931629e+00	1.176558e+00	1.871029e+00	1.861667e+00	2.872097e-01	2.170314e+00	8.230416e-01	
5  94.8634	2.149154e+00	1.159373e-01	6.709347e-01	3.045869e+00	1.011848e+00	2.108539e+00	1.376909e+00	2.044560e+00	7.348929e-01	2.006026e+00	1.304864e+00	1.893988e+00	1.479590e+00	3.067243e-01	2.102830e+00	8.122757e-01	
1  95.4959	2.149154e+00	1.159373e-01	6.709347e-01	3.045869e+00	1.011848e+00	2.163738e+00	1.705620e+00	2.072334e+00	1.408327e+00	1.964141e+00	1.018007e+00	1.916529e+00	1.341915e+00	3.067243e-01	2.102830e+00	8.122757e-01	
8  95.8799	2.149154e+00	1.159373e-01	6.709347e-01	3.045869e+00	1.011848e+00	2.148996e+00	1.556519e+00	2.058628e+00	1.476246e+00	1.944572e+00	9.886232e-01	1.937756e+00	1.379833e+00	3.067243e-01	2.102830e+00	8.122757e-01	
2  96.3001	2.199104e+00	1.149408e-01	6.640149e-01	2.944918e+00	9.938899e-01	2.273880e+00	1.526420e+00	2.193662e+00	1.605436e+00	2.054872e+00	1.120814e+00	2.065729e+00	1.562709e+00	3.120232e-01	1.900910e+00	7.578427e-01	
1  94.1068	2.250593e+00	1.210314e-01	6.815768e-01	2.881662e+00	9.289152e-01	2.218953e+00	1.241584e+00	2.181142e+00	1.638145e+00	2.023398e+00	1.001433e+00	2.076804e+00	1.793000e+00	3.103700e-01	1.784390e+00	7.420291e-01	
1  95.0777	2.250593e+00	1.210314e-01	6.815768e-01	2.881662e+00	9.289152e-01	2.245467e+00	1.323775e+00	2.165959e+00	1.478803e+00	2.082329e+00	1.260776e+00	2.059226e+00	1.478201e+00	3.103700e-01	1.784390e+00	7.420291e-01	
6  91.544	2.250593e+00	1.210314e-01	6.815768e-01	2.881662e+00	9.289152e-01	2.220064e+00	1.237262e+00	2.228846e+00	1.764420e+00	2.072917e+00	1.144173e+00	2.078094e+00	1.652770e+00	3.103700e-01	1.784390e+00	7.420291e-01	
4  94.8306	2.250593e+00	1.210314e-01	6.815768e-01	2.881662e+00	9.289152e-01	2.272471e+00	1.522652e+00	2.193537e+00	1.317663e+00	2.110252e+00	1.325797e+00	2.044606e+00	1.441957e+00	3.103700e-01	1.784390e+00	7.420291e-01	
2  94.8008	2.102518e+00	1.195380e-01	6.797923e-01	2.883295e+00	9.540332e-01	2.292226e+00	1.639251e+00	2.197962e+00	1.324547e+00	2.122442e+00	1.374278e+00	2.033317e+00	1.193598e+00	3.055658e-01	1.787307e+00	7.522782e-01	
4  94.3387	2.102518e+00	1.195380e-01	6.797923e-01	2.883295e+00	9.540332e-01	2.259316e+00	1.445668e+00	2.246121e+00	1.263176e+00	2.038586e+00	6.974148e-01	2.075364e+00	1.683275e+00	3.055658e-01	1.787307e+00	7.522782e-01	
1  93.6231	2.102518e+00	1.195380e-01	6.797923e-01	2.883295e+00	9.540332e-01	2.256471e+00	1.554417e+00	2.184077e+00	8.461220e-01	2.126988e+00	1.227376e+00	2.020615e+00	1.056515e+00	3.055658e-01	1.787307e+00	7.522782e-01	
2  94.076	2.102518e+00	1.195380e-01	6.797923e-01	2.883295e+00	9.540332e-01	2.266924e+00	1.504845e+00	2.173101e+00	7.182346e-01	2.134037e+00	1.458513e+00	2.015061e+00	1.089235e+00	3.055658e-01	1.787307e+00	7.522782e-01	
2  90.9348	2.102518e+00	1.195380e-01	6.797923e-01	2.883295e+00	9.540332e-01	2.229577e+00	1.184088e+00	2.217546e+00	1.395109e+00	2.070389e+00	1.001666e+00	2.037616e+00	1.275106e+00	3.055658e-01	1.787307e+00	7.522782e-01	
4  92.7724	2.118952e+00	1.216325e-01	6.706713e-01	2.817642e+00	9.566836e-01	2.344619e+00	1.436016e+00	2.298715e+00	1.430642e+00	2.152772e+00	1.133523e+00	2.094403e+00	1.171467e+00	3.189553e-01	1.673733e+00	7.334852e-01	
1  94.2886	2.118952e+00	1.216325e-01	6.706713e-01	2.817642e+00	9.566836e-01	2.353244e+00	1.496469e+00	2.334512e+00	1.750996e+00	2.092747e+00	7.845135e-01	2.084946e+00	1.158450e+00	3.189553e-01	1.673733e+00	7.334852e-01	
2  93.3827	2.118952e+00	1.216325e-01	6.706713e-01	2.817642e+00	9.566836e-01	2.337173e+00	1.416414e+00	2.350066e+00	1.542555e+00	2.135003e+00	1.086799e+00	2.070924e+00	1.346135e+00	3.189553e-01	1.673733e+00	7.334852e-01	
7  92.9301	2.118952e+00	1.216325e-01	6.706713e-01	2.817642e+00	9.566836e-01	2.324688e+00	1.271010e+00	2.352638e+00	1.540113e+00	2.151371e+00	1.152348e+00	2.118461e+00	1.773205e+00	3.189553e-01	1.673733e+00	7.334852e-01	
4  92.4784	2.289712e+00	1.211979e-01	6.775143e-01	2.927106e+00	9.414752e-01	2.167377e+00	9.989981e-01	2.227752e+00	1.431578e+00	2.030386e+00	9.530399e-01	2.030877e+00	2.065295e+00	3.153182e-01	1.867351e+00	7.599571e-01	
11  94.2042	2.289712e+00	1.211979e-01	6.775143e-01	2.927106e+00	9.414752e-01	2.145717e+00	9.206432e-01	2.224166e+00	1.366684e+00	2.120969e+00	1.692799e+00	1.979934e+00	1.867653e+00	3.153182e-01	1.867351e+00	7.599571e-01	
2  92.9879	2.199450e+00	1.156999e-01	6.823258e-01	2.945078e+00	9.345349e-01	2.082128e+00	5.414710e-01	2.218328e+00	1.423291e+00	2.095039e+00	1.626861e+00	1.994736e+00	2.014709e+00	2.971389e-01	1.901215e+00	7.490297e-01	
11  91.009	2.199450e+00	1.156999e-01	6.823258e-01	2.945078e+00	9.345349e-01	2.080711e+00	4.534976e-01	2.199588e+00	1.272883e+00	2.068345e+00	1.425025e+00	1.969786e+00	1.596437e+00	2.971389e-01	1.901215e+00	7.490297e-01	
6  92.4261	2.339574e+00	1.253482e-01	7.009658e-01	3.011632e+00	8.653093e-01	1.863540e+00	1.739796e-01	2.016198e+00	1.095370e+00	1.894743e+00	1.107951e+00	1.821440e+00	1.732971e+00	3.040341e-01	2.032053e+00	7.894345e-01	
6  94.3036	2.339574e+00	1.253482e-01	7.009658e-01	3.011632e+00	8.653093e-01	1.854374e+00	1.342112e-01	1.951548e+00	5.094469e-01	1.938896e+00	1.381791e+00	1.851521e+00	1.758167e+00	3.040341e-01	2.032053e+00	7.894345e-01	
2  93.9332	2.284879e+00	1.148077e-01	6.904399e-01	3.089751e+00	9.244238e-01	1.860425e+00	1.009847e-01	1.961876e+00	5.358398e-01	1.949925e+00	1.446033e+00	1.863532e+00	1.777574e+00	2.901165e-01	2.197160e+00	7.945357e-01	
5  93.7412	2.284879e+00	1.148077e-01	6.904399e-01	3.089751e+00	9.244238e-01	1.896201e+00	4.548640e-01	1.950842e+00	6.572348e-01	1.908171e+00	1.096299e+00	1.897541e+00	1.837669e+00	2.901165e-01	2.197160e+00	7.945357e-01	
2  94.4236	2.284879e+00	1.148077e-01	6.904399e-01	3.089751e+00	9.244238e-01	1.887498e+00	3.461363e-01	1.983993e+00	1.117081e+00	1.852887e+00	1.073054e+00	1.953103e+00	1.863800e+00	2.901165e-01	2.197160e+00	7.945357e-01	
2  93.2516	2.284879e+00	1.148077e-01	6.904399e-01	3.089751e+00	9.244238e-01	1.876996e+00	3.380228e-01	1.945419e+00	7.605245e-01	1.800798e+00	5.649473e-01	1.939464e+00	1.762300e+00	2.901165e-01	2.197160e+00	7.945357e-01	
4  93.1568	2.261370e+00	1.115324e-01	6.874300e-01	3.014474e+00	9.720676e-01	2.054972e+00	6.634784e-01	2.077929e+00	9.048265e-01	1.930717e+00	8.043187e-01	2.052229e+00	1.747001e+00	2.852341e-01	2.037837e+00	7.650572e-01	
1  94.8311	2.261370e+00	1.115324e-01	6.874300e-01	3.014474e+00	9.720676e-01	2.023228e+00	2.508081e-01	2.048377e+00	9.885962e-01	1.985636e+00	1.320592e+00	2.044394e+00	1.610023e+00	2.852341e-01	2.037837e+00	7.650572e-01	
2  95.8257	2.261370e+00	1.115324e-01	6.874300e-01	3.014474e+00	9.720676e-01	2.033215e+00	3.258609e-01	2.030378e+00	7.675869e-01	1.943164e+00	9.790137e-01	2.043887e+00	2.061575e+00	2.852341e-01	2.037837e+00	7.650572e-01	
12  93.8821	2.261370e+00	1.115324e-01	6.874300e-01	3.014474e+00	9.720676e-01	2.043288e+00	4.096490e-01	2.023867e+00	2.909045e-01	1.979367e+00	1.187158e+00	2.000620e+00	2.134639e+00	2.852341e-01	2.037837e+00	7.650572e-01	
7  93.7249	2.261370e+00	1.115324e-01	6.874300e-01	3.014474e+00	9.720676e-01	2.048101e+00	5.241917e-01	1.996572e+00	3.676451e-01	1.999664e+00	1.362165e+00	1.963699e+00	2.086689e+00	2.852341e-01	2.037837e+00	7.650572e-01	
3  96.4397	2.165314e+00	1.083388e-01	6.850191e-01	2.958141e+00	1.012262e+00	2.176553e+00	7.567399e-01	2.093946e+00	4.799464e-01	2.095499e+00	1.543891e+00	2.041727e+00	1.976345e+00	2.783926e-01	1.926213e+00	7.461437e-01	
4  95.7404	2.215824e+00	1.084394e-01	6.811308e-01	3.000878e+00	1.020167e+00	2.151170e+00	8.163889e-01	2.057367e+00	4.187549e-01	2.069051e+00	1.518201e+00	2.004796e+00	1.953663e+00	2.828858e-01	2.010319e+00	7.608080e-01	
3  96.387	2.215824e+00	1.084394e-01	6.811308e-01	3.000878e+00	1.020167e+00	2.158765e+00	7.404293e-01	2.074689e+00	7.253869e-01	2.080455e+00	1.499600e+00	2.017816e+00	1.979947e+00	2.828858e-01	2.010319e+00	7.608080e-01	
7  97.919	2.215824e+00	1.084394e-01	6.811308e-01	3.000878e+00	1.020167e+00	2.176640e+00	1.005438e+00	2.128777e+00	1.199048e+00	2.093917e+00	1.418199e+00	2.014705e+00	2.291229e+00	2.828858e-01	2.010319e+00	7.608080e-01	
1  98.332	2.215824e+00	1.084394e-01	6.811308e-01	3.000878e+00	1.020167e+00	2.184292e+00	1.029502e+00	2.159012e+00	1.341413e+00	2.098639e+00	1.348401e+00	1.950240e+00	1.752649e+00	2.828858e-01	2.010319e+00	7.608080e-01	
2  95.6623	2.215824e+00	1.084394e-01	6.811308e-01	3.000878e+00	1.020167e+00	2.185732e+00	7.948690e-01	2.177311e+00	1.312069e+00	2.059038e+00	1.182464e+00	1.967594e+00	1.534712e+00	2.828858e-01	2.010319e+00	7.608080e-01	
14  96.3296	2.215824e+00	1.084394e-01	6.811308e-01	3.000878e+00	1.020167e+00	2.155670e+00	5.562444e-01	2.148483e+00	9.617238e-01	2.086761e+00	1.141334e+00	1.987481e+00	2.021569e+00	2.828858e-01	2.010319e+00	7.608080e-01	
1  96.7413	2.215824e+00	1.084394e-01	6.811308e-01	3.000878e+00	1.020167e+00	2.144718e+00	6.677944e-01	2.138670e+00	9.525536e-01	2.113669e+00	1.235910e+00	1.985323e+00	2.246103e+00	2.828858e-01	2.010319e+00	7.608080e-01	
4  99.2933	2.215824e+00	1.084394e-01	6.811308e-01	3.000878e+00	1.020167e+00	2.163570e+00	7.924739e-01	2.219458e+00	1.579801e+00	2.115120e+00	1.125000e+00	2.018178e+00	2.483097e+00	2.828858e-01	2.010319e+00	7.608080e-01	
2  100.242	2.174318e+00	1.038814e-01	6.795499e-01	2.968915e+00	1.020217e+00	2.199627e+00	6.173836e-01	2.284891e+00	1.677994e+00	2.160301e+00	1.175156e+00	2.088917e+00	2.620741e+00	2.734344e-01	1.947078e+00	7.295651e-01	
2  97.8438	2.247424e+00	1.092698e-01	6.733955e-01	2.863738e+00	9.972799e-01	2.327537e+00	8.474125e-01	2.382729e+00	1.726129e+00	2.253490e+00	1.297391e+00	2.164812e+00	2.599026e+00	2.919503e-01	1.752691e+00	7.042666e-01	
1  96.0664	2.247424e+00	1.092698e-01	6.733955e-01	2.863738e+00	9.972799e-01	2.305230e+00	8.012011e-01	2.353381e+00	1.215307e+00	2.265018e+00	1.469987e+00	2.159656e+00	2.420849e+00	2.919503e-01	1.752691e+00	7.042666e-01	
14  95.7678	2.247424e+00	1.092698e-01	6.733955e-01	2.863738e+00	9.972799e-01	2.352191e+00	8.883878e-01	2.349483e+00	1.139847e+00	2.225178e+00	1.609660e+00	2.195177e+00	2.375470e+00	2.919503e-01	1.752691e+00	7.042666e-01	
2  96.0359	2.247424e+00	1.092698e-01	6.733955e-01	2.863738e+00	9.972799e-01	2.312179e+00	5.898335e-01	2.334180e+00	7.574218e-01	2.181565e+00	1.564175e+00	2.173494e+00	2.176133e+00	2.919503e-01	1.752691e+00	7.042666e-01	
2  97.1517	2.247424e+00	1.092698e-01	6.733955e-01	2.863738e+00	9.972799e-01	2.326811e+00	8.480979e-01	2.380962e+00	8.778871e-01	2.183151e+00	1.460149e+00	2.161144e+00	2.237868e+00	2.919503e-01	1.752691e+00	7.042666e-01	
5  96.451	2.247424e+00	1.092698e-01	6.733955e-01	2.863738e+00	9.972799e-01	2.336804e+00	7.424129e-01	2.402261e+00	1.090553e+00	2.199600e+00	1.599002e+00	2.171051e+00	2.013273e+00	2.919503e-01	1.752691e+00	7.042666e-01	
1  96.0169	2.226991e+00	1.068255e-01	6.694683e-01	2.990260e+00	1.015429e+00	2.207038e+00	6.669097e-01	2.279134e+00	9.514748e-01	2.094957e+00	1.467807e+00	2.055560e+00	1.897003e+00	2.894759e-01	1.989085e+00	7.443122e-01	
13  96.1403	2.274576e+00	1.044617e-01	6.728988e-01	3.105511e+00	1.035301e+00	2.087984e+00	5.826916e-01	2.165976e+00	8.505103e-01	1.996569e+00	1.344068e+00	1.961798e+00	1.946462e+00	2.823621e-01	2.232062e+00	7.801136e-01	
2  97.4167	2.251914e+00	1.064687e-01	6.879765e-01	3.075463e+00	9.976487e-01	2.026925e+00	2.971173e-01	2.147466e+00	8.900211e-01	1.962004e+00	1.244943e+00	1.965011e+00	2.105856e+00	2.738830e-01	2.165990e+00	7.727036e-01	
1  96.8929	2.251914e+00	1.064687e-01	6.879765e-01	3.075463e+00	9.976487e-01	2.033553e+00	2.944155e-01	2.159771e+00	1.030693e+00	1.927864e+00	7.808370e-01	1.951755e+00	1.945481e+00	2.738830e-01	2.165990e+00	7.727036e-01	
7  95.3486	2.251914e+00	1.064687e-01	6.879765e-01	3.075463e+00	9.976487e-01	2.020279e+00	3.401527e-01	2.107788e+00	8.534322e-01	1.883144e+00	7.560146e-01	1.967333e+00	2.144955e+00	2.738830e-01	2.165990e+00	7.727036e-01	
2  96.8124	2.214471e+00	1.155944e-01	6.898345e-01	3.030867e+00	1.023034e+00	2.115698e+00	9.955592e-01	2.104909e+00	7.904747e-01	1.917342e+00	8.693871e-01	1.924669e+00	1.686357e+00	2.907995e-01	2.071519e+00	8.091380e-01	
1  96.4755	2.266966e+00	1.240562e-01	7.011527e-01	2.999689e+00	9.763291e-01	2.065682e+00	9.775859e-01	2.056067e+00	7.361254e-01	1.871991e+00	7.654490e-01	1.881679e+00	1.683040e+00	2.997671e-01	2.007928e+00	8.184265e-01	
