2  301.266	2.256029e+00	1.161564e-01	6.683674e-01	3.040574e+00	9.771279e-01	2.032321e+00	-2.153198e-02	2.037261e+00	1.848935e-02	2.033864e+00	2.598353e-02	2.031876e+00	1.441377e-02	3.119682e-01	2.091725e+00	7.929364e-01	
5  286.527	2.230454e+00	1.207339e-01	6.496113e-01	2.981285e+00	8.999251e-01	2.026067e+00	-1.865038e-01	2.060193e+00	-2.868052e-02	2.051611e+00	-9.420533e-03	2.048380e+00	-3.394297e-02	3.404841e-01	1.971313e+00	7.638617e-01	
2  263.757	2.230454e+00	1.207339e-01	6.496113e-01	2.981285e+00	8.999251e-01	2.059728e+00	1.589076e-01	2.062747e+00	-1.228898e-01	2.098595e+00	1.382550e-01	2.067990e+00	1.662433e-01	3.404841e-01	1.971313e+00	7.638617e-01	
3  181.252	2.230454e+00	1.207339e-01	6.496113e-01	2.981285e+00	8.999251e-01	2.085871e+00	4.848736e-01	2.118648e+00	1.941319e-01	2.115894e+00	7.798086e-01	2.081890e+00	2.702900e-01	3.404841e-01	1.971313e+00	7.638617e-01	
1  141.491	2.230454e+00	1.207339e-01	6.496113e-01	2.981285e+00	8.999251e-01	2.033382e+00	5.446740e-01	2.088219e+00	3.027931e-01	2.115641e+00	8.761509e-01	2.167057e+00	1.079521e+00	3.404841e-01	1.971313e+00	7.638617e-01	
5  136.98	2.248576e+00	1.144168e-01	6.386305e-01	2.946147e+00	9.039761e-01	2.093941e+00	3.574765e-01	2.175223e+00	3.129522e-01	2.194206e+00	9.157519e-01	2.243115e+00	1.091317e+00	3.372492e-01	1.903248e+00	7.232284e-01	
3  133.6	2.248576e+00	1.144168e-01	6.386305e-01	2.946147e+00	9.039761e-01	2.025799e+00	-1.383710e-01	2.190087e+00	7.011026e-01	2.159728e+00	9.431360e-01	2.294412e+00	1.066076e+00	3.372492e-01	1.903248e+00	7.232284e-01	
4  131.035	2.248576e+00	1.144168e-01	6.386305e-01	2.946147e+00	9.039761e-01	2.031360e+00	-3.517335e-02	2.208840e+00	4.785770e-01	2.143909e+00	1.014455e+00	2.234686e+00	7.354192e-01	3.372492e-01	1.903248e+00	7.232284e-01	
1  121.717	2.248576e+00	1.144168e-01	6.386305e-01	2.946147e+00	9.039761e-01	2.100400e+00	4.741079e-01	2.227920e+00	1.361053e+00	2.160688e+00	1.126828e+00	2.225110e+00	1.034099e+00	3.372492e-01	1.903248e+00	7.232284e-01	
4  119.865	2.226338e+00	1.051243e-01	6.378123e-01	3.216425e+00	9.114593e-01	1.784082e+00	-2.351813e-02	1.955340e+00	1.126551e+00	1.907620e+00	8.782320e-01	2.001124e+00	9.020763e-01	3.147258e-01	2.493879e+00	7.874600e-01	
11  116.763	2.204941e+00	1.081030e-01	6.451025e-01	3.124237e+00	9.259557e-01	1.905932e+00	2.523856e-01	2.047877e+00	1.242543e+00	1.994459e+00	9.870928e-01	2.078170e+00	9.752285e-01	3.142960e-01	2.274254e+00	7.725498e-01	
1  114.582	2.236695e+00	1.061711e-01	6.631339e-01	2.977677e+00	9.323107e-01	2.046442e+00	1.202123e-01	2.203282e+00	1.336059e+00	2.137643e+00	1.109121e+00	2.218879e+00	1.054529e+00	2.937652e-01	1.964213e+00	7.130398e-01	
1  113.735	2.253606e+00	1.102464e-01	6.870441e-01	3.054380e+00	9.432576e-01	1.928823e+00	1.516112e-01	2.069663e+00	1.285297e+00	2.016620e+00	1.032381e+00	2.108547e+00	1.030285e+00	2.826657e-01	2.120804e+00	7.666618e-01	
2  113.608	2.310256e+00	1.002976e-01	6.830735e-01	3.210320e+00	9.932536e-01	1.815840e+00	-6.887007e-02	1.974529e+00	1.188308e+00	1.929258e+00	9.458826e-01	2.030327e+00	9.813201e-01	2.658532e-01	2.478701e+00	7.871524e-01	
7  113.324	2.310256e+00	1.002976e-01	6.830735e-01	3.210320e+00	9.932536e-01	1.789411e+00	-3.211904e-01	1.937753e+00	7.493294e-01	1.911705e+00	7.875546e-01	2.046250e+00	1.254628e+00	2.658532e-01	2.478701e+00	7.871524e-01	
12  114.106	2.320893e+00	1.002374e-01	6.939367e-01	2.980356e+00	1.014863e+00	2.071087e+00	-1.224710e-01	2.203599e+00	9.602115e-01	2.157800e+00	1.024278e+00	2.274781e+00	1.398557e+00	2.576907e-01	1.969483e+00	7.088245e-01	
2  112.511	2.320893e+00	1.002374e-01	6.939367e-01	2.980356e+00	1.014863e+00	2.048385e+00	-1.897181e-01	2.179439e+00	4.423209e-01	2.173536e+00	1.371688e+00	2.237877e+00	9.606936e-01	2.576907e-01	1.969483e+00	7.088245e-01	
1  111.998	2.318494e+00	1.097357e-01	6.938616e-01	2.958309e+00	9.355699e-01	1.961885e+00	-3.294670e-01	2.110637e+00	3.579024e-01	2.108272e+00	1.281554e+00	2.178368e+00	8.919273e-01	2.774254e-01	1.926537e+00	7.238482e-01	
2  111.808	2.340975e+00	1.213757e-01	6.901870e-01	2.881659e+00	9.088715e-01	2.032494e+00	5.425154e-02	2.143083e+00	4.153788e-01	2.139751e+00	1.325820e+00	2.195526e+00	9.015651e-01	3.052946e-01	1.784385e+00	7.344796e-01	
4  109.01	2.322883e+00	1.128866e-01	6.851150e-01	2.902328e+00	9.308812e-01	2.042687e+00	-1.269491e-01	2.174435e+00	4.135300e-01	2.167497e+00	1.338469e+00	2.226677e+00	9.139580e-01	2.913606e-01	1.821651e+00	7.139387e-01	
1  106.663	2.322883e+00	1.128866e-01	6.851150e-01	2.902328e+00	9.308812e-01	2.032873e+00	-3.116716e-01	2.218620e+00	7.704009e-01	2.166791e+00	1.386169e+00	2.261855e+00	1.424639e+00	2.913606e-01	1.821651e+00	7.139387e-01	
3  105.482	2.322883e+00	1.128866e-01	6.851150e-01	2.902328e+00	9.308812e-01	2.085726e+00	2.265386e-01	2.216100e+00	4.670569e-01	2.150125e+00	1.224294e+00	2.184391e+00	9.526247e-01	2.913606e-01	1.821651e+00	7.139387e-01	
5  100.92	2.322883e+00	1.128866e-01	6.851150e-01	2.902328e+00	9.308812e-01	2.116397e+00	2.486311e-01	2.171387e+00	2.620934e-01	2.116342e+00	8.680219e-01	2.142936e+00	9.215081e-01	2.913606e-01	1.821651e+00	7.139387e-01	
6  101.614	2.374496e+00	1.120532e-01	6.778287e-01	2.728594e+00	9.807236e-01	2.411161e+00	6.728769e-01	2.428147e+00	4.743327e-01	2.355331e+00	1.105665e+00	2.354192e+00	1.049689e+00	2.969676e-01	1.531134e+00	6.592095e-01	
10  100.903	2.374496e+00	1.120532e-01	6.778287e-01	2.728594e+00	9.807236e-01	2.372985e+00	3.335052e-01	2.427712e+00	4.478341e-01	2.387710e+00	1.686181e+00	2.431761e+00	1.667519e+00	2.969676e-01	1.531134e+00	6.592095e-01	
2  101.774	2.374496e+00	1.120532e-01	6.778287e-01	2.728594e+00	9.807236e-01	2.365209e+00	-2.995732e-02	2.403815e+00	6.932798e-01	2.403206e+00	1.746734e+00	2.422302e+00	1.881251e+00	2.969676e-01	1.531134e+00	6.592095e-01	
5  102.451	2.374496e+00	1.120532e-01	6.778287e-01	2.728594e+00	9.807236e-01	2.401001e+00	5.516029e-01	2.438144e+00	1.234946e+00	2.382986e+00	1.728669e+00	2.404020e+00	1.889283e+00	2.969676e-01	1.531134e+00	6.592095e-01	
10  102.886	2.347865e+00	1.101189e-01	6.970177e-01	2.757498e+00	9.976126e-01	2.352785e+00	4.658594e-01	2.391375e+00	1.228843e+00	2.340515e+00	1.710895e+00	2.371650e+00	1.904149e+00	2.763121e-01	1.576036e+00	6.707285e-01	
4  101.173	2.347865e+00	1.101189e-01	6.970177e-01	2.757498e+00	9.976126e-01	2.366917e+00	5.198240e-01	2.388811e+00	1.097392e+00	2.351857e+00	1.703820e+00	2.312234e+00	1.231953e+00	2.763121e-01	1.576036e+00	6.707285e-01	
1  96.4537	2.346800e+00	1.127748e-01	6.925283e-01	2.874073e+00	1.010397e+00	2.263318e+00	7.082892e-01	2.260024e+00	1.042453e+00	2.234657e+00	1.621846e+00	2.196413e+00	1.184860e+00	2.854218e-01	1.770900e+00	7.250910e-01	
5  95.0404	2.383819e+00	1.109606e-01	6.888740e-01	2.986582e+00	1.005315e+00	2.125772e+00	4.993192e-01	2.141753e+00	9.229952e-01	2.125036e+00	1.503604e+00	2.096481e+00	1.108538e+00	2.854150e-01	1.981783e+00	7.540889e-01	
7  93.7809	2.383819e+00	1.109606e-01	6.888740e-01	2.986582e+00	1.005315e+00	2.142238e+00	6.489057e-01	2.166379e+00	8.750065e-01	2.086870e+00	1.462638e+00	2.054470e+00	7.766684e-01	2.854150e-01	1.981783e+00	7.540889e-01	
22  93.9356	2.348976e+00	1.119207e-01	6.783537e-01	2.950406e+00	9.995110e-01	2.200756e+00	7.933085e-01	2.214510e+00	9.203871e-01	2.130925e+00	1.505003e+00	2.091243e+00	7.962362e-01	2.956655e-01	1.911372e+00	7.428184e-01	
5  92.5913	2.348976e+00	1.119207e-01	6.783537e-01	2.950406e+00	9.995110e-01	2.191117e+00	8.070299e-01	2.247454e+00	1.434459e+00	2.154873e+00	1.504337e+00	2.043550e+00	8.054408e-01	2.956655e-01	1.911372e+00	7.428184e-01	
4  92.8047	2.350080e+00	1.084690e-01	6.697155e-01	3.143893e+00	1.017748e+00	2.005508e+00	7.349384e-01	2.063780e+00	1.303693e+00	1.985779e+00	1.355113e+00	1.885032e+00	7.193342e-01	2.956707e-01	2.319398e+00	8.044468e-01	
3  92.075	2.350080e+00	1.084690e-01	6.697155e-01	3.143893e+00	1.017748e+00	2.013135e+00	7.823704e-01	2.082231e+00	1.443536e+00	1.958299e+00	1.170614e+00	1.865853e+00	6.783118e-01	2.956707e-01	2.319398e+00	8.044468e-01	
17  90.9552	2.350080e+00	1.084690e-01	6.697155e-01	3.143893e+00	1.017748e+00	1.955358e+00	2.947967e-01	2.040755e+00	7.207533e-01	1.939464e+00	1.038117e+00	1.939788e+00	1.319403e+00	2.956707e-01	2.319398e+00	8.044468e-01	
7  91.1459	2.317483e+00	1.184072e-01	6.712809e-01	2.878159e+00	9.558167e-01	2.182106e+00	4.738256e-01	2.260243e+00	8.766978e-01	2.140668e+00	1.207581e+00	2.124484e+00	1.405831e+00	3.156246e-01	1.778152e+00	7.314319e-01	
2  92.5747	2.317483e+00	1.184072e-01	6.712809e-01	2.878159e+00	9.558167e-01	2.166951e+00	4.908590e-01	2.262544e+00	7.551491e-01	2.098865e+00	1.137544e+00	2.154271e+00	1.663196e+00	3.156246e-01	1.778152e+00	7.314319e-01	
10  91.552	2.317483e+00	1.184072e-01	6.712809e-01	2.878159e+00	9.558167e-01	2.166208e+00	6.162387e-01	2.289749e+00	1.345101e+00	2.142665e+00	1.246241e+00	2.064472e+00	1.204822e+00	3.156246e-01	1.778152e+00	7.314319e-01	
4  90.6835	2.317483e+00	1.184072e-01	6.712809e-01	2.878159e+00	9.558167e-01	2.175863e+00	3.779838e-01	2.288259e+00	1.299049e+00	2.154921e+00	1.414057e+00	2.060727e+00	9.838636e-01	3.156246e-01	1.778152e+00	7.314319e-01	
5  93.802	2.317483e+00	1.184072e-01	6.712809e-01	2.878159e+00	9.558167e-01	2.180677e+00	3.131613e-01	2.264274e+00	1.192730e+00	2.171405e+00	1.651696e+00	1.989176e+00	4.631067e-01	3.156246e-01	1.778152e+00	7.314319e-01	
15  95.4223	2.324936e+00	1.096068e-01	6.628350e-01	2.889341e+00	9.890621e-01	2.225037e+00	1.994704e-01	2.323495e+00	1.210163e+00	2.225372e+00	1.689275e+00	2.041773e+00	4.845250e-01	3.038584e-01	1.798146e+00	7.056388e-01	
10  95.678	2.324936e+00	1.096068e-01	6.628350e-01	2.889341e+00	9.890621e-01	2.173838e+00	-5.850173e-02	2.355249e+00	1.619727e+00	2.221867e+00	1.409834e+00	2.112702e+00	1.059128e+00	3.038584e-01	1.798146e+00	7.056388e-01	
1  93.8107	2.294062e+00	1.193455e-01	6.945966e-01	2.772907e+00	9.490313e-01	2.196720e+00	-3.308670e-02	2.370040e+00	1.668814e+00	2.236121e+00	1.442641e+00	2.132078e+00	1.099019e+00	2.962503e-01	1.600509e+00	7.022055e-01	
1  94.0633	2.241262e+00	1.214385e-01	6.921968e-01	2.815231e+00	9.125261e-01	2.099767e+00	-1.494262e-01	2.285949e+00	1.600538e+00	2.157078e+00	1.360219e+00	2.061565e+00	1.052149e+00	3.015743e-01	1.669703e+00	7.177584e-01	
2  92.0396	2.204758e+00	1.165193e-01	6.792149e-01	2.874780e+00	9.586534e-01	2.125202e+00	7.854960e-02	2.287423e+00	1.640635e+00	2.159491e+00	1.388716e+00	2.057756e+00	1.074483e+00	3.017582e-01	1.772152e+00	7.319735e-01	
11  89.5891	2.204758e+00	1.165193e-01	6.792149e-01	2.874780e+00	9.586534e-01	2.136708e+00	2.754143e-01	2.288907e+00	1.747225e+00	2.123173e+00	1.314451e+00	2.123842e+00	1.198406e+00	3.017582e-01	1.772152e+00	7.319735e-01	
9  90.5981	2.145517e+00	1.077548e-01	6.631300e-01	2.925862e+00	9.709026e-01	2.120405e+00	1.246031e-01	2.293363e+00	1.727560e+00	2.125330e+00	1.300925e+00	2.129327e+00	1.192225e+00	2.952967e-01	1.865029e+00	7.167208e-01	
2  89.8196	2.137157e+00	1.060843e-01	6.590808e-01	3.024921e+00	9.823930e-01	2.028679e+00	1.173632e-01	2.199212e+00	1.668217e+00	2.038785e+00	1.229101e+00	2.047892e+00	1.153028e+00	2.948980e-01	2.059237e+00	7.480560e-01	
20  90.1401	2.072839e+00	1.110465e-01	6.534270e-01	3.183803e+00	9.894006e-01	1.875414e+00	4.364680e-01	2.005138e+00	1.605008e+00	1.861623e+00	1.112978e+00	1.874358e+00	1.095422e+00	3.101389e-01	2.413837e+00	8.395030e-01	
1  94.1931	2.072839e+00	1.110465e-01	6.534270e-01	3.183803e+00	9.894006e-01	1.908277e+00	5.417827e-01	1.931361e+00	1.308702e+00	1.830348e+00	7.817928e-01	1.773251e+00	6.888105e-01	3.101389e-01	2.413837e+00	8.395030e-01	
7  91.4966	2.072839e+00	1.110465e-01	6.534270e-01	3.183803e+00	9.894006e-01	1.904830e+00	5.871726e-01	1.897235e+00	7.518274e-01	1.900484e+00	1.279492e+00	1.783996e+00	7.393364e-01	3.101389e-01	2.413837e+00	8.395030e-01	
1  91.7057	2.111779e+00	1.112864e-01	6.648781e-01	3.224780e+00	1.007281e+00	1.859440e+00	5.752949e-01	1.846588e+00	7.273280e-01	1.855127e+00	1.251078e+00	1.742792e+00	7.299560e-01	3.009715e-01	2.514804e+00	8.643302e-01	
7  92.8008	2.111779e+00	1.112864e-01	6.648781e-01	3.224780e+00	1.007281e+00	1.880102e+00	7.330165e-01	1.872290e+00	6.636401e-01	1.856285e+00	1.213558e+00	1.752492e+00	1.383990e+00	3.009715e-01	2.514804e+00	8.643302e-01	
10  93.7851	2.111779e+00	1.112864e-01	6.648781e-01	3.224780e+00	1.007281e+00	1.791935e+00	2.039750e-01	1.835572e+00	5.196533e-01	1.847007e+00	1.093956e+00	1.712809e+00	7.553506e-01	3.009715e-01	2.514804e+00	8.643302e-01	
6  96.4367	2.111779e+00	1.112864e-01	6.648781e-01	3.224780e+00	1.007281e+00	1.800976e+00	4.995821e-01	1.887602e+00	1.262823e+00	1.843721e+00	1.281443e+00	1.711407e+00	6.310226e-01	3.009715e-01	2.514804e+00	8.643302e-01	
1  94.1736	2.097920e+00	1.306760e-01	6.843599e-01	2.985681e+00	9.034158e-01	1.904808e+00	6.315736e-01	1.982078e+00	1.339571e+00	1.930232e+00	1.351420e+00	1.791272e+00	6.627956e-01	3.251839e-01	1.979999e+00	8.223092e-01	
1  93.4201	2.193652e+00	1.241955e-01	6.833301e-01	3.076101e+00	9.499386e-01	1.859986e+00	5.119955e-01	1.945449e+00	1.285892e+00	1.897574e+00	1.315684e+00	1.760779e+00	6.362690e-01	3.143363e-01	2.167372e+00	8.421014e-01	
2  93.6778	2.124503e+00	1.194727e-01	6.814433e-01	3.136069e+00	9.211257e-01	1.744670e+00	1.426953e-01	1.870506e+00	1.194070e+00	1.825543e+00	1.222802e+00	1.704520e+00	5.898733e-01	3.044198e-01	2.301322e+00	8.418345e-01	
3  94.823	2.124503e+00	1.194727e-01	6.814433e-01	3.136069e+00	9.211257e-01	1.779650e+00	1.981925e-01	1.870283e+00	1.120924e+00	1.882397e+00	1.464430e+00	1.737157e+00	9.131149e-01	3.044198e-01	2.301322e+00	8.418345e-01	
4  92.5835	2.124503e+00	1.194727e-01	6.814433e-01	3.136069e+00	9.211257e-01	1.790670e+00	2.578894e-01	1.870206e+00	8.082834e-01	1.877540e+00	1.217954e+00	1.772718e+00	9.239302e-01	3.044198e-01	2.301322e+00	8.418345e-01	
1  95.2824	2.174732e+00	1.188229e-01	6.876358e-01	3.324758e+00	9.535340e-01	1.603668e+00	2.537145e-01	1.671784e+00	6.873102e-01	1.696671e+00	1.075534e+00	1.602653e+00	8.478226e-01	2.986495e-01	2.779226e+00	9.312140e-01	
15  94.5339	2.152144e+00	1.230968e-01	6.905773e-01	3.198321e+00	9.639934e-01	1.770329e+00	6.127816e-01	1.802999e+00	8.331991e-01	1.819187e+00	1.216330e+00	1.710140e+00	9.342431e-01	3.045990e-01	2.449137e+00	9.001323e-01	
5  95.2282	2.169096e+00	1.356309e-01	7.036182e-01	2.982711e+00	9.038417e-01	1.917995e+00	7.490037e-01	1.941276e+00	9.339056e-01	1.946640e+00	1.324885e+00	1.826932e+00	9.873924e-01	3.190726e-01	1.974127e+00	8.405495e-01	
4  96.0616	2.169096e+00	1.356309e-01	7.036182e-01	2.982711e+00	9.038417e-01	1.944560e+00	1.046350e+00	1.982574e+00	1.119271e+00	1.952207e+00	1.363472e+00	1.811269e+00	1.011639e+00	3.190726e-01	1.974127e+00	8.405495e-01	
1  95.1909	2.169096e+00	1.356309e-01	7.036182e-01	2.982711e+00	9.038417e-01	1.983855e+00	1.567232e+00	1.950924e+00	1.111672e+00	1.905954e+00	1.255097e+00	1.798783e+00	1.133465e+00	3.190726e-01	1.974127e+00	8.405495e-01	
1  94.6574	2.095078e+00	1.305188e-01	6.965677e-01	2.876080e+00	9.353743e-01	2.171070e+00	1.776139e+00	2.122484e+00	1.268261e+00	2.064081e+00	1.417310e+00	1.944330e+00	1.238930e+00	3.135030e-01	1.774458e+00	7.909064e-01	
8  93.5092	2.143629e+00	1.273749e-01	6.934118e-01	2.806853e+00	9.417286e-01	2.261938e+00	1.677057e+00	2.228365e+00	1.305093e+00	2.161148e+00	1.483375e+00	2.035856e+00	1.266525e+00	3.108344e-01	1.655773e+00	7.508234e-01	
8  92.5867	2.143629e+00	1.273749e-01	6.934118e-01	2.806853e+00	9.417286e-01	2.220552e+00	1.265441e+00	2.239919e+00	1.562856e+00	2.143363e+00	1.663454e+00	2.043996e+00	1.191041e+00	3.108344e-01	1.655773e+00	7.508234e-01	
6  92.4402	2.114106e+00	1.280342e-01	6.956507e-01	2.892662e+00	9.197395e-01	2.082559e+00	1.102608e+00	2.115937e+00	1.466623e+00	2.028123e+00	1.552451e+00	1.941002e+00	1.131375e+00	3.095890e-01	1.804127e+00	7.819318e-01	
2  93.6175	2.114106e+00	1.280342e-01	6.956507e-01	2.892662e+00	9.197395e-01	2.036254e+00	8.079913e-01	2.093833e+00	1.063431e+00	2.041556e+00	1.816840e+00	1.940354e+00	1.190141e+00	3.095890e-01	1.804127e+00	7.819318e-01	
5  94.8256	2.114106e+00	1.280342e-01	6.956507e-01	2.892662e+00	9.197395e-01	2.025497e+00	7.170953e-01	2.044267e+00	8.164688e-01	1.978905e+00	1.602650e+00	1.957278e+00	1.634230e+00	3.095890e-01	1.804127e+00	7.819318e-01	
3  96.348	2.129421e+00	1.318163e-01	7.067153e-01	2.834410e+00	9.193882e-01	2.075001e+00	8.232474e-01	2.080443e+00	8.637706e-01	2.013353e+00	1.647762e+00	1.988462e+00	1.665136e+00	3.078500e-01	1.702035e+00	7.748777e-01	
4  96.847	2.129421e+00	1.318163e-01	7.067153e-01	2.834410e+00	9.193882e-01	2.032198e+00	6.834843e-01	2.149136e+00	1.673039e+00	2.042362e+00	1.482155e+00	2.008625e+00	1.288784e+00	3.078500e-01	1.702035e+00	7.748777e-01	
3  93.814	2.129421e+00	1.318163e-01	7.067153e-01	2.834410e+00	9.193882e-01	2.041259e+00	4.911662e-01	2.125245e+00	1.430718e+00	2.014256e+00	1.261287e+00	1.962053e+00	9.895981e-01	3.078500e-01	1.702035e+00	7.748777e-01	
15  95.8703	2.090594e+00	1.345049e-01	7.130992e-01	2.789381e+00	9.133257e-01	2.077353e+00	6.002628e-01	2.149300e+00	1.477836e+00	2.036771e+00	1.297595e+00	1.983032e+00	1.020254e+00	3.068864e-01	1.627095e+00	7.689998e-01	
17  95.4763	2.100965e+00	1.285977e-01	7.074688e-01	2.866095e+00	9.538511e-01	2.054330e+00	6.147996e-01	2.122520e+00	1.464781e+00	2.012771e+00	1.285028e+00	1.959492e+00	1.016525e+00	3.001955e-01	1.756828e+00	7.879670e-01	
1  95.4026	2.100965e+00	1.285977e-01	7.074688e-01	2.866095e+00	9.538511e-01	2.083642e+00	7.706083e-01	2.176909e+00	1.842941e+00	1.983251e+00	1.060768e+00	1.942342e+00	8.271502e-01	3.001955e-01	1.756828e+00	7.879670e-01	
5  95.3207	2.100965e+00	1.285977e-01	7.074688e-01	2.866095e+00	9.538511e-01	2.124467e+00	1.016724e+00	2.161617e+00	1.692764e+00	2.005002e+00	1.436150e+00	1.914749e+00	9.450579e-01	3.001955e-01	1.756828e+00	7.879670e-01	
2  95.7341	2.103494e+00	1.253979e-01	7.113753e-01	2.959436e+00	9.512693e-01	1.997728e+00	7.621201e-01	2.057752e+00	1.594861e+00	1.908429e+00	1.336479e+00	1.831262e+00	8.923459e-01	2.906345e-01	1.928710e+00	8.126570e-01	
4  94.2678	2.143231e+00	1.341256e-01	7.093786e-01	2.729046e+00	8.880166e-01	2.182359e+00	7.864798e-01	2.251506e+00	1.688674e+00	2.085653e+00	1.460644e+00	1.993851e+00	9.376588e-01	3.104063e-01	1.531827e+00	7.336096e-01	
2  93.7692	2.143231e+00	1.341256e-01	7.093786e-01	2.729046e+00	8.880166e-01	2.130886e+00	2.909572e-01	2.234020e+00	1.598875e+00	2.140095e+00	1.629287e+00	2.042943e+00	1.138811e+00	3.104063e-01	1.531827e+00	7.336096e-01	
9  93.0635	2.143231e+00	1.341256e-01	7.093786e-01	2.729046e+00	8.880166e-01	2.130097e+00	3.207203e-01	2.264624e+00	1.553275e+00	2.139569e+00	1.835771e+00	2.048628e+00	1.199978e+00	3.104063e-01	1.531827e+00	7.336096e-01	
5  93.0227	2.112935e+00	1.198516e-01	6.889165e-01	3.054233e+00	9.862260e-01	1.927830e+00	4.003002e-01	2.044691e+00	1.437581e+00	1.938496e+00	1.690637e+00	1.856804e+00	1.131057e+00	2.984056e-01	2.120492e+00	8.327584e-01	
4  92.0924	2.112935e+00	1.198516e-01	6.889165e-01	3.054233e+00	9.862260e-01	1.928735e+00	5.117208e-01	2.008671e+00	1.275222e+00	1.941636e+00	1.525262e+00	1.847559e+00	1.011942e+00	2.984056e-01	2.120492e+00	8.327584e-01	
22  90.6058	2.109188e+00	1.195837e-01	6.809483e-01	3.069581e+00	9.628294e-01	1.889805e+00	3.768817e-01	1.987356e+00	1.227242e+00	1.920534e+00	1.482885e+00	1.829281e+00	9.773318e-01	3.047716e-01	2.153288e+00	8.285318e-01	
5  89.3235	2.109188e+00	1.195837e-01	6.809483e-01	3.069581e+00	9.628294e-01	1.903168e+00	4.390478e-01	2.022341e+00	1.327005e+00	1.899173e+00	1.149590e+00	1.788360e+00	7.522753e-01	3.047716e-01	2.153288e+00	8.285318e-01	
12  90.1041	2.131144e+00	1.311124e-01	6.821687e-01	2.914085e+00	9.088369e-01	2.012765e+00	6.209027e-01	2.118732e+00	1.393963e+00	1.988021e+00	1.220853e+00	1.865199e+00	7.753475e-01	3.289279e-01	1.843194e+00	7.940102e-01	
4  91.0488	2.107939e+00	1.120399e-01	6.845532e-01	3.153233e+00	9.936039e-01	1.835593e+00	2.464975e-01	1.970879e+00	1.280566e+00	1.851548e+00	1.106365e+00	1.750168e+00	7.394672e-01	2.854453e-01	2.341164e+00	8.391247e-01	
4  90.1115	2.106176e+00	1.188530e-01	6.875909e-01	3.036766e+00	9.739972e-01	1.944885e+00	4.632455e-01	2.060385e+00	1.366284e+00	1.934699e+00	1.190747e+00	1.822860e+00	7.838692e-01	2.973022e-01	2.083775e+00	8.173258e-01	
1  93.5234	2.106176e+00	1.188530e-01	6.875909e-01	3.036766e+00	9.739972e-01	1.938774e+00	6.726479e-01	2.037660e+00	1.188798e+00	1.883984e+00	1.255927e+00	1.866721e+00	9.577507e-01	2.973022e-01	2.083775e+00	8.173258e-01	
1  92.1479	2.106176e+00	1.188530e-01	6.875909e-01	3.036766e+00	9.739972e-01	1.935776e+00	4.785667e-01	1.991010e+00	7.487624e-01	1.855557e+00	9.440027e-01	1.840658e+00	7.421917e-01	2.973022e-01	2.083775e+00	8.173258e-01	
2  94.0339	2.106176e+00	1.188530e-01	6.875909e-01	3.036766e+00	9.739972e-01	1.969851e+00	5.252464e-01	2.026574e+00	1.181284e+00	1.832082e+00	8.246778e-01	1.986331e+00	1.323150e+00	2.973022e-01	2.083775e+00	8.173258e-01	
4  92.7805	2.106176e+00	1.188530e-01	6.875909e-01	3.036766e+00	9.739972e-01	1.997278e+00	9.107045e-01	2.025008e+00	1.333937e+00	1.903825e+00	1.268322e+00	1.928359e+00	1.067550e+00	2.973022e-01	2.083775e+00	8.173258e-01	
5  94.0319	2.085302e+00	1.088285e-01	6.580853e-01	3.108326e+00	9.739262e-01	1.961169e+00	6.449145e-01	2.026250e+00	1.265654e+00	1.901928e+00	1.221842e+00	1.928560e+00	1.022556e+00	3.009301e-01	2.238353e+00	7.939143e-01	
16  92.9882	2.085302e+00	1.088285e-01	6.580853e-01	3.108326e+00	9.739262e-01	1.995286e+00	5.420380e-01	2.036467e+00	1.641600e+00	1.940007e+00	1.267182e+00	1.921904e+00	8.061838e-01	3.009301e-01	2.238353e+00	7.939143e-01	
11  92.9799	2.085302e+00	1.088285e-01	6.580853e-01	3.108326e+00	9.739262e-01	1.928432e+00	7.838046e-02	2.040593e+00	1.499039e+00	1.926336e+00	1.212062e+00	1.931064e+00	1.027728e+00	3.009301e-01	2.238353e+00	7.939143e-01	
3  91.9952	2.085302e+00	1.088285e-01	6.580853e-01	3.108326e+00	9.739262e-01	2.013735e+00	5.294078e-01	2.068533e+00	1.917625e+00	1.936304e+00	1.052030e+00	1.965677e+00	1.368892e+00	3.009301e-01	2.238353e+00	7.939143e-01	
6  95.0069	2.085302e+00	1.088285e-01	6.580853e-01	3.108326e+00	9.739262e-01	2.029268e+00	4.210196e-01	2.066400e+00	1.574019e+00	1.950628e+00	1.366431e+00	1.915161e+00	1.041446e+00	3.009301e-01	2.238353e+00	7.939143e-01	
3  95.5113	2.085302e+00	1.088285e-01	6.580853e-01	3.108326e+00	9.739262e-01	2.060864e+00	9.356250e-01	2.108946e+00	2.170171e+00	1.921504e+00	1.367271e+00	1.845292e+00	9.437599e-01	3.009301e-01	2.238353e+00	7.939143e-01	
13  92.7355	2.085302e+00	1.088285e-01	6.580853e-01	3.108326e+00	9.739262e-01	1.985199e+00	3.487154e-01	2.059048e+00	1.528966e+00	1.849735e+00	8.025687e-01	1.803447e+00	5.775925e-01	3.009301e-01	2.238353e+00	7.939143e-01	
11  93.0781	2.085302e+00	1.088285e-01	6.580853e-01	3.108326e+00	9.739262e-01	2.027703e+00	7.856914e-01	2.080610e+00	1.362046e+00	1.837154e+00	6.853752e-01	1.804112e+00	9.161241e-01	3.009301e-01	2.238353e+00	7.939143e-01	
2  93.9958	2.085302e+00	1.088285e-01	6.580853e-01	3.108326e+00	9.739262e-01	1.998299e+00	5.709566e-01	2.121425e+00	1.147041e+00	1.903942e+00	1.501039e+00	1.858616e+00	1.243722e+00	3.009301e-01	2.238353e+00	7.939143e-01	
7  94.9623	2.085302e+00	1.088285e-01	6.580853e-01	3.108326e+00	9.739262e-01	2.019439e+00	6.391212e-01	2.062626e+00	6.726133e-01	1.960638e+00	1.873032e+00	1.801688e+00	3.741366e-01	3.009301e-01	2.238353e+00	7.939143e-01	
35  94.2476	2.093895e+00	1.037904e-01	6.476470e-01	3.026517e+00	9.730423e-01	2.128279e+00	5.094971e-01	2.193568e+00	7.202566e-01	2.079705e+00	1.951402e+00	1.914699e+00	4.083982e-01	2.989021e-01	2.062528e+00	7.355459e-01	
14  97.2163	2.093895e+00	1.037904e-01	6.476470e-01	3.026517e+00	9.730423e-01	2.121812e+00	3.670959e-01	2.223448e+00	1.073906e+00	2.110826e+00	2.261136e+00	1.933071e+00	8.477055e-01	2.989021e-01	2.062528e+00	7.355459e-01	
6  96.9714	2.093895e+00	1.037904e-01	6.476470e-01	3.026517e+00	9.730423e-01	2.080095e+00	2.973225e-01	2.219556e+00	1.275049e+00	2.109909e+00	2.290167e+00	1.990211e+00	1.470956e+00	2.989021e-01	2.062528e+00	7.355459e-01	
4  97.7463	2.093895e+00	1.037904e-01	6.476470e-01	3.026517e+00	9.730423e-01	2.077278e+00	3.710560e-02	2.225585e+00	1.801740e+00	2.115827e+00	2.249013e+00	1.968803e+00	9.872644e-01	2.989021e-01	2.062528e+00	7.355459e-01	
# After 109 accepted steps: update proposal 
8  94.66	2.093895e+00	1.037904e-01	6.476470e-01	3.026517e+00	9.730423e-01	2.019887e+00	-1.348032e-01	2.186938e+00	1.469801e+00	2.090316e+00	2.018955e+00	2.005342e+00	8.169944e-01	2.989021e-01	2.062528e+00	7.355459e-01	
2  95.3039	2.143349e+00	1.076684e-01	6.483362e-01	3.058302e+00	9.518929e-01	1.952085e+00	-1.534467e-01	2.119612e+00	1.375578e+00	2.032305e+00	1.920262e+00	1.941205e+00	7.758111e-01	3.086694e-01	2.129137e+00	7.568797e-01	
14  95.3258	2.143349e+00	1.076684e-01	6.483362e-01	3.058302e+00	9.518929e-01	1.925447e+00	-2.872520e-01	2.114225e+00	1.042675e+00	2.024775e+00	1.677578e+00	1.946796e+00	8.360362e-01	3.086694e-01	2.129137e+00	7.568797e-01	
3  91.7204	2.143349e+00	1.076684e-01	6.483362e-01	3.058302e+00	9.518929e-01	1.958160e+00	5.090936e-03	2.136808e+00	1.290901e+00	1.985058e+00	1.489367e+00	1.931050e+00	7.702455e-01	3.086694e-01	2.129137e+00	7.568797e-01	
3  92.7944	2.143349e+00	1.076684e-01	6.483362e-01	3.058302e+00	9.518929e-01	1.960931e+00	1.566442e-01	2.082927e+00	8.365087e-01	2.032138e+00	1.582453e+00	1.883555e+00	5.572532e-01	3.086694e-01	2.129137e+00	7.568797e-01	
1  92.8134	2.154479e+00	1.085273e-01	6.448262e-01	3.156961e+00	9.431244e-01	1.828819e+00	4.976869e-02	1.963084e+00	6.858915e-01	1.927211e+00	1.425496e+00	1.770553e+00	4.580655e-01	3.143721e-01	2.349907e+00	7.951968e-01	
1  91.9947	2.076819e+00	1.062248e-01	6.611760e-01	3.152769e+00	9.925905e-01	1.864008e+00	2.196279e-01	1.970077e+00	7.679759e-01	1.942042e+00	1.498805e+00	1.783001e+00	4.399055e-01	2.919730e-01	2.340077e+00	8.057302e-01	
6  91.3494	2.305801e+00	1.127388e-01	6.771749e-01	3.166699e+00	9.636674e-01	1.799870e+00	2.072510e-01	1.900291e+00	7.120824e-01	1.878479e+00	1.381902e+00	1.740541e+00	7.275175e-01	2.975384e-01	2.372902e+00	8.232140e-01	
4  90.8724	2.305801e+00	1.127388e-01	6.771749e-01	3.166699e+00	9.636674e-01	1.817968e+00	1.195072e-01	1.935218e+00	9.952144e-01	1.843608e+00	9.867487e-01	1.727438e+00	3.735965e-01	2.975384e-01	2.372902e+00	8.232140e-01	
2  92.0773	2.305801e+00	1.127388e-01	6.771749e-01	3.166699e+00	9.636674e-01	1.827411e+00	4.435214e-02	1.943027e+00	9.990142e-01	1.806120e+00	7.567682e-01	1.696444e+00	3.647099e-01	2.975384e-01	2.372902e+00	8.232140e-01	
3  92.4427	2.294521e+00	1.229478e-01	7.020734e-01	2.986743e+00	9.532538e-01	1.989829e+00	4.496626e-01	2.046841e+00	1.150611e+00	1.909885e+00	9.146951e-01	1.786719e+00	3.213305e-01	2.972916e-01	1.982101e+00	7.996567e-01	
1  90.9037	2.311507e+00	1.191892e-01	6.917372e-01	3.063579e+00	9.507374e-01	1.910532e+00	2.486600e-01	1.996620e+00	1.077840e+00	1.858786e+00	8.300291e-01	1.744047e+00	3.568124e-01	2.987426e-01	2.140403e+00	8.100485e-01	
7  92.0257	2.311507e+00	1.191892e-01	6.917372e-01	3.063579e+00	9.507374e-01	1.919233e+00	4.352036e-01	2.059872e+00	1.452600e+00	1.791322e+00	4.692072e-01	1.780292e+00	3.772381e-01	2.987426e-01	2.140403e+00	8.100485e-01	
4  93.9069	2.311507e+00	1.191892e-01	6.917372e-01	3.063579e+00	9.507374e-01	1.913267e+00	3.815295e-01	2.048033e+00	1.470434e+00	1.814212e+00	6.456377e-01	1.776252e+00	2.483022e-01	2.987426e-01	2.140403e+00	8.100485e-01	
8  92.6236	2.319029e+00	1.259550e-01	7.055871e-01	2.924097e+00	9.070834e-01	1.994981e+00	3.960745e-01	2.131273e+00	1.584594e+00	1.880030e+00	6.978908e-01	1.858491e+00	3.454956e-01	3.008707e-01	1.861741e+00	7.723173e-01	
4  91.9371	2.319029e+00	1.259550e-01	7.055871e-01	2.924097e+00	9.070834e-01	1.970995e+00	2.357574e-01	2.107082e+00	1.267799e+00	1.818680e+00	3.242508e-01	1.833946e+00	6.366236e-01	3.008707e-01	1.861741e+00	7.723173e-01	
14  90.9869	2.251464e+00	1.252679e-01	6.926988e-01	2.895341e+00	8.943738e-01	2.006853e+00	2.071261e-01	2.152505e+00	1.274485e+00	1.856725e+00	3.655716e-01	1.861941e+00	5.105467e-01	3.093307e-01	1.808967e+00	7.561285e-01	
2  91.7458	2.258483e+00	1.283494e-01	6.859162e-01	2.921439e+00	8.735588e-01	1.957552e+00	2.033984e-01	2.103896e+00	1.176625e+00	1.816493e+00	2.937313e-01	1.805882e+00	3.759784e-01	3.221774e-01	1.856799e+00	7.696311e-01	
16  89.9556	2.258483e+00	1.283494e-01	6.859162e-01	2.921439e+00	8.735588e-01	1.951359e+00	1.091448e-01	2.129106e+00	1.351447e+00	1.875580e+00	7.965672e-01	1.875094e+00	6.692140e-01	3.221774e-01	1.856799e+00	7.696311e-01	
2  88.5388	2.258483e+00	1.283494e-01	6.859162e-01	2.921439e+00	8.735588e-01	1.964224e+00	2.867960e-01	2.116758e+00	1.139775e+00	1.874989e+00	6.536109e-01	1.896914e+00	8.687534e-01	3.221774e-01	1.856799e+00	7.696311e-01	
1  90.0843	2.258483e+00	1.283494e-01	6.859162e-01	2.921439e+00	8.735588e-01	2.016002e+00	5.951680e-01	2.078425e+00	9.297333e-01	1.917794e+00	1.055878e+00	1.834975e+00	6.631047e-01	3.221774e-01	1.856799e+00	7.696311e-01	
3  89.7382	2.258483e+00	1.283494e-01	6.859162e-01	2.921439e+00	8.735588e-01	2.001019e+00	3.647887e-01	2.151329e+00	1.512787e+00	1.897293e+00	9.101333e-01	1.959090e+00	1.245278e+00	3.221774e-01	1.856799e+00	7.696311e-01	
4  90.2562	2.280268e+00	1.341030e-01	6.855320e-01	2.918368e+00	8.312781e-01	1.942973e+00	3.017382e-01	2.102954e+00	1.428606e+00	1.852095e+00	8.086055e-01	1.908909e+00	1.167963e+00	3.352450e-01	1.851105e+00	7.754363e-01	
4  90.5003	2.280268e+00	1.341030e-01	6.855320e-01	2.918368e+00	8.312781e-01	1.946556e+00	3.423863e-01	2.061069e+00	9.855960e-01	1.839028e+00	7.792283e-01	1.895737e+00	1.209900e+00	3.352450e-01	1.851105e+00	7.754363e-01	
2  90.9805	2.280268e+00	1.341030e-01	6.855320e-01	2.918368e+00	8.312781e-01	1.925794e+00	1.399533e-01	2.004528e+00	5.392741e-01	1.866827e+00	6.916608e-01	1.888218e+00	1.435780e+00	3.352450e-01	1.851105e+00	7.754363e-01	
6  90.8224	2.280268e+00	1.341030e-01	6.855320e-01	2.918368e+00	8.312781e-01	1.907415e+00	8.079472e-02	2.045143e+00	7.700898e-01	1.831554e+00	5.338804e-01	1.898559e+00	1.472804e+00	3.352450e-01	1.851105e+00	7.754363e-01	
20  89.8579	2.273245e+00	1.346715e-01	7.007641e-01	2.827230e+00	8.784396e-01	2.067106e+00	4.759837e-01	2.145345e+00	9.282885e-01	1.935493e+00	7.404895e-01	1.990755e+00	1.501848e+00	3.218442e-01	1.689859e+00	7.600052e-01	
1  90.0802	2.273245e+00	1.346715e-01	7.007641e-01	2.827230e+00	8.784396e-01	2.052756e+00	3.645259e-01	2.113810e+00	9.396186e-01	1.952311e+00	9.621443e-01	2.001032e+00	1.404674e+00	3.218442e-01	1.689859e+00	7.600052e-01	
6  90.3269	2.273245e+00	1.346715e-01	7.007641e-01	2.827230e+00	8.784396e-01	2.093492e+00	6.770634e-01	2.131209e+00	1.187175e+00	1.975271e+00	7.471267e-01	1.992689e+00	1.522130e+00	3.218442e-01	1.689859e+00	7.600052e-01	
4  90.5706	2.273245e+00	1.346715e-01	7.007641e-01	2.827230e+00	8.784396e-01	2.122352e+00	8.573645e-01	2.158958e+00	1.345442e+00	1.942218e+00	8.036025e-01	1.946083e+00	1.154358e+00	3.218442e-01	1.689859e+00	7.600052e-01	
1  90.7827	2.273245e+00	1.346715e-01	7.007641e-01	2.827230e+00	8.784396e-01	2.132375e+00	9.263377e-01	2.144340e+00	1.527748e+00	1.978519e+00	1.043723e+00	1.959124e+00	1.091680e+00	3.218442e-01	1.689859e+00	7.600052e-01	
1  91.931	2.273245e+00	1.346715e-01	7.007641e-01	2.827230e+00	8.784396e-01	2.104869e+00	1.022601e+00	2.100235e+00	8.641861e-01	1.984221e+00	9.907045e-01	1.980722e+00	1.566040e+00	3.218442e-01	1.689859e+00	7.600052e-01	
6  90.9018	2.273245e+00	1.346715e-01	7.007641e-01	2.827230e+00	8.784396e-01	2.077794e+00	7.522848e-01	2.077954e+00	6.915076e-01	1.997111e+00	1.032221e+00	1.947378e+00	1.103067e+00	3.218442e-01	1.689859e+00	7.600052e-01	
6  89.0758	2.144327e+00	1.212722e-01	6.706769e-01	2.975010e+00	9.264072e-01	2.007804e+00	5.444291e-01	2.041003e+00	6.093854e-01	1.962619e+00	1.016390e+00	1.901633e+00	9.362608e-01	3.187132e-01	1.958982e+00	7.816226e-01	
2  91.1332	2.144327e+00	1.212722e-01	6.706769e-01	2.975010e+00	9.264072e-01	1.977084e+00	4.849277e-01	2.027104e+00	5.514569e-01	1.919863e+00	7.333274e-01	1.906257e+00	9.678063e-01	3.187132e-01	1.958982e+00	7.816226e-01	
3  89.9016	2.144327e+00	1.212722e-01	6.706769e-01	2.975010e+00	9.264072e-01	2.051497e+00	8.762668e-01	2.055828e+00	9.591365e-01	1.946695e+00	9.137631e-01	1.931958e+00	1.072955e+00	3.187132e-01	1.958982e+00	7.816226e-01	
2  93.5115	2.233816e+00	1.287211e-01	6.772760e-01	2.814541e+00	9.384966e-01	2.282874e+00	1.457177e+00	2.202914e+00	1.091039e+00	2.098988e+00	1.168341e+00	2.050877e+00	1.040240e+00	3.307227e-01	1.668552e+00	7.482758e-01	
2  94.5391	2.374186e+00	1.098892e-01	6.827672e-01	3.197982e+00	1.008035e+00	1.896789e+00	7.317984e-01	1.906264e+00	8.931044e-01	1.814726e+00	7.881522e-01	1.840810e+00	1.567407e+00	2.880386e-01	2.448307e+00	8.326077e-01	
8  93.6075	2.374186e+00	1.098892e-01	6.827672e-01	3.197982e+00	1.008035e+00	1.881143e+00	5.872070e-01	1.868989e+00	5.098462e-01	1.843232e+00	9.374017e-01	1.822708e+00	1.870487e+00	2.880386e-01	2.448307e+00	8.326077e-01	
3  94.0715	2.196706e+00	1.057537e-01	6.603365e-01	3.178645e+00	1.025541e+00	1.958066e+00	6.770442e-01	1.940501e+00	5.254127e-01	1.912697e+00	1.057706e+00	1.858332e+00	1.540353e+00	2.943850e-01	2.401420e+00	8.149642e-01	
18  93.626	2.210552e+00	1.082796e-01	6.650001e-01	3.159483e+00	1.019616e+00	1.965879e+00	7.373137e-01	1.938802e+00	5.267445e-01	1.913516e+00	1.057330e+00	1.856171e+00	1.531252e+00	2.962954e-01	2.355841e+00	8.185462e-01	
3  93.9841	2.210552e+00	1.082796e-01	6.650001e-01	3.159483e+00	1.019616e+00	1.972833e+00	8.103803e-01	1.978491e+00	8.921389e-01	1.917973e+00	1.042188e+00	1.849890e+00	1.499029e+00	2.962954e-01	2.355841e+00	8.185462e-01	
4  92.094	2.210552e+00	1.082796e-01	6.650001e-01	3.159483e+00	1.019616e+00	1.926445e+00	5.362978e-01	1.977483e+00	6.698032e-01	1.926005e+00	1.103958e+00	1.866783e+00	1.482847e+00	2.962954e-01	2.355841e+00	8.185462e-01	
11  90.3135	2.126227e+00	1.161276e-01	6.645533e-01	3.118329e+00	9.313124e-01	1.826792e+00	2.210195e-01	1.929827e+00	5.877703e-01	1.866588e+00	9.290150e-01	1.816125e+00	1.334243e+00	3.125550e-01	2.260857e+00	8.181609e-01	
1  91.3947	2.175000e+00	1.291328e-01	6.956032e-01	2.954736e+00	8.514948e-01	1.849731e+00	1.496156e-01	1.964474e+00	6.853822e-01	1.883104e+00	8.758212e-01	1.866052e+00	1.519212e+00	3.131603e-01	1.919665e+00	7.862782e-01	
5  91.1413	2.255246e+00	1.305139e-01	6.967084e-01	2.922435e+00	8.969717e-01	1.977566e+00	6.201846e-01	2.020035e+00	7.268805e-01	1.955796e+00	1.043513e+00	1.905327e+00	1.473929e+00	3.166660e-01	1.858649e+00	7.876603e-01	
8  89.2018	2.255246e+00	1.305139e-01	6.967084e-01	2.922435e+00	8.969717e-01	1.991985e+00	5.287564e-01	2.056388e+00	1.078002e+00	1.961132e+00	1.329247e+00	1.979429e+00	1.691915e+00	3.166660e-01	1.858649e+00	7.876603e-01	
1  90.564	2.379237e+00	1.221671e-01	6.907886e-01	3.144850e+00	9.487158e-01	1.816588e+00	3.894174e-01	1.890895e+00	9.101376e-01	1.818623e+00	1.168091e+00	1.843830e+00	1.835555e+00	3.072235e-01	2.321618e+00	8.516485e-01	
1  92.9197	2.407262e+00	1.315905e-01	6.940949e-01	3.125718e+00	9.397098e-01	1.828973e+00	7.573753e-01	1.846628e+00	8.119763e-01	1.800935e+00	1.161085e+00	1.779231e+00	1.559306e+00	3.244452e-01	2.277624e+00	8.800527e-01	
1  91.1541	2.287996e+00	1.290038e-01	6.800804e-01	3.049820e+00	9.397490e-01	1.940611e+00	7.902521e-01	1.961661e+00	9.022780e-01	1.900976e+00	1.302480e+00	1.868459e+00	1.422912e+00	3.297833e-01	2.111155e+00	8.405323e-01	
9  91.5288	2.287996e+00	1.290038e-01	6.800804e-01	3.049820e+00	9.397490e-01	1.929357e+00	7.165659e-01	2.023468e+00	1.458945e+00	1.923627e+00	1.283153e+00	1.831612e+00	1.182331e+00	3.297833e-01	2.111155e+00	8.405323e-01	
2  91.8883	2.444220e+00	1.404124e-01	7.070193e-01	2.919289e+00	9.074675e-01	2.013293e+00	9.666353e-01	2.067251e+00	1.543954e+00	1.967005e+00	1.326913e+00	1.884134e+00	1.381269e+00	3.310794e-01	1.852810e+00	8.168217e-01	
1  92.3307	2.384889e+00	1.314386e-01	6.772042e-01	2.878783e+00	9.071348e-01	2.120919e+00	7.814942e-01	2.212400e+00	1.642832e+00	2.082241e+00	1.473920e+00	2.009425e+00	1.426739e+00	3.400125e-01	1.779261e+00	7.645265e-01	
1  91.5908	2.427623e+00	1.440488e-01	7.043288e-01	2.890015e+00	8.506817e-01	1.963475e+00	7.243857e-01	2.056977e+00	1.511773e+00	1.943664e+00	1.231400e+00	1.875062e+00	1.379045e+00	3.406093e-01	1.799358e+00	7.994612e-01	
15  92.2751	2.427623e+00	1.440488e-01	7.043288e-01	2.890015e+00	8.506817e-01	1.922550e+00	4.184344e-01	2.094273e+00	1.490336e+00	1.896899e+00	7.561749e-01	1.828098e+00	1.007020e+00	3.406093e-01	1.799358e+00	7.994612e-01	
2  91.8317	2.427623e+00	1.440488e-01	7.043288e-01	2.890015e+00	8.506817e-01	1.942476e+00	5.134891e-01	2.094289e+00	1.316598e+00	1.894327e+00	7.399331e-01	1.812302e+00	7.288945e-01	3.406093e-01	1.799358e+00	7.994612e-01	
2  93.0843	2.427623e+00	1.440488e-01	7.043288e-01	2.890015e+00	8.506817e-01	1.898273e+00	2.122702e-01	2.083497e+00	1.220964e+00	1.879741e+00	6.678320e-01	1.832458e+00	1.094751e+00	3.406093e-01	1.799358e+00	7.994612e-01	
20  90.1463	2.427623e+00	1.440488e-01	7.043288e-01	2.890015e+00	8.506817e-01	1.934479e+00	3.361724e-01	2.080550e+00	1.211703e+00	1.894900e+00	8.776678e-01	1.867675e+00	1.184738e+00	3.406093e-01	1.799358e+00	7.994612e-01	
5  91.5388	2.427623e+00	1.440488e-01	7.043288e-01	2.890015e+00	8.506817e-01	1.968825e+00	4.625365e-01	2.061624e+00	1.251063e+00	1.868250e+00	7.084568e-01	1.869270e+00	7.013611e-01	3.406093e-01	1.799358e+00	7.994612e-01	
1  91.3163	2.427623e+00	1.440488e-01	7.043288e-01	2.890015e+00	8.506817e-01	1.986872e+00	6.204560e-01	1.996217e+00	6.177189e-01	1.955303e+00	1.348161e+00	1.860893e+00	7.722108e-01	3.406093e-01	1.799358e+00	7.994612e-01	
1  92.5617	2.427623e+00	1.440488e-01	7.043288e-01	2.890015e+00	8.506817e-01	1.966372e+00	3.520588e-01	1.993498e+00	6.442079e-01	1.920938e+00	1.034135e+00	1.865048e+00	1.225166e+00	3.406093e-01	1.799358e+00	7.994612e-01	
11  93.718	2.427623e+00	1.440488e-01	7.043288e-01	2.890015e+00	8.506817e-01	1.971212e+00	3.607163e-01	1.987967e+00	5.633867e-01	1.925574e+00	1.286837e+00	1.795144e+00	7.284777e-01	3.406093e-01	1.799358e+00	7.994612e-01	
1  94.5333	2.427623e+00	1.440488e-01	7.043288e-01	2.890015e+00	8.506817e-01	1.996356e+00	6.200506e-01	2.027144e+00	6.851969e-01	1.926022e+00	1.091666e+00	1.786581e+00	9.903178e-01	3.406093e-01	1.799358e+00	7.994612e-01	
4  94.78	2.427623e+00	1.440488e-01	7.043288e-01	2.890015e+00	8.506817e-01	1.977016e+00	3.570878e-01	1.981089e+00	6.695489e-01	1.896022e+00	1.023855e+00	1.803519e+00	9.866176e-01	3.406093e-01	1.799358e+00	7.994612e-01	
3  95.6599	2.392129e+00	1.567101e-01	7.080382e-01	2.706791e+00	7.893164e-01	2.107214e+00	6.099960e-01	2.081180e+00	7.257181e-01	1.989965e+00	1.117480e+00	1.871248e+00	7.732494e-01	3.615979e-01	1.498113e+00	7.502120e-01	
2  96.6258	2.392129e+00	1.567101e-01	7.080382e-01	2.706791e+00	7.893164e-01	2.107906e+00	6.690205e-01	2.132370e+00	1.303656e+00	1.990990e+00	7.574043e-01	1.827328e+00	1.806338e-01	3.615979e-01	1.498113e+00	7.502120e-01	
3  95.8303	2.392129e+00	1.567101e-01	7.080382e-01	2.706791e+00	7.893164e-01	2.144205e+00	1.002662e+00	2.223788e+00	1.885677e+00	2.001909e+00	7.457482e-01	1.882814e+00	6.127077e-01	3.615979e-01	1.498113e+00	7.502120e-01	
1  97.8252	2.392129e+00	1.567101e-01	7.080382e-01	2.706791e+00	7.893164e-01	2.133283e+00	8.647147e-01	2.242340e+00	1.904543e+00	1.992333e+00	6.501292e-01	1.881458e+00	7.495395e-01	3.615979e-01	1.498113e+00	7.502120e-01	
2  94.2995	2.392129e+00	1.567101e-01	7.080382e-01	2.706791e+00	7.893164e-01	2.180198e+00	1.293318e+00	2.231957e+00	1.578195e+00	2.012338e+00	1.041063e+00	1.908837e+00	8.120987e-01	3.615979e-01	1.498113e+00	7.502120e-01	
6  95.9668	2.414350e+00	1.432754e-01	6.966716e-01	2.784220e+00	8.063691e-01	2.129686e+00	8.072646e-01	2.254309e+00	1.641979e+00	2.006719e+00	1.014891e+00	1.959337e+00	1.184998e+00	3.462708e-01	1.618719e+00	7.420969e-01	
2  93.8954	2.414350e+00	1.432754e-01	6.966716e-01	2.784220e+00	8.063691e-01	2.046164e+00	1.847345e-01	2.249121e+00	1.458673e+00	1.984807e+00	8.958875e-01	1.981682e+00	1.149085e+00	3.462708e-01	1.618719e+00	7.420969e-01	
1  91.4476	2.414350e+00	1.432754e-01	6.966716e-01	2.784220e+00	8.063691e-01	2.085127e+00	4.983068e-01	2.129995e+00	1.104360e+00	2.032217e+00	1.339805e+00	1.910866e+00	6.731603e-01	3.462708e-01	1.618719e+00	7.420969e-01	
11  92.0412	2.414350e+00	1.432754e-01	6.966716e-01	2.784220e+00	8.063691e-01	2.052183e+00	2.714285e-01	2.072121e+00	5.151116e-01	2.067990e+00	1.504088e+00	1.949717e+00	9.861094e-01	3.462708e-01	1.618719e+00	7.420969e-01	
1  92.4579	2.414350e+00	1.432754e-01	6.966716e-01	2.784220e+00	8.063691e-01	2.070142e+00	4.651705e-01	2.108950e+00	1.113328e+00	2.058004e+00	1.403542e+00	1.965651e+00	9.325789e-01	3.462708e-01	1.618719e+00	7.420969e-01	
4  94.0942	2.414350e+00	1.432754e-01	6.966716e-01	2.784220e+00	8.063691e-01	2.116617e+00	8.089288e-01	2.145279e+00	1.578715e+00	2.057902e+00	1.656824e+00	2.012610e+00	1.103869e+00	3.462708e-01	1.618719e+00	7.420969e-01	
6  94.0836	2.414350e+00	1.432754e-01	6.966716e-01	2.784220e+00	8.063691e-01	2.130216e+00	7.632269e-01	2.178058e+00	1.805774e+00	2.029342e+00	1.468829e+00	2.002969e+00	8.751048e-01	3.462708e-01	1.618719e+00	7.420969e-01	
3  93.8445	2.414350e+00	1.432754e-01	6.966716e-01	2.784220e+00	8.063691e-01	2.103610e+00	7.534257e-01	2.198676e+00	2.063749e+00	2.030274e+00	1.462505e+00	1.948831e+00	7.029595e-01	3.462708e-01	1.618719e+00	7.420969e-01	
3  96.01	2.414350e+00	1.432754e-01	6.966716e-01	2.784220e+00	8.063691e-01	2.151863e+00	9.414470e-01	2.168949e+00	1.761675e+00	2.077585e+00	1.773782e+00	1.942502e+00	7.878379e-01	3.462708e-01	1.618719e+00	7.420969e-01	
2  95.8441	2.414350e+00	1.432754e-01	6.966716e-01	2.784220e+00	8.063691e-01	2.120594e+00	8.679397e-01	2.149014e+00	1.439786e+00	2.086384e+00	1.813206e+00	1.907857e+00	6.795770e-01	3.462708e-01	1.618719e+00	7.420969e-01	
2  97.9044	2.327697e+00	1.478978e-01	6.942439e-01	2.890744e+00	7.905543e-01	1.951267e+00	8.462382e-01	1.979845e+00	1.219241e+00	1.945409e+00	1.608956e+00	1.732946e+00	3.081088e-01	3.564895e-01	1.800671e+00	7.967209e-01	
7  97.7237	2.366372e+00	1.486993e-01	7.134463e-01	2.926155e+00	7.743540e-01	1.839660e+00	5.923301e-01	1.900916e+00	1.209863e+00	1.862307e+00	1.462722e+00	1.687868e+00	5.284173e-01	3.398923e-01	1.865577e+00	8.107030e-01	
1  97.0057	2.366372e+00	1.486993e-01	7.134463e-01	2.926155e+00	7.743540e-01	1.847001e+00	5.193242e-01	1.911344e+00	1.672062e+00	1.867259e+00	1.577175e+00	1.745729e+00	7.659311e-01	3.398923e-01	1.865577e+00	8.107030e-01	
7  94.6013	2.366372e+00	1.486993e-01	7.134463e-01	2.926155e+00	7.743540e-01	1.840191e+00	4.174825e-01	1.963398e+00	1.951554e+00	1.814512e+00	1.165193e+00	1.767162e+00	1.036771e+00	3.398923e-01	1.865577e+00	8.107030e-01	
5  94.7955	2.395376e+00	1.350785e-01	6.978402e-01	3.112072e+00	8.488617e-01	1.754694e+00	3.029794e-01	1.889204e+00	1.877572e+00	1.751981e+00	1.135930e+00	1.708292e+00	1.129944e+00	3.278905e-01	2.246755e+00	8.593970e-01	
1  97.6862	2.395376e+00	1.350785e-01	6.978402e-01	3.112072e+00	8.488617e-01	1.790499e+00	6.189673e-01	1.891684e+00	2.027234e+00	1.760714e+00	1.134102e+00	1.710643e+00	1.189576e+00	3.278905e-01	2.246755e+00	8.593970e-01	
2  96.3083	2.395376e+00	1.350785e-01	6.978402e-01	3.112072e+00	8.488617e-01	1.773159e+00	7.168945e-01	1.844246e+00	1.459407e+00	1.725881e+00	7.693271e-01	1.731950e+00	1.521142e+00	3.278905e-01	2.246755e+00	8.593970e-01	
4  99.767	2.395376e+00	1.350785e-01	6.978402e-01	3.112072e+00	8.488617e-01	1.751093e+00	6.737296e-01	1.847697e+00	1.204526e+00	1.759942e+00	8.245646e-01	1.729789e+00	1.834622e+00	3.278905e-01	2.246755e+00	8.593970e-01	
1  95.4775	2.297414e+00	1.361057e-01	6.968054e-01	2.914836e+00	8.222331e-01	1.951181e+00	7.009317e-01	2.054862e+00	1.431803e+00	1.932768e+00	1.040369e+00	1.915179e+00	1.871840e+00	3.289630e-01	1.844580e+00	7.798515e-01	
1  92.9039	2.300781e+00	1.344130e-01	6.937285e-01	2.672518e+00	8.847202e-01	2.375994e+00	1.397753e+00	2.384758e+00	1.777357e+00	2.246795e+00	1.567072e+00	2.200120e+00	1.911039e+00	3.284403e-01	1.447638e+00	7.013221e-01	
1  93.6515	2.300781e+00	1.344130e-01	6.937285e-01	2.672518e+00	8.847202e-01	2.324531e+00	1.122500e+00	2.331264e+00	1.376714e+00	2.240446e+00	1.362025e+00	2.199878e+00	1.941873e+00	3.284403e-01	1.447638e+00	7.013221e-01	
5  94.236	2.300781e+00	1.344130e-01	6.937285e-01	2.672518e+00	8.847202e-01	2.252252e+00	6.115120e-01	2.360887e+00	1.257642e+00	2.276052e+00	1.540096e+00	2.198142e+00	1.975323e+00	3.284403e-01	1.447638e+00	7.013221e-01	
4  94.5054	2.300781e+00	1.344130e-01	6.937285e-01	2.672518e+00	8.847202e-01	2.224158e+00	3.131425e-01	2.402535e+00	1.335382e+00	2.236802e+00	1.366069e+00	2.220322e+00	2.344802e+00	3.284403e-01	1.447638e+00	7.013221e-01	
8  95.3406	2.189562e+00	1.325097e-01	6.798538e-01	2.775306e+00	8.739726e-01	2.087193e+00	1.063859e-01	2.297071e+00	1.181397e+00	2.140687e+00	1.215640e+00	2.109797e+00	2.090497e+00	3.354588e-01	1.604353e+00	7.319455e-01	
3  96.3828	2.189562e+00	1.325097e-01	6.798538e-01	2.775306e+00	8.739726e-01	2.109600e+00	2.184585e-01	2.337353e+00	1.295630e+00	2.130921e+00	1.318444e+00	2.092574e+00	2.136875e+00	3.354588e-01	1.604353e+00	7.319455e-01	
3  96.5814	2.302183e+00	1.478989e-01	7.047234e-01	2.769143e+00	7.731575e-01	1.919281e+00	-2.050964e-02	2.177278e+00	1.139726e+00	1.976810e+00	1.004009e+00	1.960312e+00	2.205027e+00	3.454547e-01	1.594496e+00	7.484383e-01	
4  95.8209	2.435500e+00	1.497786e-01	7.140153e-01	2.753482e+00	8.147511e-01	2.008294e+00	3.784089e-01	2.201674e+00	1.176695e+00	2.018009e+00	1.119100e+00	1.983853e+00	2.289979e+00	3.428238e-01	1.569720e+00	7.550332e-01	
2  95.2338	2.435500e+00	1.497786e-01	7.140153e-01	2.753482e+00	8.147511e-01	2.000505e+00	3.185786e-01	2.114750e+00	6.034270e-01	2.063476e+00	1.569811e+00	2.002761e+00	2.111385e+00	3.428238e-01	1.569720e+00	7.550332e-01	
6  93.2898	2.435500e+00	1.497786e-01	7.140153e-01	2.753482e+00	8.147511e-01	1.941296e+00	-2.737735e-02	2.120481e+00	6.849972e-01	1.987928e+00	1.049218e+00	2.010755e+00	1.784331e+00	3.428238e-01	1.569720e+00	7.550332e-01	
9  92.8917	2.449330e+00	1.451808e-01	7.148236e-01	2.666664e+00	8.319291e-01	2.079838e+00	-1.600590e-02	2.260991e+00	8.695259e-01	2.105371e+00	1.223429e+00	2.151798e+00	2.014944e+00	3.333215e-01	1.439188e+00	7.141885e-01	
10  94.5838	2.449330e+00	1.451808e-01	7.148236e-01	2.666664e+00	8.319291e-01	2.110603e+00	2.895635e-01	2.283925e+00	9.231939e-01	2.096294e+00	1.258594e+00	2.092692e+00	1.959082e+00	3.333215e-01	1.439188e+00	7.141885e-01	
4  92.9616	2.449330e+00	1.451808e-01	7.148236e-01	2.666664e+00	8.319291e-01	2.132046e+00	9.259631e-02	2.347180e+00	1.652217e+00	2.128716e+00	1.378690e+00	2.120815e+00	2.176886e+00	3.333215e-01	1.439188e+00	7.141885e-01	
3  92.0728	2.449330e+00	1.451808e-01	7.148236e-01	2.666664e+00	8.319291e-01	2.143561e+00	2.120113e-01	2.320380e+00	1.624742e+00	2.163719e+00	1.389882e+00	2.051607e+00	1.735595e+00	3.333215e-01	1.439188e+00	7.141885e-01	
4  93.4139	2.393792e+00	1.353967e-01	7.041521e-01	2.724118e+00	8.875364e-01	2.171342e+00	2.079752e-01	2.348998e+00	1.666413e+00	2.191379e+00	1.475780e+00	2.078534e+00	1.747678e+00	3.226483e-01	1.524297e+00	7.209691e-01	
2  92.62	2.393792e+00	1.353967e-01	7.041521e-01	2.724118e+00	8.875364e-01	2.184081e+00	3.982555e-01	2.369137e+00	1.613920e+00	2.158438e+00	1.436162e+00	2.107224e+00	2.191225e+00	3.226483e-01	1.524297e+00	7.209691e-01	
1  93.4013	2.393792e+00	1.353967e-01	7.041521e-01	2.724118e+00	8.875364e-01	2.190180e+00	4.498274e-01	2.291784e+00	1.109812e+00	2.213770e+00	1.837370e+00	2.064328e+00	1.969461e+00	3.226483e-01	1.524297e+00	7.209691e-01	
2  92.7806	2.393792e+00	1.353967e-01	7.041521e-01	2.724118e+00	8.875364e-01	2.207128e+00	7.714705e-01	2.277767e+00	1.156913e+00	2.120898e+00	1.005486e+00	2.053818e+00	1.714523e+00	3.226483e-01	1.524297e+00	7.209691e-01	
2  90.7641	2.393792e+00	1.353967e-01	7.041521e-01	2.724118e+00	8.875364e-01	2.234100e+00	8.077845e-01	2.280944e+00	1.299385e+00	2.179636e+00	1.444340e+00	2.124771e+00	1.904759e+00	3.226483e-01	1.524297e+00	7.209691e-01	
7  90.4912	2.267744e+00	1.282551e-01	6.917580e-01	2.749455e+00	8.776308e-01	2.190073e+00	4.316977e-01	2.298020e+00	1.322662e+00	2.175692e+00	1.408122e+00	2.144739e+00	1.914946e+00	3.167555e-01	1.563410e+00	7.077030e-01	
2  94.1759	2.267744e+00	1.282551e-01	6.917580e-01	2.749455e+00	8.776308e-01	2.181077e+00	4.508633e-01	2.293761e+00	1.327619e+00	2.179154e+00	1.732237e+00	2.208301e+00	2.190482e+00	3.167555e-01	1.563410e+00	7.077030e-01	
5  94.7018	2.267744e+00	1.282551e-01	6.917580e-01	2.749455e+00	8.776308e-01	2.220369e+00	4.927931e-01	2.340636e+00	2.121686e+00	2.155909e+00	1.541489e+00	2.214064e+00	2.120900e+00	3.167555e-01	1.563410e+00	7.077030e-01	
3  92.9025	2.287274e+00	1.402083e-01	7.019364e-01	2.667957e+00	8.636055e-01	2.289516e+00	9.541502e-01	2.340486e+00	2.085116e+00	2.178615e+00	1.591040e+00	2.189765e+00	1.852973e+00	3.322920e-01	1.441050e+00	7.143762e-01	
1  92.4804	2.442585e+00	1.432556e-01	7.056467e-01	2.797583e+00	8.367604e-01	2.093950e+00	7.480983e-01	2.167191e+00	1.889967e+00	2.021272e+00	1.337735e+00	2.044671e+00	1.970724e+00	3.380458e-01	1.640494e+00	7.562423e-01	
3  90.9058	2.442585e+00	1.432556e-01	7.056467e-01	2.797583e+00	8.367604e-01	2.059549e+00	4.345279e-01	2.173943e+00	1.587148e+00	2.037701e+00	1.331078e+00	2.029323e+00	1.963442e+00	3.380458e-01	1.640494e+00	7.562423e-01	
1  92.7805	2.442585e+00	1.432556e-01	7.056467e-01	2.797583e+00	8.367604e-01	2.106465e+00	7.904358e-01	2.173734e+00	1.660298e+00	1.990434e+00	1.408332e+00	2.040359e+00	1.963104e+00	3.380458e-01	1.640494e+00	7.562423e-01	
1  93.1379	2.442585e+00	1.432556e-01	7.056467e-01	2.797583e+00	8.367604e-01	2.077461e+00	7.845158e-01	2.165998e+00	1.801255e+00	1.971254e+00	1.244230e+00	2.045957e+00	1.759449e+00	3.380458e-01	1.640494e+00	7.562423e-01	
2  92.6156	2.442585e+00	1.432556e-01	7.056467e-01	2.797583e+00	8.367604e-01	2.045815e+00	4.615626e-01	2.163415e+00	1.975092e+00	1.959476e+00	1.298222e+00	1.998104e+00	1.472059e+00	3.380458e-01	1.640494e+00	7.562423e-01	
3  92.0946	2.442585e+00	1.432556e-01	7.056467e-01	2.797583e+00	8.367604e-01	2.051422e+00	6.065247e-01	2.125794e+00	1.476806e+00	1.995112e+00	1.506160e+00	1.962554e+00	1.203063e+00	3.380458e-01	1.640494e+00	7.562423e-01	
5  92.4832	2.411071e+00	1.428761e-01	6.956911e-01	2.825321e+00	8.190873e-01	2.004543e+00	4.801933e-01	2.099603e+00	1.414721e+00	1.967643e+00	1.446799e+00	1.931582e+00	1.115677e+00	3.463549e-01	1.686635e+00	7.598763e-01	
2  91.2128	2.411071e+00	1.428761e-01	6.956911e-01	2.825321e+00	8.190873e-01	1.994284e+00	3.911939e-01	2.117557e+00	1.340034e+00	1.958679e+00	1.246614e+00	1.897690e+00	1.012510e+00	3.463549e-01	1.686635e+00	7.598763e-01	
2  93.8874	2.411071e+00	1.428761e-01	6.956911e-01	2.825321e+00	8.190873e-01	2.030101e+00	5.348390e-01	2.110956e+00	1.311268e+00	2.029506e+00	1.699605e+00	1.886617e+00	1.294897e+00	3.463549e-01	1.686635e+00	7.598763e-01	
3  92.6134	2.411071e+00	1.428761e-01	6.956911e-01	2.825321e+00	8.190873e-01	1.997347e+00	4.861617e-01	2.142060e+00	1.601538e+00	2.028323e+00	1.674779e+00	1.915653e+00	1.070783e+00	3.463549e-01	1.686635e+00	7.598763e-01	
1  92.8034	2.455472e+00	1.340121e-01	6.818104e-01	2.976407e+00	8.291923e-01	1.851890e+00	1.015602e-01	2.050579e+00	1.499178e+00	1.933933e+00	1.529163e+00	1.847140e+00	1.229709e+00	3.424882e-01	1.961721e+00	7.861211e-01	
6  94.3291	2.449010e+00	1.401594e-01	6.901559e-01	3.036707e+00	7.995605e-01	1.707712e+00	2.832006e-02	1.913191e+00	1.348679e+00	1.813734e+00	1.335544e+00	1.718398e+00	1.087287e+00	3.470256e-01	2.083652e+00	8.254429e-01	
4  95.45	2.449010e+00	1.401594e-01	6.901559e-01	3.036707e+00	7.995605e-01	1.674437e+00	-1.204004e-01	1.915839e+00	1.048025e+00	1.827486e+00	1.384524e+00	1.791511e+00	1.725424e+00	3.470256e-01	2.083652e+00	8.254429e-01	
2  94.926	2.449010e+00	1.401594e-01	6.901559e-01	3.036707e+00	7.995605e-01	1.711124e+00	1.478998e-02	1.943606e+00	1.399946e+00	1.823332e+00	1.519561e+00	1.781926e+00	1.668857e+00	3.470256e-01	2.083652e+00	8.254429e-01	
6  92.9511	2.220955e+00	1.367337e-01	6.973871e-01	2.958990e+00	8.628601e-01	1.862217e+00	3.551307e-01	2.048101e+00	1.561141e+00	1.931120e+00	1.745843e+00	1.861652e+00	1.408844e+00	3.281337e-01	1.927849e+00	8.166605e-01	
6  95.1867	2.220955e+00	1.367337e-01	6.973871e-01	2.958990e+00	8.628601e-01	1.859355e+00	2.319694e-01	2.024812e+00	1.277556e+00	1.939289e+00	1.893173e+00	1.884142e+00	1.764780e+00	3.281337e-01	1.927849e+00	8.166605e-01	
3  95.0716	2.268779e+00	1.492594e-01	7.104331e-01	2.724004e+00	7.898783e-01	2.028372e+00	3.899477e-01	2.177522e+00	1.431375e+00	2.069198e+00	2.016967e+00	2.020756e+00	1.838009e+00	3.419579e-01	1.524122e+00	7.432565e-01	
9  94.3997	2.256244e+00	1.421888e-01	6.960352e-01	2.813839e+00	8.019882e-01	1.959318e+00	1.616139e-01	2.142392e+00	1.378275e+00	2.030502e+00	1.960421e+00	1.992111e+00	1.875689e+00	3.413980e-01	1.667381e+00	7.570852e-01	
1  91.7364	2.256244e+00	1.421888e-01	6.960352e-01	2.813839e+00	8.019882e-01	1.894939e+00	-6.959843e-02	2.100056e+00	1.444225e+00	1.978445e+00	1.433849e+00	1.951244e+00	1.288858e+00	3.413980e-01	1.667381e+00	7.570852e-01	
2  91.0936	2.169344e+00	1.329133e-01	6.755488e-01	2.862147e+00	8.447662e-01	1.932009e+00	-8.241902e-02	2.142333e+00	1.460924e+00	2.018201e+00	1.526210e+00	1.979212e+00	1.191532e+00	3.401892e-01	1.749905e+00	7.577354e-01	
4  90.7919	2.293914e+00	1.367901e-01	6.856528e-01	2.834919e+00	8.229401e-01	1.929161e+00	-9.619324e-02	2.138878e+00	1.473639e+00	2.011366e+00	1.494523e+00	1.989936e+00	1.392094e+00	3.411331e-01	1.702902e+00	7.494903e-01	
4  90.7983	2.293914e+00	1.367901e-01	6.856528e-01	2.834919e+00	8.229401e-01	1.920247e+00	-5.920099e-02	2.151010e+00	1.333789e+00	2.008957e+00	1.312679e+00	1.966484e+00	1.348162e+00	3.411331e-01	1.702902e+00	7.494903e-01	
2  90.2648	2.293914e+00	1.367901e-01	6.856528e-01	2.834919e+00	8.229401e-01	1.949225e+00	-6.053992e-02	2.150274e+00	1.298659e+00	1.981119e+00	1.230835e+00	2.012837e+00	1.478212e+00	3.411331e-01	1.702902e+00	7.494903e-01	
9  90.9917	2.293914e+00	1.367901e-01	6.856528e-01	2.834919e+00	8.229401e-01	1.936196e+00	7.207699e-02	2.096713e+00	8.215331e-01	1.991604e+00	1.064823e+00	1.951743e+00	9.967242e-01	3.411331e-01	1.702902e+00	7.494903e-01	
4  90.806	2.293914e+00	1.367901e-01	6.856528e-01	2.834919e+00	8.229401e-01	1.913571e+00	-1.409093e-01	2.148185e+00	1.084902e+00	1.959307e+00	9.121933e-01	1.999196e+00	1.472842e+00	3.411331e-01	1.702902e+00	7.494903e-01	
3  91.0286	2.293914e+00	1.367901e-01	6.856528e-01	2.834919e+00	8.229401e-01	1.910737e+00	-1.361970e-01	2.166536e+00	1.483666e+00	1.949670e+00	9.050748e-01	1.966325e+00	1.308498e+00	3.411331e-01	1.702902e+00	7.494903e-01	
14  91.2263	2.233071e+00	1.369521e-01	6.879993e-01	2.883489e+00	8.385882e-01	1.858659e+00	-7.998686e-02	2.103939e+00	1.421801e+00	1.901493e+00	8.576188e-01	1.902071e+00	1.149624e+00	3.378668e-01	1.787654e+00	7.769938e-01	
3  92.3919	2.143149e+00	1.268112e-01	6.807359e-01	2.785961e+00	8.510310e-01	2.002798e+00	-3.169218e-01	2.291995e+00	1.668077e+00	2.046555e+00	1.050790e+00	2.090383e+00	1.407600e+00	3.212913e-01	1.621540e+00	7.133439e-01	
9  92.713	2.143149e+00	1.268112e-01	6.807359e-01	2.785961e+00	8.510310e-01	2.046661e+00	4.570883e-02	2.281675e+00	2.021585e+00	2.071654e+00	8.130455e-01	2.085926e+00	1.396043e+00	3.212913e-01	1.621540e+00	7.133439e-01	
10  92.9093	2.172518e+00	1.182490e-01	6.615877e-01	2.945280e+00	8.718318e-01	1.918487e+00	-2.140511e-01	2.189241e+00	1.891910e+00	1.984608e+00	6.957155e-01	2.005093e+00	1.433723e+00	3.212677e-01	1.901599e+00	7.396362e-01	
5  91.3505	2.172518e+00	1.182490e-01	6.615877e-01	2.945280e+00	8.718318e-01	1.948691e+00	-1.309712e-02	2.159042e+00	1.925143e+00	1.990679e+00	9.632436e-01	2.003213e+00	1.360576e+00	3.212677e-01	1.901599e+00	7.396362e-01	
9  90.3173	2.070820e+00	1.148309e-01	6.596647e-01	2.939349e+00	8.967048e-01	1.984174e+00	2.915312e-02	2.190264e+00	1.972385e+00	2.020738e+00	1.029818e+00	2.026399e+00	1.264454e+00	3.129516e-01	1.890354e+00	7.360290e-01	
6  92.37	2.091362e+00	1.103936e-01	6.413779e-01	3.049328e+00	9.335328e-01	1.945768e+00	1.338205e-01	2.133955e+00	1.854046e+00	1.983980e+00	1.019356e+00	1.959703e+00	1.115022e+00	3.207641e-01	2.110116e+00	7.625092e-01	
1  92.1187	2.091362e+00	1.103936e-01	6.413779e-01	3.049328e+00	9.335328e-01	1.964989e+00	1.936012e-01	2.139784e+00	1.768841e+00	1.998716e+00	1.180863e+00	1.921010e+00	6.897840e-01	3.207641e-01	2.110116e+00	7.625092e-01	
8  94.4686	2.091362e+00	1.103936e-01	6.413779e-01	3.049328e+00	9.335328e-01	1.957479e+00	2.593201e-01	2.168192e+00	1.870532e+00	2.004681e+00	9.667147e-01	1.943653e+00	9.279088e-01	3.207641e-01	2.110116e+00	7.625092e-01	
11  91.9473	2.131619e+00	1.079626e-01	6.671428e-01	3.080412e+00	9.625345e-01	1.908974e+00	1.788916e-01	2.124433e+00	1.937723e+00	1.960835e+00	9.230399e-01	1.935850e+00	1.208143e+00	2.919094e-01	2.176736e+00	7.748438e-01	
8  93.042	2.231147e+00	1.062602e-01	6.694618e-01	3.126564e+00	9.502394e-01	1.837573e+00	-4.496406e-02	2.083153e+00	1.912964e+00	1.912997e+00	8.304043e-01	1.917745e+00	1.447028e+00	2.883129e-01	2.279551e+00	7.752095e-01	
6  92.9445	2.231147e+00	1.062602e-01	6.694618e-01	3.126564e+00	9.502394e-01	1.838416e+00	-1.342927e-01	2.072999e+00	1.843361e+00	1.968681e+00	1.280927e+00	1.918367e+00	1.492448e+00	2.883129e-01	2.279551e+00	7.752095e-01	
6  94.4648	2.136306e+00	1.016570e-01	6.484742e-01	3.072110e+00	9.921974e-01	2.010487e+00	1.719692e-01	2.206459e+00	1.926847e+00	2.101423e+00	1.520909e+00	2.012478e+00	1.266628e+00	2.940753e-01	2.158741e+00	7.445733e-01	
6  93.6815	2.136306e+00	1.016570e-01	6.484742e-01	3.072110e+00	9.921974e-01	2.018950e+00	1.792996e-01	2.191490e+00	1.973844e+00	2.080727e+00	1.477941e+00	2.018230e+00	1.311876e+00	2.940753e-01	2.158741e+00	7.445733e-01	
4  91.0161	2.165536e+00	1.071408e-01	6.648865e-01	3.033339e+00	9.728851e-01	2.006606e+00	2.122438e-01	2.172095e+00	1.987432e+00	2.062928e+00	1.437859e+00	2.008310e+00	1.365628e+00	2.928023e-01	2.076645e+00	7.531175e-01	
3  91.4652	2.228376e+00	1.271290e-01	6.957749e-01	2.911610e+00	8.883456e-01	1.974277e+00	3.877854e-01	2.111411e+00	1.932327e+00	2.013679e+00	1.308260e+00	1.949171e+00	1.263859e+00	3.099691e-01	1.838638e+00	7.696535e-01	
3  90.447	2.228376e+00	1.271290e-01	6.957749e-01	2.911610e+00	8.883456e-01	1.971113e+00	2.455622e-01	2.076227e+00	1.336992e+00	1.977112e+00	1.277740e+00	1.917969e+00	1.461893e+00	3.099691e-01	1.838638e+00	7.696535e-01	
1  89.4981	2.228376e+00	1.271290e-01	6.957749e-01	2.911610e+00	8.883456e-01	2.012399e+00	4.506484e-01	2.077519e+00	1.216818e+00	1.970777e+00	1.345052e+00	1.960774e+00	1.497838e+00	3.099691e-01	1.838638e+00	7.696535e-01	
2  89.6467	2.228376e+00	1.271290e-01	6.957749e-01	2.911610e+00	8.883456e-01	1.998526e+00	4.489470e-01	2.063062e+00	7.937068e-01	2.005167e+00	1.542550e+00	1.896386e+00	1.073372e+00	3.099691e-01	1.838638e+00	7.696535e-01	
5  89.277	2.270303e+00	1.143408e-01	6.776132e-01	3.075976e+00	9.489429e-01	1.926575e+00	3.032835e-01	2.008592e+00	7.281306e-01	1.957067e+00	1.519028e+00	1.854877e+00	1.186842e+00	2.998694e-01	2.167103e+00	7.920935e-01	
1  89.2742	2.270303e+00	1.143408e-01	6.776132e-01	3.075976e+00	9.489429e-01	1.871909e+00	6.593253e-02	2.056112e+00	1.076761e+00	1.909997e+00	1.290616e+00	1.879878e+00	1.435099e+00	2.998694e-01	2.167103e+00	7.920935e-01	
1  90.4526	2.270303e+00	1.143408e-01	6.776132e-01	3.075976e+00	9.489429e-01	1.847533e+00	-1.334243e-02	2.048930e+00	1.155436e+00	1.877399e+00	8.426512e-01	1.860308e+00	1.477751e+00	2.998694e-01	2.167103e+00	7.920935e-01	
5  92.1503	2.270303e+00	1.143408e-01	6.776132e-01	3.075976e+00	9.489429e-01	1.847770e+00	-1.552306e-01	2.065082e+00	1.326864e+00	1.930538e+00	1.250397e+00	1.858358e+00	1.244184e+00	2.998694e-01	2.167103e+00	7.920935e-01	
1  92.7853	2.270303e+00	1.143408e-01	6.776132e-01	3.075976e+00	9.489429e-01	1.817743e+00	-1.945090e-01	2.091861e+00	1.630253e+00	1.875899e+00	7.078777e-01	1.892982e+00	1.653284e+00	2.998694e-01	2.167103e+00	7.920935e-01	
3  90.912	2.293155e+00	1.207389e-01	6.863016e-01	2.868920e+00	9.406529e-01	2.060033e+00	1.955431e-01	2.282035e+00	1.833329e+00	2.052800e+00	9.665802e-01	2.058623e+00	1.683913e+00	3.063939e-01	1.761798e+00	7.380367e-01	
4  91.4425	2.280752e+00	1.193971e-01	6.880415e-01	2.847331e+00	9.373062e-01	2.075677e+00	1.144771e-01	2.310988e+00	1.882994e+00	2.072043e+00	9.843566e-01	2.091839e+00	1.763754e+00	3.017500e-01	1.724171e+00	7.251046e-01	
9  91.0001	2.280752e+00	1.193971e-01	6.880415e-01	2.847331e+00	9.373062e-01	2.107992e+00	2.190314e-01	2.318885e+00	2.128948e+00	2.071443e+00	8.124911e-01	2.082130e+00	1.220715e+00	3.017500e-01	1.724171e+00	7.251046e-01	
5  93.149	2.143473e+00	1.235663e-01	6.891351e-01	2.771513e+00	9.294843e-01	2.172308e+00	3.963294e-01	2.361573e+00	2.159282e+00	2.116838e+00	8.820813e-01	2.100217e+00	9.402697e-01	3.066812e-01	1.598279e+00	7.194488e-01	
2  91.3009	2.143473e+00	1.235663e-01	6.891351e-01	2.771513e+00	9.294843e-01	2.181831e+00	4.685427e-01	2.323159e+00	1.738553e+00	2.120577e+00	1.025941e+00	2.077371e+00	1.089898e+00	3.066812e-01	1.598279e+00	7.194488e-01	
8  92.0395	2.143473e+00	1.235663e-01	6.891351e-01	2.771513e+00	9.294843e-01	2.237485e+00	6.954473e-01	2.360330e+00	2.101664e+00	2.151583e+00	1.657117e+00	2.112361e+00	1.141452e+00	3.066812e-01	1.598279e+00	7.194488e-01	
7  92.543	2.143473e+00	1.235663e-01	6.891351e-01	2.771513e+00	9.294843e-01	2.195256e+00	5.587929e-01	2.341733e+00	1.647232e+00	2.105248e+00	1.211858e+00	2.120871e+00	9.575990e-01	3.066812e-01	1.598279e+00	7.194488e-01	
12  93.6707	2.143473e+00	1.235663e-01	6.891351e-01	2.771513e+00	9.294843e-01	2.142997e+00	2.961476e-01	2.316830e+00	1.753022e+00	2.076834e+00	6.694756e-01	2.114731e+00	9.911080e-01	3.066812e-01	1.598279e+00	7.194488e-01	
1  92.5943	2.143473e+00	1.235663e-01	6.891351e-01	2.771513e+00	9.294843e-01	2.143143e+00	2.215077e-01	2.323900e+00	1.627276e+00	2.119561e+00	8.278269e-01	2.047609e+00	7.875064e-01	3.066812e-01	1.598279e+00	7.194488e-01	
1  93.1476	2.143473e+00	1.235663e-01	6.891351e-01	2.771513e+00	9.294843e-01	2.142553e+00	1.603610e-01	2.320427e+00	1.744547e+00	2.138318e+00	9.251442e-01	2.025305e+00	5.867038e-01	3.066812e-01	1.598279e+00	7.194488e-01	
27  93.2849	2.100639e+00	1.214442e-01	6.771640e-01	2.841356e+00	9.142048e-01	2.046853e+00	-5.962065e-02	2.258367e+00	1.646309e+00	2.076526e+00	8.151634e-01	1.963755e+00	4.971839e-01	3.120584e-01	1.713899e+00	7.325430e-01	
7  92.9082	2.176239e+00	1.287567e-01	6.851488e-01	2.742559e+00	8.297739e-01	2.033020e+00	-3.377218e-01	2.289284e+00	1.682490e+00	2.082016e+00	7.304683e-01	2.006939e+00	7.118876e-01	3.220151e-01	1.552666e+00	6.981427e-01	
3  95.362	2.176239e+00	1.287567e-01	6.851488e-01	2.742559e+00	8.297739e-01	2.006555e+00	-3.468641e-01	2.287072e+00	1.720864e+00	2.032079e+00	5.079716e-01	2.015498e+00	1.033327e+00	3.220151e-01	1.552666e+00	6.981427e-01	
4  96.8823	2.176239e+00	1.287567e-01	6.851488e-01	2.742559e+00	8.297739e-01	2.006559e+00	-3.118654e-01	2.282723e+00	1.393424e+00	2.059374e+00	5.323523e-01	2.042814e+00	1.607410e+00	3.220151e-01	1.552666e+00	6.981427e-01	
5  96.5001	2.158263e+00	1.259845e-01	6.854111e-01	2.737607e+00	8.411178e-01	2.026613e+00	-3.493554e-01	2.308964e+00	1.440149e+00	2.079575e+00	5.670013e-01	2.071955e+00	1.667077e+00	3.154851e-01	1.544997e+00	6.911492e-01	
2  95.495	2.158263e+00	1.259845e-01	6.854111e-01	2.737607e+00	8.411178e-01	2.068681e+00	-2.253835e-01	2.324918e+00	1.674608e+00	2.087962e+00	8.652277e-01	2.038951e+00	1.652666e+00	3.154851e-01	1.544997e+00	6.911492e-01	
9  96.4794	2.158263e+00	1.259845e-01	6.854111e-01	2.737607e+00	8.411178e-01	2.078531e+00	-3.753169e-01	2.330199e+00	1.778873e+00	2.055971e+00	8.501188e-01	2.061221e+00	2.084534e+00	3.154851e-01	1.544997e+00	6.911492e-01	
1  96.3328	2.158263e+00	1.259845e-01	6.854111e-01	2.737607e+00	8.411178e-01	2.104321e+00	-1.780732e-01	2.317612e+00	1.331898e+00	2.121527e+00	1.004330e+00	2.047920e+00	2.695294e+00	3.154851e-01	1.544997e+00	6.911492e-01	
9  97.724	2.158263e+00	1.259845e-01	6.854111e-01	2.737607e+00	8.411178e-01	2.119655e+00	7.144645e-02	2.330595e+00	1.042944e+00	2.143538e+00	1.157748e+00	2.016705e+00	2.382204e+00	3.154851e-01	1.544997e+00	6.911492e-01	
8  95.4381	2.172027e+00	1.130108e-01	6.821755e-01	2.911504e+00	9.467958e-01	2.070163e+00	1.631840e-01	2.258902e+00	1.011571e+00	2.093633e+00	1.185174e+00	1.961487e+00	2.452211e+00	2.909022e-01	1.838442e+00	7.303446e-01	
19  95.3766	2.172027e+00	1.130108e-01	6.821755e-01	2.911504e+00	9.467958e-01	2.098039e+00	3.130526e-01	2.266098e+00	1.025214e+00	2.102683e+00	1.199646e+00	1.985006e+00	2.395031e+00	2.909022e-01	1.838442e+00	7.303446e-01	
5  95.1113	2.109294e+00	1.051145e-01	6.629203e-01	2.974276e+00	9.753966e-01	2.094577e+00	2.312140e-01	2.277141e+00	1.005962e+00	2.111921e+00	1.233402e+00	1.987141e+00	2.319613e+00	2.886511e-01	1.957545e+00	7.257363e-01	
2  93.8524	2.109294e+00	1.051145e-01	6.629203e-01	2.974276e+00	9.753966e-01	2.036455e+00	-1.726302e-01	2.249350e+00	1.001145e+00	2.092155e+00	9.802589e-01	2.047593e+00	2.342941e+00	2.886511e-01	1.957545e+00	7.257363e-01	
6  94.9734	2.109294e+00	1.051145e-01	6.629203e-01	2.974276e+00	9.753966e-01	2.043966e+00	-5.858972e-02	2.227206e+00	7.320754e-01	2.144946e+00	1.283578e+00	2.028078e+00	2.264506e+00	2.886511e-01	1.957545e+00	7.257363e-01	
2  96.2562	2.081893e+00	1.078040e-01	6.622325e-01	2.999047e+00	9.742483e-01	2.008950e+00	3.133437e-02	2.177789e+00	6.577594e-01	2.109147e+00	1.240797e+00	1.971147e+00	2.091999e+00	2.947589e-01	2.006640e+00	7.483802e-01	
15  93.9853	2.081893e+00	1.078040e-01	6.622325e-01	2.999047e+00	9.742483e-01	2.050061e+00	2.547003e-01	2.113352e+00	5.702569e-01	2.108262e+00	1.353124e+00	2.016741e+00	2.331793e+00	2.947589e-01	2.006640e+00	7.483802e-01	
14  92.1442	2.081893e+00	1.078040e-01	6.622325e-01	2.999047e+00	9.742483e-01	2.054524e+00	1.988457e-01	2.124735e+00	5.052911e-01	2.071500e+00	1.172136e+00	1.982031e+00	2.020986e+00	2.947589e-01	2.006640e+00	7.483802e-01	
10  93.953	2.081893e+00	1.078040e-01	6.622325e-01	2.999047e+00	9.742483e-01	2.076349e+00	2.334221e-01	2.134392e+00	5.115390e-01	2.106924e+00	1.527118e+00	1.970587e+00	1.812808e+00	2.947589e-01	2.006640e+00	7.483802e-01	
1  93.0642	2.081893e+00	1.078040e-01	6.622325e-01	2.999047e+00	9.742483e-01	2.052122e+00	2.568896e-01	2.138957e+00	5.654645e-01	2.095485e+00	1.344787e+00	1.966973e+00	1.881584e+00	2.947589e-01	2.006640e+00	7.483802e-01	
5  92.8186	2.081893e+00	1.078040e-01	6.622325e-01	2.999047e+00	9.742483e-01	2.058044e+00	3.834345e-01	2.169096e+00	7.421838e-01	2.087041e+00	1.404006e+00	1.968914e+00	2.068704e+00	2.947589e-01	2.006640e+00	7.483802e-01	
7  93.0708	2.081893e+00	1.078040e-01	6.622325e-01	2.999047e+00	9.742483e-01	2.077669e+00	4.574974e-01	2.126611e+00	5.010231e-01	2.077669e+00	1.340342e+00	1.990053e+00	2.262874e+00	2.947589e-01	2.006640e+00	7.483802e-01	
6  92.2943	2.081893e+00	1.078040e-01	6.622325e-01	2.999047e+00	9.742483e-01	2.083083e+00	4.777778e-01	2.146570e+00	6.612819e-01	2.048289e+00	1.157067e+00	1.995757e+00	2.329607e+00	2.947589e-01	2.006640e+00	7.483802e-01	
1  94.1418	2.081893e+00	1.078040e-01	6.622325e-01	2.999047e+00	9.742483e-01	2.037257e+00	3.984034e-02	2.143948e+00	5.545646e-01	1.955012e+00	7.775273e-01	1.996198e+00	2.123562e+00	2.947589e-01	2.006640e+00	7.483802e-01	
6  93.6283	2.081893e+00	1.078040e-01	6.622325e-01	2.999047e+00	9.742483e-01	2.139130e+00	5.449779e-01	2.160111e+00	1.106013e+00	2.005660e+00	1.225603e+00	2.014870e+00	2.137727e+00	2.947589e-01	2.006640e+00	7.483802e-01	
1  92.7294	2.081893e+00	1.078040e-01	6.622325e-01	2.999047e+00	9.742483e-01	2.104679e+00	5.199931e-01	2.163060e+00	9.277966e-01	2.010624e+00	1.155683e+00	1.953171e+00	1.779011e+00	2.947589e-01	2.006640e+00	7.483802e-01	
5  91.5846	2.081893e+00	1.078040e-01	6.622325e-01	2.999047e+00	9.742483e-01	2.120274e+00	4.333299e-01	2.159364e+00	1.116614e+00	2.014615e+00	1.097908e+00	1.994616e+00	1.609235e+00	2.947589e-01	2.006640e+00	7.483802e-01	
7  94.37	2.081893e+00	1.078040e-01	6.622325e-01	2.999047e+00	9.742483e-01	2.156868e+00	8.740297e-01	2.140800e+00	1.044044e+00	2.067741e+00	1.395529e+00	1.955746e+00	1.452645e+00	2.947589e-01	2.006640e+00	7.483802e-01	
6  92.6711	2.081893e+00	1.078040e-01	6.622325e-01	2.999047e+00	9.742483e-01	2.180672e+00	9.615090e-01	2.190686e+00	1.514221e+00	2.044484e+00	1.286839e+00	2.026881e+00	1.900008e+00	2.947589e-01	2.006640e+00	7.483802e-01	
8  92.4689	2.081893e+00	1.078040e-01	6.622325e-01	2.999047e+00	9.742483e-01	2.162957e+00	6.829426e-01	2.173596e+00	1.254419e+00	2.037439e+00	1.157147e+00	2.013251e+00	1.931072e+00	2.947589e-01	2.006640e+00	7.483802e-01	
10  91.3639	2.081893e+00	1.078040e-01	6.622325e-01	2.999047e+00	9.742483e-01	2.126169e+00	5.148121e-01	2.166715e+00	1.187141e+00	2.065721e+00	1.294473e+00	2.013349e+00	2.057747e+00	2.947589e-01	2.006640e+00	7.483802e-01	
2  92.1073	2.149913e+00	1.167730e-01	6.808188e-01	2.893544e+00	9.464032e-01	2.189453e+00	7.023830e-01	2.201368e+00	1.246142e+00	2.100186e+00	1.327887e+00	2.048614e+00	2.120631e+00	2.997023e-01	1.805719e+00	7.402105e-01	
4  91.4414	2.149913e+00	1.167730e-01	6.808188e-01	2.893544e+00	9.464032e-01	2.170179e+00	5.421456e-01	2.185835e+00	1.032396e+00	2.095394e+00	1.455255e+00	2.065704e+00	2.054369e+00	2.997023e-01	1.805719e+00	7.402105e-01	
2  91.5687	2.149913e+00	1.167730e-01	6.808188e-01	2.893544e+00	9.464032e-01	2.156591e+00	6.652943e-01	2.146526e+00	4.754933e-01	2.044343e+00	9.860000e-01	2.052988e+00	1.915271e+00	2.997023e-01	1.805719e+00	7.402105e-01	
6  91.3001	2.149913e+00	1.167730e-01	6.808188e-01	2.893544e+00	9.464032e-01	2.129646e+00	3.788950e-01	2.164505e+00	5.992689e-01	1.995278e+00	6.682467e-01	2.078786e+00	1.885268e+00	2.997023e-01	1.805719e+00	7.402105e-01	
18  93.6507	2.218964e+00	1.051549e-01	6.776546e-01	3.039569e+00	1.025658e+00	2.081910e+00	3.593125e-01	2.112163e+00	5.848817e-01	1.953970e+00	6.764736e-01	2.048691e+00	2.082684e+00	2.787115e-01	2.089623e+00	7.602479e-01	
4  95.2635	2.218964e+00	1.051549e-01	6.776546e-01	3.039569e+00	1.025658e+00	2.096348e+00	3.384819e-01	2.122486e+00	4.796118e-01	2.058228e+00	1.385681e+00	2.039165e+00	2.128008e+00	2.787115e-01	2.089623e+00	7.602479e-01	
9  93.0813	2.071937e+00	1.112706e-01	6.751732e-01	2.789805e+00	9.559956e-01	2.292508e+00	3.114001e-01	2.337753e+00	6.879028e-01	2.233696e+00	1.566193e+00	2.222094e+00	2.042520e+00	2.909544e-01	1.627784e+00	6.869158e-01	
1  93.384	2.071937e+00	1.112706e-01	6.751732e-01	2.789805e+00	9.559956e-01	2.293564e+00	2.475487e-01	2.380762e+00	1.259820e+00	2.254449e+00	1.773287e+00	2.169191e+00	1.499584e+00	2.909544e-01	1.627784e+00	6.869158e-01	
10  93.492	2.071937e+00	1.112706e-01	6.751732e-01	2.789805e+00	9.559956e-01	2.290339e+00	2.118633e-01	2.348310e+00	9.892662e-01	2.252673e+00	1.826070e+00	2.207240e+00	1.062478e+00	2.909544e-01	1.627784e+00	6.869158e-01	
1  93.7779	2.071937e+00	1.112706e-01	6.751732e-01	2.789805e+00	9.559956e-01	2.270019e+00	1.469436e-01	2.385870e+00	1.419505e+00	2.267177e+00	2.091841e+00	2.154339e+00	7.238382e-01	2.909544e-01	1.627784e+00	6.869158e-01	
1  93.6346	2.071937e+00	1.112706e-01	6.751732e-01	2.789805e+00	9.559956e-01	2.300403e+00	3.468989e-01	2.423666e+00	1.797646e+00	2.266349e+00	2.217817e+00	2.157380e+00	9.366907e-01	2.909544e-01	1.627784e+00	6.869158e-01	
1  93.4331	2.071937e+00	1.112706e-01	6.751732e-01	2.789805e+00	9.559956e-01	2.291070e+00	3.051095e-01	2.430691e+00	1.887059e+00	2.265679e+00	2.212803e+00	2.190934e+00	1.137376e+00	2.909544e-01	1.627784e+00	6.869158e-01	
2  92.4113	2.071937e+00	1.112706e-01	6.751732e-01	2.789805e+00	9.559956e-01	2.239866e+00	1.335710e-01	2.420912e+00	1.808250e+00	2.261053e+00	1.714250e+00	2.157726e+00	1.308460e+00	2.909544e-01	1.627784e+00	6.869158e-01	
6  92.6773	2.071937e+00	1.112706e-01	6.751732e-01	2.789805e+00	9.559956e-01	2.276262e+00	3.604746e-01	2.425222e+00	1.933454e+00	2.279462e+00	1.745723e+00	2.144972e+00	8.185724e-01	2.909544e-01	1.627784e+00	6.869158e-01	
3  92.7575	2.071937e+00	1.112706e-01	6.751732e-01	2.789805e+00	9.559956e-01	2.295160e+00	3.325474e-01	2.434141e+00	1.988309e+00	2.232295e+00	1.421461e+00	2.111100e+00	8.012760e-01	2.909544e-01	1.627784e+00	6.869158e-01	
5  93.615	2.071937e+00	1.112706e-01	6.751732e-01	2.789805e+00	9.559956e-01	2.283537e+00	1.697976e-01	2.432984e+00	2.054361e+00	2.242828e+00	1.367841e+00	2.153171e+00	7.861241e-01	2.909544e-01	1.627784e+00	6.869158e-01	
7  92.7188	2.105343e+00	1.147734e-01	6.661369e-01	2.794646e+00	9.283990e-01	2.260303e+00	1.732223e-01	2.410434e+00	1.973599e+00	2.224501e+00	1.320239e+00	2.120855e+00	6.890640e-01	3.075484e-01	1.635683e+00	6.915624e-01	
4  92.7465	2.105343e+00	1.147734e-01	6.661369e-01	2.794646e+00	9.283990e-01	2.258926e+00	1.465645e-01	2.417020e+00	1.981032e+00	2.183109e+00	1.121187e+00	2.115941e+00	9.646715e-01	3.075484e-01	1.635683e+00	6.915624e-01	
7  92.406	2.105343e+00	1.147734e-01	6.661369e-01	2.794646e+00	9.283990e-01	2.293997e+00	3.921190e-01	2.396440e+00	1.653746e+00	2.134621e+00	7.960755e-01	2.090854e+00	7.107095e-01	3.075484e-01	1.635683e+00	6.915624e-01	
11  91.2862	2.105343e+00	1.147734e-01	6.661369e-01	2.794646e+00	9.283990e-01	2.278043e+00	3.827541e-01	2.375354e+00	1.253847e+00	2.164927e+00	8.569405e-01	2.102365e+00	9.271413e-01	3.075484e-01	1.635683e+00	6.915624e-01	
7  91.7148	2.183809e+00	1.112376e-01	6.655709e-01	2.907572e+00	9.701410e-01	2.211652e+00	4.552943e-01	2.291210e+00	1.169298e+00	2.100380e+00	8.080807e-01	2.030206e+00	9.683081e-01	3.018610e-01	1.831229e+00	7.231714e-01	
4  90.9972	2.183809e+00	1.112376e-01	6.655709e-01	2.907572e+00	9.701410e-01	2.201326e+00	4.642957e-01	2.311109e+00	1.579020e+00	2.089498e+00	9.179896e-01	2.030848e+00	1.086957e+00	3.018610e-01	1.831229e+00	7.231714e-01	
17  90.4135	2.119459e+00	1.127443e-01	6.713220e-01	3.008520e+00	9.567004e-01	2.025376e+00	2.707998e-01	2.159871e+00	1.432263e+00	1.952681e+00	7.084104e-01	1.893446e+00	9.478280e-01	2.986267e-01	2.025741e+00	7.690587e-01	
1  87.8127	2.119459e+00	1.127443e-01	6.713220e-01	3.008520e+00	9.567004e-01	2.028678e+00	3.659762e-01	2.172367e+00	1.499162e+00	1.971343e+00	1.045314e+00	1.950917e+00	1.119613e+00	2.986267e-01	2.025741e+00	7.690587e-01	
6  87.829	2.119459e+00	1.127443e-01	6.713220e-01	3.008520e+00	9.567004e-01	2.018816e+00	3.653050e-01	2.163734e+00	1.645262e+00	1.968106e+00	9.805027e-01	1.952669e+00	1.193766e+00	2.986267e-01	2.025741e+00	7.690587e-01	
4  88.5526	2.119459e+00	1.127443e-01	6.713220e-01	3.008520e+00	9.567004e-01	2.035418e+00	4.673278e-01	2.162928e+00	1.615088e+00	1.973642e+00	1.126442e+00	1.869368e+00	6.426222e-01	2.986267e-01	2.025741e+00	7.690587e-01	
15  88.6601	2.183372e+00	1.114229e-01	6.671416e-01	3.092119e+00	9.629503e-01	1.956097e+00	4.096099e-01	2.088322e+00	1.520468e+00	1.909209e+00	1.039533e+00	1.803795e+00	6.695664e-01	3.008478e-01	2.202369e+00	7.922989e-01	
2  88.9893	2.183372e+00	1.114229e-01	6.671416e-01	3.092119e+00	9.629503e-01	1.938709e+00	3.778259e-01	2.042069e+00	1.202832e+00	1.903476e+00	8.696029e-01	1.815594e+00	6.099904e-01	3.008478e-01	2.202369e+00	7.922989e-01	
2  90.9909	2.183372e+00	1.114229e-01	6.671416e-01	3.092119e+00	9.629503e-01	1.940667e+00	4.097154e-01	2.100721e+00	1.635735e+00	1.883656e+00	7.665609e-01	1.818342e+00	1.032370e+00	3.008478e-01	2.202369e+00	7.922989e-01	
21  90.4326	2.183372e+00	1.114229e-01	6.671416e-01	3.092119e+00	9.629503e-01	1.901821e+00	2.382300e-01	2.030616e+00	1.129536e+00	1.857823e+00	7.614884e-01	1.793223e+00	5.022825e-01	3.008478e-01	2.202369e+00	7.922989e-01	
1  91.1475	2.207986e+00	1.131744e-01	6.773267e-01	2.998074e+00	9.638439e-01	2.006334e+00	3.591845e-01	2.118538e+00	1.255713e+00	1.935492e+00	8.745872e-01	1.880671e+00	6.269277e-01	2.962224e-01	2.004689e+00	7.647806e-01	
5  91.0366	2.207986e+00	1.131744e-01	6.773267e-01	2.998074e+00	9.638439e-01	1.949754e+00	5.597868e-02	2.098101e+00	9.560244e-01	1.979705e+00	9.477126e-01	1.862298e+00	6.282890e-01	2.962224e-01	2.004689e+00	7.647806e-01	
2  90.7596	2.207986e+00	1.131744e-01	6.773267e-01	2.998074e+00	9.638439e-01	1.952960e+00	7.255571e-03	2.133339e+00	8.891613e-01	2.015849e+00	1.086796e+00	1.849480e+00	5.233857e-01	2.962224e-01	2.004689e+00	7.647806e-01	
4  90.6427	2.207986e+00	1.131744e-01	6.773267e-01	2.998074e+00	9.638439e-01	1.979071e+00	1.397833e-01	2.140512e+00	8.955333e-01	2.062200e+00	1.513435e+00	1.875928e+00	7.105753e-01	2.962224e-01	2.004689e+00	7.647806e-01	
6  90.618	2.194981e+00	1.190120e-01	6.763612e-01	2.940380e+00	9.087416e-01	1.966816e+00	3.174456e-02	2.148143e+00	8.746288e-01	2.060761e+00	1.458075e+00	1.877293e+00	6.547424e-01	3.095454e-01	1.892303e+00	7.525816e-01	
9  90.8311	2.194981e+00	1.190120e-01	6.763612e-01	2.940380e+00	9.087416e-01	1.958566e+00	3.829835e-02	2.156740e+00	1.093276e+00	2.013328e+00	8.702578e-01	1.878202e+00	5.695967e-01	3.095454e-01	1.892303e+00	7.525816e-01	
11  90.6274	2.194981e+00	1.190120e-01	6.763612e-01	2.940380e+00	9.087416e-01	1.945793e+00	1.555086e-02	2.178344e+00	1.166806e+00	1.970905e+00	6.913100e-01	1.923604e+00	7.635637e-01	3.095454e-01	1.892303e+00	7.525816e-01	
6  92.3286	2.137571e+00	1.095020e-01	6.512736e-01	3.050404e+00	9.298023e-01	1.882063e+00	-2.101883e-01	2.150100e+00	1.092713e+00	1.940375e+00	6.552931e-01	1.891447e+00	6.968451e-01	3.100779e-01	2.112388e+00	7.574240e-01	
5  91.4089	2.137571e+00	1.095020e-01	6.512736e-01	3.050404e+00	9.298023e-01	1.891703e+00	-1.646365e-01	2.107084e+00	1.008818e+00	1.926193e+00	5.950051e-01	1.922055e+00	7.582518e-01	3.100779e-01	2.112388e+00	7.574240e-01	
3  91.8395	2.122990e+00	1.215670e-01	6.720751e-01	2.808275e+00	8.778186e-01	2.076465e+00	8.417198e-02	2.261245e+00	1.196820e+00	2.062216e+00	7.514174e-01	2.059552e+00	7.710619e-01	3.175687e-01	1.658129e+00	7.091086e-01	
3  91.2869	2.166418e+00	1.137880e-01	6.677883e-01	2.891642e+00	9.058613e-01	2.026523e+00	-1.011190e-01	2.235890e+00	1.195339e+00	2.032615e+00	7.216541e-01	2.053163e+00	9.672370e-01	3.051888e-01	1.802288e+00	7.129384e-01	
3  91.9868	2.166418e+00	1.137880e-01	6.677883e-01	2.891642e+00	9.058613e-01	2.040718e+00	-4.340734e-02	2.239323e+00	1.118861e+00	2.026662e+00	5.633015e-01	2.109861e+00	1.765610e+00	3.051888e-01	1.802288e+00	7.129384e-01	
2  91.8733	2.166418e+00	1.137880e-01	6.677883e-01	2.891642e+00	9.058613e-01	2.109678e+00	1.848651e-01	2.249540e+00	1.375062e+00	2.060654e+00	1.007461e+00	2.094297e+00	8.796512e-01	3.051888e-01	1.802288e+00	7.129384e-01	
1  92.2957	2.166418e+00	1.137880e-01	6.677883e-01	2.891642e+00	9.058613e-01	2.140020e+00	3.679924e-01	2.237136e+00	1.132073e+00	2.075338e+00	8.137748e-01	2.048088e+00	1.184881e+00	3.051888e-01	1.802288e+00	7.129384e-01	
1  93.303	2.237560e+00	1.200039e-01	6.844369e-01	2.865487e+00	8.744214e-01	2.097625e+00	3.302227e-01	2.197261e+00	1.120603e+00	2.035960e+00	7.285907e-01	2.023941e+00	1.299173e+00	3.053101e-01	1.755760e+00	7.189135e-01	
3  92.4149	2.250711e+00	1.156101e-01	6.829787e-01	3.020859e+00	9.314163e-01	1.992771e+00	4.360149e-01	2.068700e+00	9.879113e-01	1.937572e+00	6.501760e-01	1.903752e+00	1.193555e+00	2.974775e-01	2.050890e+00	7.735826e-01	
8  94.6121	2.229780e+00	1.004043e-01	6.580669e-01	3.140843e+00	9.861225e-01	1.973414e+00	2.112783e-01	2.083497e+00	9.908346e-01	1.943781e+00	6.916572e-01	1.923352e+00	1.305933e+00	2.848301e-01	2.312334e+00	7.586731e-01	
2  94.718	2.229780e+00	1.004043e-01	6.580669e-01	3.140843e+00	9.861225e-01	1.979702e+00	9.876338e-02	2.043075e+00	6.074155e-01	2.002013e+00	1.297546e+00	1.892239e+00	1.125707e+00	2.848301e-01	2.312334e+00	7.586731e-01	
1  93.7328	2.248883e+00	1.154821e-01	6.673442e-01	2.969733e+00	9.690890e-01	2.164292e+00	7.800916e-01	2.129101e+00	6.413181e-01	2.108096e+00	1.472917e+00	1.935644e+00	7.972402e-01	3.112509e-01	1.948671e+00	7.603918e-01	
5  97.1238	2.391199e+00	1.261900e-01	6.766398e-01	2.732586e+00	8.738846e-01	2.321720e+00	7.195087e-01	2.303215e+00	8.175257e-01	2.242987e+00	1.568386e+00	2.107490e+00	1.118883e+00	3.292541e-01	1.537259e+00	6.841270e-01	
9  97.2741	2.391199e+00	1.261900e-01	6.766398e-01	2.732586e+00	8.738846e-01	2.314299e+00	4.681149e-01	2.342532e+00	1.033555e+00	2.224412e+00	1.422621e+00	2.102254e+00	1.237090e+00	3.292541e-01	1.537259e+00	6.841270e-01	
5  98.4665	2.464369e+00	1.225152e-01	6.775665e-01	2.788679e+00	8.975245e-01	2.287373e+00	4.362336e-01	2.316409e+00	1.024918e+00	2.201340e+00	1.407588e+00	2.090400e+00	1.388587e+00	3.219434e-01	1.625953e+00	6.929614e-01	
3  97.8626	2.464369e+00	1.225152e-01	6.775665e-01	2.788679e+00	8.975245e-01	2.251114e+00	3.427701e-01	2.325894e+00	8.421323e-01	2.254812e+00	1.662419e+00	2.094575e+00	1.218206e+00	3.219434e-01	1.625953e+00	6.929614e-01	
21  96.5703	2.464369e+00	1.225152e-01	6.775665e-01	2.788679e+00	8.975245e-01	2.270016e+00	3.563531e-01	2.335682e+00	8.405315e-01	2.206237e+00	1.561386e+00	2.109174e+00	1.070762e+00	3.219434e-01	1.625953e+00	6.929614e-01	
1  97.864	2.464369e+00	1.225152e-01	6.775665e-01	2.788679e+00	8.975245e-01	2.294714e+00	5.311694e-01	2.275757e+00	4.896579e-01	2.208021e+00	1.502887e+00	2.066450e+00	6.445859e-01	3.219434e-01	1.625953e+00	6.929614e-01	
4  98.7646	2.464369e+00	1.225152e-01	6.775665e-01	2.788679e+00	8.975245e-01	2.295517e+00	4.377507e-01	2.258191e+00	6.716949e-01	2.153903e+00	1.195214e+00	2.081546e+00	6.235294e-01	3.219434e-01	1.625953e+00	6.929614e-01	
1  98.2573	2.464369e+00	1.225152e-01	6.775665e-01	2.788679e+00	8.975245e-01	2.295670e+00	6.641223e-01	2.239702e+00	6.698144e-01	2.154703e+00	1.255217e+00	2.055415e+00	5.180425e-01	3.219434e-01	1.625953e+00	6.929614e-01	
6  98.6405	2.464369e+00	1.225152e-01	6.775665e-01	2.788679e+00	8.975245e-01	2.257309e+00	6.882704e-01	2.196228e+00	1.692525e-01	2.198147e+00	1.307782e+00	2.031028e+00	4.318771e-01	3.219434e-01	1.625953e+00	6.929614e-01	
2  99.9946	2.464369e+00	1.225152e-01	6.775665e-01	2.788679e+00	8.975245e-01	2.249730e+00	4.078936e-01	2.226656e+00	4.687496e-01	2.242948e+00	1.823026e+00	2.070376e+00	2.792421e-01	3.219434e-01	1.625953e+00	6.929614e-01	
2  95.5693	2.464369e+00	1.225152e-01	6.775665e-01	2.788679e+00	8.975245e-01	2.220967e+00	1.316548e-01	2.238366e+00	5.156616e-01	2.224251e+00	1.704289e+00	2.143252e+00	8.719565e-01	3.219434e-01	1.625953e+00	6.929614e-01	
5  96.813	2.464369e+00	1.225152e-01	6.775665e-01	2.788679e+00	8.975245e-01	2.201816e+00	5.789883e-02	2.256720e+00	4.939027e-01	2.250838e+00	1.957427e+00	2.201226e+00	1.278862e+00	3.219434e-01	1.625953e+00	6.929614e-01	
4  95.1608	2.310204e+00	1.172561e-01	6.811800e-01	2.766350e+00	9.331881e-01	2.254102e+00	7.116087e-02	2.309613e+00	5.999954e-01	2.297135e+00	2.053545e+00	2.249844e+00	1.212023e+00	3.038801e-01	1.590050e+00	6.841643e-01	
5  95.0639	2.310204e+00	1.172561e-01	6.811800e-01	2.766350e+00	9.331881e-01	2.225162e+00	-1.465602e-01	2.331363e+00	6.448509e-01	2.249105e+00	1.802840e+00	2.276849e+00	1.671768e+00	3.038801e-01	1.590050e+00	6.841643e-01	
2  97.2959	2.310204e+00	1.172561e-01	6.811800e-01	2.766350e+00	9.331881e-01	2.255638e+00	-8.532909e-02	2.327426e+00	5.632590e-01	2.227902e+00	1.711153e+00	2.278299e+00	1.697225e+00	3.038801e-01	1.590050e+00	6.841643e-01	
6  94.9006	2.310204e+00	1.172561e-01	6.811800e-01	2.766350e+00	9.331881e-01	2.252709e+00	3.271318e-02	2.349753e+00	6.370669e-01	2.294701e+00	2.071521e+00	2.225327e+00	1.239350e+00	3.038801e-01	1.590050e+00	6.841643e-01	
4  93.6077	2.310204e+00	1.172561e-01	6.811800e-01	2.766350e+00	9.331881e-01	2.289393e+00	2.218237e-01	2.361519e+00	7.102373e-01	2.263775e+00	1.853378e+00	2.193917e+00	8.872986e-01	3.038801e-01	1.590050e+00	6.841643e-01	
8  92.7923	2.310204e+00	1.172561e-01	6.811800e-01	2.766350e+00	9.331881e-01	2.240700e+00	4.858219e-03	2.317128e+00	7.498392e-01	2.263046e+00	1.946053e+00	2.166973e+00	9.164115e-01	3.038801e-01	1.590050e+00	6.841643e-01	
4  92.9187	2.429793e+00	1.224099e-01	6.896257e-01	2.721755e+00	9.271355e-01	2.290432e+00	2.058193e-01	2.334519e+00	7.659508e-01	2.286061e+00	1.983141e+00	2.185238e+00	1.006707e+00	3.098339e-01	1.520699e+00	6.815446e-01	
1  93.6193	2.429793e+00	1.224099e-01	6.896257e-01	2.721755e+00	9.271355e-01	2.235887e+00	-3.522638e-02	2.355338e+00	6.089555e-01	2.292723e+00	1.664441e+00	2.127164e+00	6.175880e-01	3.098339e-01	1.520699e+00	6.815446e-01	
1  92.7834	2.429793e+00	1.224099e-01	6.896257e-01	2.721755e+00	9.271355e-01	2.301678e+00	2.969813e-01	2.377297e+00	7.865926e-01	2.274220e+00	1.789831e+00	2.157681e+00	5.944263e-01	3.098339e-01	1.520699e+00	6.815446e-01	
