3  323.738	2.303032e+00	1.179074e-01	6.988005e-01	3.025692e+00	1.011451e+00	2.041091e+00	4.348418e-02	2.027658e+00	5.645705e-02	2.027844e+00	5.711703e-02	2.029509e+00	5.595019e-02	2.899354e-01	2.060826e+00	8.105118e-01	
1  232.01	2.259156e+00	1.124129e-01	6.910309e-01	2.892676e+00	1.028410e+00	2.235370e+00	1.054644e-01	2.224197e+00	1.946247e-01	2.208105e+00	2.167801e-01	2.198077e+00	1.510068e-01	2.840668e-01	1.804153e+00	7.403963e-01	
4  161.507	2.271970e+00	9.480162e-02	6.760543e-01	2.959024e+00	1.093337e+00	2.265984e+00	-1.708145e-01	2.287324e+00	1.904558e-01	2.265036e+00	2.466782e-01	2.257014e+00	1.702324e-01	2.585398e-01	1.927915e+00	6.932758e-01	
4  135.389	2.271970e+00	9.480162e-02	6.760543e-01	2.959024e+00	1.093337e+00	2.210675e+00	-3.118954e-01	2.288498e+00	1.706501e-01	2.319397e+00	1.203476e+00	2.277735e+00	2.809327e-01	2.585398e-01	1.927915e+00	6.932758e-01	
1  133.674	2.271970e+00	9.480162e-02	6.760543e-01	2.959024e+00	1.093337e+00	2.253627e+00	-8.898289e-02	2.350847e+00	4.281820e-01	2.304283e+00	1.065385e+00	2.330242e+00	4.133178e-01	2.585398e-01	1.927915e+00	6.932758e-01	
1  127.177	2.221295e+00	8.869892e-02	6.506532e-01	2.865598e+00	1.100361e+00	2.421659e+00	-1.470997e-02	2.524415e+00	5.310981e-01	2.462468e+00	1.190349e+00	2.474221e+00	4.734449e-01	2.635080e-01	1.755955e+00	6.300751e-01	
5  119.982	2.194977e+00	9.275677e-02	6.631501e-01	2.834097e+00	1.064835e+00	2.383462e+00	-1.335504e-01	2.497211e+00	5.095738e-01	2.436596e+00	1.161920e+00	2.455742e+00	4.643091e-01	2.622989e-01	1.701503e+00	6.363833e-01	
9  115.362	2.194977e+00	9.275677e-02	6.631501e-01	2.834097e+00	1.064835e+00	2.379417e+00	-2.137859e-01	2.491719e+00	6.346616e-01	2.396218e+00	8.789217e-01	2.482372e+00	8.457781e-01	2.622989e-01	1.701503e+00	6.363833e-01	
3  114.389	2.171054e+00	1.006464e-01	6.779836e-01	2.682640e+00	9.910982e-01	2.421956e+00	-3.942197e-01	2.557372e+00	6.538421e-01	2.454747e+00	9.058988e-01	2.544395e+00	8.601564e-01	2.675904e-01	1.462365e+00	6.120763e-01	
1  114.574	2.171054e+00	1.006464e-01	6.779836e-01	2.682640e+00	9.910982e-01	2.423949e+00	-4.878585e-01	2.615476e+00	1.284252e+00	2.443957e+00	9.467822e-01	2.565777e+00	9.641427e-01	2.675904e-01	1.462365e+00	6.120763e-01	
2  114.878	2.171054e+00	1.006464e-01	6.779836e-01	2.682640e+00	9.910982e-01	2.439061e+00	-4.455654e-01	2.648970e+00	1.490397e+00	2.420133e+00	5.040442e-01	2.445588e+00	2.786062e-01	2.675904e-01	1.462365e+00	6.120763e-01	
1  110.225	2.171054e+00	1.006464e-01	6.779836e-01	2.682640e+00	9.910982e-01	2.399868e+00	-7.189100e-01	2.692654e+00	1.442972e+00	2.453259e+00	8.368574e-01	2.427870e+00	6.422708e-01	2.675904e-01	1.462365e+00	6.120763e-01	
12  110.428	2.171054e+00	1.006464e-01	6.779836e-01	2.682640e+00	9.910982e-01	2.362994e+00	-8.258198e-01	2.647112e+00	1.646710e+00	2.456526e+00	1.292829e+00	2.390364e+00	5.296880e-01	2.675904e-01	1.462365e+00	6.120763e-01	
27  111.657	2.171054e+00	1.006464e-01	6.779836e-01	2.682640e+00	9.910982e-01	2.347082e+00	-7.321738e-01	2.649202e+00	1.357956e+00	2.473183e+00	1.179532e+00	2.424061e+00	4.280706e-01	2.675904e-01	1.462365e+00	6.120763e-01	
2  111.613	2.171054e+00	1.006464e-01	6.779836e-01	2.682640e+00	9.910982e-01	2.355342e+00	-5.840140e-01	2.623666e+00	1.141905e+00	2.474628e+00	1.197491e+00	2.365551e+00	2.672766e-01	2.675904e-01	1.462365e+00	6.120763e-01	
9  110.839	2.171054e+00	1.006464e-01	6.779836e-01	2.682640e+00	9.910982e-01	2.360775e+00	-5.698874e-01	2.565968e+00	6.369278e-01	2.501183e+00	1.394022e+00	2.398684e+00	5.535611e-01	2.675904e-01	1.462365e+00	6.120763e-01	
9  110.611	2.171054e+00	1.006464e-01	6.779836e-01	2.682640e+00	9.910982e-01	2.357190e+00	-5.093826e-01	2.614316e+00	8.530770e-01	2.471649e+00	1.424964e+00	2.454216e+00	1.062864e+00	2.675904e-01	1.462365e+00	6.120763e-01	
2  103.621	2.149466e+00	1.078901e-01	6.783281e-01	2.644300e+00	9.405652e-01	2.332660e+00	-5.056912e-01	2.591809e+00	8.316902e-01	2.449984e+00	1.394715e+00	2.433463e+00	1.037859e+00	2.825923e-01	1.407359e+00	6.189626e-01	
8  103.547	2.149466e+00	1.078901e-01	6.783281e-01	2.644300e+00	9.405652e-01	2.354156e+00	-4.506452e-01	2.609732e+00	1.043231e+00	2.401553e+00	8.487984e-01	2.504542e+00	1.731253e+00	2.825923e-01	1.407359e+00	6.189626e-01	
9  103.723	2.172036e+00	1.036897e-01	6.784191e-01	2.707165e+00	9.965277e-01	2.361863e+00	-2.895645e-01	2.595500e+00	1.067162e+00	2.390515e+00	8.673939e-01	2.490331e+00	1.750512e+00	2.738805e-01	1.498672e+00	6.335893e-01	
7  102.828	2.172036e+00	1.036897e-01	6.784191e-01	2.707165e+00	9.965277e-01	2.383365e+00	-4.079684e-02	2.625500e+00	1.367589e+00	2.369655e+00	9.645300e-01	2.425152e+00	1.436392e+00	2.738805e-01	1.498672e+00	6.335893e-01	
1  98.6176	2.153643e+00	1.073859e-01	6.692525e-01	2.713387e+00	9.548811e-01	2.335084e+00	-9.536877e-02	2.587000e+00	1.317755e+00	2.332720e+00	9.108380e-01	2.389759e+00	1.392375e+00	2.892761e-01	1.508026e+00	6.401175e-01	
7  97.3069	2.146423e+00	1.121005e-01	6.620932e-01	2.736335e+00	9.515266e-01	2.324754e+00	1.485028e-01	2.550833e+00	1.322386e+00	2.300395e+00	8.979316e-01	2.351650e+00	1.378813e+00	3.061562e-01	1.543033e+00	6.640230e-01	
8  93.867	2.146423e+00	1.121005e-01	6.620932e-01	2.736335e+00	9.515266e-01	2.321987e+00	-4.432977e-03	2.513928e+00	1.401498e+00	2.302068e+00	1.304328e+00	2.349649e+00	1.495531e+00	3.061562e-01	1.543033e+00	6.640230e-01	
14  94.2105	2.146423e+00	1.121005e-01	6.620932e-01	2.736335e+00	9.515266e-01	2.327088e+00	1.996176e-01	2.512803e+00	1.369752e+00	2.346496e+00	1.350990e+00	2.332580e+00	1.553037e+00	3.061562e-01	1.543033e+00	6.640230e-01	
1  94.1379	2.146423e+00	1.121005e-01	6.620932e-01	2.736335e+00	9.515266e-01	2.307770e+00	1.377776e-01	2.536423e+00	1.629616e+00	2.270696e+00	9.358840e-01	2.295301e+00	1.461311e+00	3.061562e-01	1.543033e+00	6.640230e-01	
10  94.23	2.146423e+00	1.121005e-01	6.620932e-01	2.736335e+00	9.515266e-01	2.312116e+00	1.784693e-01	2.505923e+00	1.402429e+00	2.323835e+00	1.197426e+00	2.268168e+00	1.009887e+00	3.061562e-01	1.543033e+00	6.640230e-01	
14  95.2572	2.146423e+00	1.121005e-01	6.620932e-01	2.736335e+00	9.515266e-01	2.261062e+00	-1.117494e-01	2.507140e+00	1.424616e+00	2.285607e+00	8.865581e-01	2.238299e+00	8.581084e-01	3.061562e-01	1.543033e+00	6.640230e-01	
8  95.8895	2.146423e+00	1.121005e-01	6.620932e-01	2.736335e+00	9.515266e-01	2.274755e+00	-4.599135e-02	2.511510e+00	1.133039e+00	2.266795e+00	7.827794e-01	2.243727e+00	8.302775e-01	3.061562e-01	1.543033e+00	6.640230e-01	
6  98.0995	2.158688e+00	1.090937e-01	6.791953e-01	2.770944e+00	1.008531e+00	2.284308e+00	8.317709e-02	2.498006e+00	1.176822e+00	2.256969e+00	8.158726e-01	2.235346e+00	8.736851e-01	2.846802e-01	1.597371e+00	6.807815e-01	
8  98.7982	2.158688e+00	1.090937e-01	6.791953e-01	2.770944e+00	1.008531e+00	2.262160e+00	2.546893e-02	2.510486e+00	1.450140e+00	2.285638e+00	1.026540e+00	2.206768e+00	6.341374e-01	2.846802e-01	1.597371e+00	6.807815e-01	
4  97.5139	2.218982e+00	1.213790e-01	6.843037e-01	2.709441e+00	9.362160e-01	2.222832e+00	-2.828072e-02	2.478517e+00	1.392801e+00	2.255603e+00	9.718565e-01	2.176809e+00	5.793333e-01	3.079687e-01	1.502087e+00	6.862306e-01	
2  95.4688	2.218982e+00	1.213790e-01	6.843037e-01	2.709441e+00	9.362160e-01	2.210577e+00	-1.912902e-01	2.442971e+00	1.859088e+00	2.228781e+00	9.659681e-01	2.200093e+00	9.323136e-01	3.079687e-01	1.502087e+00	6.862306e-01	
2  96.1377	2.218982e+00	1.213790e-01	6.843037e-01	2.709441e+00	9.362160e-01	2.261350e+00	-7.154718e-02	2.441574e+00	2.035569e+00	2.176329e+00	7.510106e-01	2.219253e+00	1.069237e+00	3.079687e-01	1.502087e+00	6.862306e-01	
5  94.2165	2.218982e+00	1.213790e-01	6.843037e-01	2.709441e+00	9.362160e-01	2.308604e+00	2.802810e-01	2.414266e+00	1.871306e+00	2.224937e+00	7.733551e-01	2.184614e+00	8.311047e-01	3.079687e-01	1.502087e+00	6.862306e-01	
1  93.7481	2.237420e+00	1.184604e-01	6.757410e-01	2.737046e+00	9.225759e-01	2.266987e+00	6.389020e-02	2.398767e+00	1.811349e+00	2.209070e+00	7.282782e-01	2.172648e+00	7.931704e-01	3.098352e-01	1.544130e+00	6.788179e-01	
2  93.4534	2.136235e+00	1.217042e-01	6.670699e-01	2.757029e+00	8.857787e-01	2.213270e+00	1.209832e-01	2.342142e+00	1.790084e+00	2.155435e+00	6.820561e-01	2.122120e+00	7.695277e-01	3.229582e-01	1.575297e+00	6.918358e-01	
7  94.1065	2.136235e+00	1.217042e-01	6.670699e-01	2.757029e+00	8.857787e-01	2.247145e+00	4.023644e-01	2.319480e+00	1.717609e+00	2.160874e+00	7.677586e-01	2.072591e+00	6.747462e-01	3.229582e-01	1.575297e+00	6.918358e-01	
2  94.1987	2.136235e+00	1.217042e-01	6.670699e-01	2.757029e+00	8.857787e-01	2.281759e+00	6.448293e-01	2.310481e+00	1.541283e+00	2.145821e+00	8.364027e-01	2.098462e+00	7.087767e-01	3.229582e-01	1.575297e+00	6.918358e-01	
2  94.3491	2.105749e+00	1.324180e-01	6.953987e-01	2.727320e+00	8.524393e-01	2.221776e+00	7.414947e-01	2.231482e+00	1.539643e+00	2.074322e+00	8.025855e-01	2.034723e+00	7.097929e-01	3.187059e-01	1.529186e+00	7.165147e-01	
4  93.7932	2.085736e+00	1.260136e-01	6.846859e-01	2.866082e+00	8.822303e-01	2.120242e+00	6.929198e-01	2.132610e+00	1.471357e+00	1.983098e+00	7.247154e-01	1.949554e+00	6.685536e-01	3.146688e-01	1.756805e+00	7.524467e-01	
1  95.1646	2.085736e+00	1.260136e-01	6.846859e-01	2.866082e+00	8.822303e-01	2.110324e+00	8.292259e-01	2.098223e+00	1.742335e+00	2.022689e+00	1.260734e+00	1.940365e+00	9.105834e-01	3.146688e-01	1.756805e+00	7.524467e-01	
2  94.7005	2.085736e+00	1.260136e-01	6.846859e-01	2.866082e+00	8.822303e-01	2.025803e+00	3.262403e-01	2.088860e+00	1.362909e+00	2.002200e+00	1.032527e+00	1.945684e+00	5.933407e-01	3.146688e-01	1.756805e+00	7.524467e-01	
11  95.4424	2.085736e+00	1.260136e-01	6.846859e-01	2.866082e+00	8.822303e-01	1.999895e+00	2.238585e-01	2.079817e+00	1.450850e+00	2.035446e+00	1.490300e+00	1.969331e+00	9.875366e-01	3.146688e-01	1.756805e+00	7.524467e-01	
1  96.9501	2.085736e+00	1.260136e-01	6.846859e-01	2.866082e+00	8.822303e-01	2.022925e+00	4.947153e-01	2.077536e+00	1.280284e+00	2.034931e+00	1.364417e+00	1.961933e+00	8.147730e-01	3.146688e-01	1.756805e+00	7.524467e-01	
7  91.7705	2.085736e+00	1.260136e-01	6.846859e-01	2.866082e+00	8.822303e-01	2.061892e+00	5.928694e-01	2.130954e+00	1.400257e+00	2.059913e+00	1.443857e+00	1.941708e+00	7.825095e-01	3.146688e-01	1.756805e+00	7.524467e-01	
1  92.411	2.095227e+00	1.146743e-01	6.807334e-01	3.061199e+00	1.003496e+00	2.016979e+00	8.853859e-01	2.043955e+00	1.414272e+00	1.983566e+00	1.436943e+00	1.863839e+00	8.018457e-01	2.940686e-01	2.135314e+00	8.165618e-01	
4  92.0377	2.134421e+00	1.165107e-01	6.848128e-01	2.902468e+00	9.796467e-01	2.157641e+00	8.007485e-01	2.200023e+00	1.487489e+00	2.126532e+00	1.540684e+00	1.999269e+00	8.507360e-01	2.953269e-01	1.821905e+00	7.537308e-01	
2  92.9796	2.134421e+00	1.165107e-01	6.848128e-01	2.902468e+00	9.796467e-01	2.107208e+00	2.489900e-01	2.206057e+00	1.479672e+00	2.115458e+00	1.565919e+00	2.006874e+00	1.079269e+00	2.953269e-01	1.821905e+00	7.537308e-01	
4  93.5888	2.134421e+00	1.165107e-01	6.848128e-01	2.902468e+00	9.796467e-01	2.137510e+00	2.956663e-01	2.194081e+00	1.052850e+00	2.074082e+00	1.413908e+00	2.024426e+00	1.078257e+00	2.953269e-01	1.821905e+00	7.537308e-01	
1  93.0173	2.122099e+00	1.201397e-01	6.878177e-01	2.771436e+00	9.193908e-01	2.195327e+00	7.835584e-02	2.282198e+00	1.066832e+00	2.152809e+00	1.447235e+00	2.103920e+00	1.087939e+00	3.001624e-01	1.598156e+00	7.050431e-01	
4  91.6869	2.101931e+00	1.174979e-01	6.759212e-01	2.779716e+00	9.413065e-01	2.242579e+00	2.297295e-01	2.316245e+00	1.106544e+00	2.184506e+00	1.485331e+00	2.128679e+00	1.108014e+00	3.045976e-01	1.611445e+00	7.023660e-01	
4  92.9788	2.101931e+00	1.174979e-01	6.759212e-01	2.779716e+00	9.413065e-01	2.220480e+00	3.076059e-01	2.322486e+00	1.309292e+00	2.219846e+00	1.607847e+00	2.073633e+00	1.118550e+00	3.045976e-01	1.611445e+00	7.023660e-01	
10  95.2375	2.101931e+00	1.174979e-01	6.759212e-01	2.779716e+00	9.413065e-01	2.221960e+00	2.704508e-01	2.337154e+00	1.842608e+00	2.160159e+00	9.699391e-01	2.035065e+00	9.815905e-01	3.045976e-01	1.611445e+00	7.023660e-01	
1  93.4985	2.101931e+00	1.174979e-01	6.759212e-01	2.779716e+00	9.413065e-01	2.163493e+00	-2.918276e-02	2.360537e+00	1.900452e+00	2.162588e+00	9.154286e-01	2.109311e+00	1.203984e+00	3.045976e-01	1.611445e+00	7.023660e-01	
1  97.9942	2.101931e+00	1.174979e-01	6.759212e-01	2.779716e+00	9.413065e-01	2.130970e+00	-1.685842e-01	2.395829e+00	2.468392e+00	2.163125e+00	9.270912e-01	2.121813e+00	1.527450e+00	3.045976e-01	1.611445e+00	7.023660e-01	
2  96.4415	2.101931e+00	1.174979e-01	6.759212e-01	2.779716e+00	9.413065e-01	2.219709e+00	5.519541e-01	2.373287e+00	2.208668e+00	2.195341e+00	1.150507e+00	2.219734e+00	2.241228e+00	3.045976e-01	1.611445e+00	7.023660e-01	
1  95.2261	2.101931e+00	1.174979e-01	6.759212e-01	2.779716e+00	9.413065e-01	2.244782e+00	4.367147e-01	2.328237e+00	1.761714e+00	2.199768e+00	1.086900e+00	2.242622e+00	2.293470e+00	3.045976e-01	1.611445e+00	7.023660e-01	
7  97.3989	2.101931e+00	1.174979e-01	6.759212e-01	2.779716e+00	9.413065e-01	2.315923e+00	1.130439e+00	2.372064e+00	2.079131e+00	2.155898e+00	8.995767e-01	2.225587e+00	2.486360e+00	3.045976e-01	1.611445e+00	7.023660e-01	
1  98.09	2.101931e+00	1.174979e-01	6.759212e-01	2.779716e+00	9.413065e-01	2.312238e+00	8.577475e-01	2.283654e+00	1.611871e+00	2.121469e+00	6.679571e-01	2.195379e+00	2.113776e+00	3.045976e-01	1.611445e+00	7.023660e-01	
4  94.9252	2.101931e+00	1.174979e-01	6.759212e-01	2.779716e+00	9.413065e-01	2.313942e+00	7.015553e-01	2.280953e+00	1.238155e+00	2.142695e+00	8.464944e-01	2.160314e+00	1.668379e+00	3.045976e-01	1.611445e+00	7.023660e-01	
1  93.1517	2.101931e+00	1.174979e-01	6.759212e-01	2.779716e+00	9.413065e-01	2.304744e+00	5.816468e-01	2.246791e+00	5.687685e-01	2.185596e+00	9.764883e-01	2.152370e+00	1.251526e+00	3.045976e-01	1.611445e+00	7.023660e-01	
2  95.9404	2.101931e+00	1.174979e-01	6.759212e-01	2.779716e+00	9.413065e-01	2.306321e+00	3.499859e-01	2.310660e+00	1.049481e+00	2.231347e+00	1.425926e+00	2.161126e+00	1.163056e+00	3.045976e-01	1.611445e+00	7.023660e-01	
1  95.3061	2.116592e+00	1.167876e-01	6.688845e-01	2.782372e+00	9.462507e-01	2.323843e+00	3.853910e-01	2.326414e+00	1.053212e+00	2.245891e+00	1.434710e+00	2.171992e+00	1.160665e+00	3.097801e-01	1.615730e+00	6.994448e-01	
10  96.4936	2.196943e+00	1.279584e-01	6.896828e-01	2.662104e+00	9.143503e-01	2.382680e+00	4.775000e-01	2.372673e+00	1.090853e+00	2.290062e+00	1.477473e+00	2.211278e+00	1.178688e+00	3.165522e-01	1.432640e+00	6.893068e-01	
3  97.939	2.196943e+00	1.279584e-01	6.896828e-01	2.662104e+00	9.143503e-01	2.311415e+00	1.520479e-01	2.308215e+00	8.051383e-01	2.258534e+00	1.160637e+00	2.219614e+00	1.393207e+00	3.165522e-01	1.432640e+00	6.893068e-01	
3  97.7688	2.115563e+00	1.212893e-01	6.828842e-01	2.683469e+00	9.121827e-01	2.292065e+00	-3.243674e-02	2.311830e+00	7.934117e-01	2.259724e+00	1.149770e+00	2.227487e+00	1.396710e+00	3.068402e-01	1.463578e+00	6.762771e-01	
3  99.3557	2.115563e+00	1.212893e-01	6.828842e-01	2.683469e+00	9.121827e-01	2.270393e+00	-7.111164e-02	2.279916e+00	5.750082e-01	2.281109e+00	1.264327e+00	2.146847e+00	1.103367e+00	3.068402e-01	1.463578e+00	6.762771e-01	
2  100.316	2.115563e+00	1.212893e-01	6.828842e-01	2.683469e+00	9.121827e-01	2.298372e+00	5.219425e-01	2.303770e+00	7.493224e-01	2.267776e+00	1.255630e+00	2.155930e+00	1.484269e+00	3.068402e-01	1.463578e+00	6.762771e-01	
4  99.1551	2.115563e+00	1.212893e-01	6.828842e-01	2.683469e+00	9.121827e-01	2.228897e+00	6.893202e-02	2.272726e+00	4.236448e-01	2.291753e+00	1.617179e+00	2.146112e+00	1.193384e+00	3.068402e-01	1.463578e+00	6.762771e-01	
3  96.3924	2.079582e+00	1.208680e-01	6.932398e-01	2.900106e+00	9.355500e-01	1.991197e+00	7.247749e-02	2.020817e+00	2.958327e-01	2.061064e+00	1.445212e+00	1.933048e+00	1.117566e+00	2.961162e-01	1.817606e+00	7.632665e-01	
1  93.6304	2.090403e+00	1.251438e-01	6.811561e-01	2.847526e+00	8.901456e-01	2.011330e+00	3.374053e-02	2.052530e+00	2.796972e-01	2.088745e+00	1.439572e+00	1.956181e+00	1.091824e+00	3.161644e-01	1.724506e+00	7.434538e-01	
1  94.1328	2.090403e+00	1.251438e-01	6.811561e-01	2.847526e+00	8.901456e-01	1.980946e+00	-4.811437e-02	2.051514e+00	3.821680e-01	2.081447e+00	1.501947e+00	1.950184e+00	9.696264e-01	3.161644e-01	1.724506e+00	7.434538e-01	
5  95.106	2.090403e+00	1.251438e-01	6.811561e-01	2.847526e+00	8.901456e-01	2.007279e+00	-5.579365e-02	2.101720e+00	8.658107e-01	2.092387e+00	1.775041e+00	1.954381e+00	1.131511e+00	3.161644e-01	1.724506e+00	7.434538e-01	
4  96.0514	2.090403e+00	1.251438e-01	6.811561e-01	2.847526e+00	8.901456e-01	2.005731e+00	8.165462e-02	2.044163e+00	5.585117e-01	2.096305e+00	1.891835e+00	1.964561e+00	9.653020e-01	3.161644e-01	1.724506e+00	7.434538e-01	
14  96.4605	2.079284e+00	1.171831e-01	6.730450e-01	3.027868e+00	9.082578e-01	1.828555e+00	-1.825594e-01	1.891078e+00	4.230658e-01	1.954146e+00	1.750991e+00	1.837078e+00	8.873354e-01	3.060116e-01	2.065315e+00	7.850246e-01	
11  95.6599	2.089822e+00	1.187115e-01	6.642501e-01	3.062180e+00	9.084453e-01	1.808343e+00	-7.836420e-02	1.860598e+00	4.054532e-01	1.926426e+00	1.727766e+00	1.806053e+00	8.648851e-01	3.178714e-01	2.137409e+00	8.022903e-01	
1  97.6109	2.095713e+00	1.236044e-01	6.651741e-01	3.098070e+00	8.711041e-01	1.711381e+00	-1.672590e-01	1.771992e+00	3.266639e-01	1.844081e+00	1.640241e+00	1.729993e+00	8.068271e-01	3.281806e-01	2.215514e+00	8.261335e-01	
2  98.7761	2.132737e+00	1.250276e-01	6.638079e-01	3.066135e+00	8.484704e-01	1.715668e+00	-2.917848e-01	1.792195e+00	3.036320e-01	1.861854e+00	1.632059e+00	1.747718e+00	7.894352e-01	3.336030e-01	2.145880e+00	8.094567e-01	
4  96.1668	2.106674e+00	1.221620e-01	6.662863e-01	2.926620e+00	8.622492e-01	1.893977e+00	-2.258439e-01	1.968812e+00	4.369926e-01	2.024444e+00	1.782903e+00	1.900815e+00	8.838022e-01	3.240836e-01	1.866443e+00	7.501010e-01	
6  95.7818	2.106674e+00	1.221620e-01	6.662863e-01	2.926620e+00	8.622492e-01	1.965572e+00	1.376258e-01	1.985218e+00	4.280794e-01	1.992426e+00	1.193694e+00	1.831505e+00	1.229340e-01	3.240836e-01	1.866443e+00	7.501010e-01	
1  96.9783	2.186741e+00	1.298236e-01	6.797431e-01	2.941156e+00	8.416496e-01	1.894089e+00	1.283663e-01	1.908760e+00	3.687988e-01	1.923232e+00	1.130503e+00	1.765633e+00	7.885070e-02	3.296935e-01	1.893773e+00	7.763745e-01	
2  95.8343	2.223419e+00	1.326908e-01	6.943658e-01	2.804230e+00	8.550204e-01	2.048084e+00	2.867198e-01	2.045613e+00	4.889209e-01	2.050977e+00	1.262502e+00	1.883394e+00	1.605484e-01	3.226612e-01	1.651436e+00	7.393488e-01	
2  99.1622	2.274350e+00	1.443635e-01	7.127826e-01	2.670576e+00	8.180152e-01	2.121875e+00	4.271065e-01	2.103202e+00	5.439826e-01	2.105340e+00	1.317835e+00	1.931571e+00	1.876100e-01	3.301803e-01	1.444828e+00	7.178923e-01	
10  96.4958	2.274350e+00	1.443635e-01	7.127826e-01	2.670576e+00	8.180152e-01	2.193553e+00	8.448478e-01	2.096243e+00	2.494099e-01	2.082906e+00	1.269552e+00	1.977480e+00	4.441865e-01	3.301803e-01	1.444828e+00	7.178923e-01	
11  95.8403	2.229046e+00	1.424448e-01	7.004782e-01	2.706126e+00	8.336705e-01	2.202063e+00	1.002705e+00	2.089986e+00	2.693252e-01	2.077282e+00	1.277852e+00	1.967731e+00	4.502656e-01	3.370484e-01	1.497117e+00	7.292607e-01	
2  96.0872	2.315537e+00	1.434539e-01	6.997266e-01	2.681226e+00	8.330963e-01	2.228526e+00	9.528615e-01	2.122714e+00	2.586348e-01	2.107819e+00	1.287730e+00	1.994147e+00	4.395065e-01	3.416004e-01	1.460299e+00	7.183428e-01	
2  96.5334	2.290127e+00	1.426171e-01	6.924812e-01	2.688262e+00	8.197240e-01	2.214257e+00	8.948949e-01	2.117623e+00	2.412079e-01	2.102029e+00	1.270902e+00	1.989488e+00	4.258520e-01	3.465112e-01	1.470609e+00	7.145028e-01	
1  96.5898	2.290127e+00	1.426171e-01	6.924812e-01	2.688262e+00	8.197240e-01	2.300272e+00	1.834392e+00	2.195371e+00	8.525958e-01	2.132610e+00	1.381651e+00	1.896398e+00	3.785074e-01	3.465112e-01	1.470609e+00	7.145028e-01	
1  97.9487	2.290127e+00	1.426171e-01	6.924812e-01	2.688262e+00	8.197240e-01	2.262954e+00	1.815809e+00	2.233912e+00	1.199477e+00	2.139614e+00	1.521413e+00	1.847339e+00	1.039224e-01	3.465112e-01	1.470609e+00	7.145028e-01	
7  98.2086	2.290127e+00	1.426171e-01	6.924812e-01	2.688262e+00	8.197240e-01	2.295250e+00	2.166815e+00	2.226122e+00	8.047852e-01	2.147178e+00	1.391305e+00	1.885840e+00	5.726527e-01	3.465112e-01	1.470609e+00	7.145028e-01	
11  98.2747	2.258048e+00	1.309951e-01	6.755966e-01	2.786900e+00	8.841983e-01	2.302214e+00	2.220916e+00	2.228013e+00	8.192737e-01	2.149186e+00	1.406661e+00	1.885744e+00	5.888459e-01	3.378819e-01	1.623063e+00	7.290831e-01	
4  94.7509	2.258048e+00	1.309951e-01	6.755966e-01	2.786900e+00	8.841983e-01	2.265841e+00	1.886450e+00	2.210336e+00	8.793269e-01	2.142867e+00	1.603131e+00	1.972207e+00	8.952385e-01	3.378819e-01	1.623063e+00	7.290831e-01	
2  95.7684	2.246862e+00	1.344612e-01	6.987617e-01	3.030044e+00	8.903128e-01	1.947008e+00	1.799445e+00	1.881604e+00	6.950624e-01	1.841709e+00	1.367395e+00	1.696399e+00	7.857208e-01	3.227203e-01	2.069814e+00	8.453560e-01	
1  94.213	2.246862e+00	1.344612e-01	6.987617e-01	3.030044e+00	8.903128e-01	1.951528e+00	1.571273e+00	1.912074e+00	8.974212e-01	1.825824e+00	8.884572e-01	1.703497e+00	7.263164e-01	3.227203e-01	2.069814e+00	8.453560e-01	
9  92.2781	2.246862e+00	1.344612e-01	6.987617e-01	3.030044e+00	8.903128e-01	1.886982e+00	8.464203e-01	1.885440e+00	8.221488e-01	1.843636e+00	1.096155e+00	1.727047e+00	5.902465e-01	3.227203e-01	2.069814e+00	8.453560e-01	
2  90.0095	2.297703e+00	1.245414e-01	6.960113e-01	3.082581e+00	9.080281e-01	1.842067e+00	4.408814e-01	1.884018e+00	7.510983e-01	1.840754e+00	1.056686e+00	1.732929e+00	5.626556e-01	3.058482e-01	2.181464e+00	8.294205e-01	
2  90.5819	2.288936e+00	1.221416e-01	6.933391e-01	2.870349e+00	9.550781e-01	2.169283e+00	8.374192e-01	2.177073e+00	1.002856e+00	2.112513e+00	1.329920e+00	1.979034e+00	7.249632e-01	3.030359e-01	1.764318e+00	7.500733e-01	
3  92.3481	2.288936e+00	1.221416e-01	6.933391e-01	2.870349e+00	9.550781e-01	2.152113e+00	8.154022e-01	2.241693e+00	1.367904e+00	2.123703e+00	1.273093e+00	1.963719e+00	1.044350e+00	3.030359e-01	1.764318e+00	7.500733e-01	
5  90.5659	2.288936e+00	1.221416e-01	6.933391e-01	2.870349e+00	9.550781e-01	2.123462e+00	6.020138e-01	2.236673e+00	1.412050e+00	2.109741e+00	1.364079e+00	2.048106e+00	1.971689e+00	3.030359e-01	1.764318e+00	7.500733e-01	
8  92.2864	2.318096e+00	1.362710e-01	6.893633e-01	2.966018e+00	8.865010e-01	1.928466e+00	6.799803e-01	2.030359e+00	1.262986e+00	1.919728e+00	1.183963e+00	1.863655e+00	1.845246e+00	3.368872e-01	1.941445e+00	8.172781e-01	
7  93.3389	2.318096e+00	1.362710e-01	6.893633e-01	2.966018e+00	8.865010e-01	1.963802e+00	9.108591e-01	1.964289e+00	7.475225e-01	1.912877e+00	1.163066e+00	1.849622e+00	1.837309e+00	3.368872e-01	1.941445e+00	8.172781e-01	
10  92.9713	2.276552e+00	1.364792e-01	6.978769e-01	2.958189e+00	8.875181e-01	1.959601e+00	9.241423e-01	1.956266e+00	7.661819e-01	1.905613e+00	1.170821e+00	1.845831e+00	1.856300e+00	3.282922e-01	1.926306e+00	8.199407e-01	
1  93.2525	2.273784e+00	1.356134e-01	7.025101e-01	2.977478e+00	8.997547e-01	1.945695e+00	9.347168e-01	1.938488e+00	7.664515e-01	1.889745e+00	1.166489e+00	1.831952e+00	1.861044e+00	3.221657e-01	1.963823e+00	8.300594e-01	
2  94.1834	2.303517e+00	1.308932e-01	7.070352e-01	3.125404e+00	8.646294e-01	1.697920e+00	2.916156e-01	1.754638e+00	5.474215e-01	1.717366e+00	9.583242e-01	1.685706e+00	1.736830e+00	3.092076e-01	2.276909e+00	8.620032e-01	
25  91.6169	2.271802e+00	1.211289e-01	6.957461e-01	3.121615e+00	9.097469e-01	1.785556e+00	3.031376e-01	1.844993e+00	6.123884e-01	1.800293e+00	1.036556e+00	1.763516e+00	1.788217e+00	2.984967e-01	2.268298e+00	8.331932e-01	
12  92.0638	2.278967e+00	1.123505e-01	6.930277e-01	3.100133e+00	9.741924e-01	1.906176e+00	4.034956e-01	1.955515e+00	7.083431e-01	1.903306e+00	1.147425e+00	1.858482e+00	1.862049e+00	2.827148e-01	2.220090e+00	8.032417e-01	
2  90.8403	2.277081e+00	1.257255e-01	6.898830e-01	3.013564e+00	9.187850e-01	1.945492e+00	6.845465e-01	1.969037e+00	7.384039e-01	1.916173e+00	1.162271e+00	1.861251e+00	1.853546e+00	3.133608e-01	2.035984e+00	8.091547e-01	
13  91.679	2.357192e+00	1.369300e-01	6.977914e-01	2.881226e+00	8.735451e-01	2.024124e+00	7.793707e-01	2.040138e+00	7.723982e-01	1.982333e+00	1.208554e+00	1.918266e+00	1.859919e+00	3.309546e-01	1.783613e+00	7.815588e-01	
1  92.1596	2.375789e+00	1.399088e-01	7.063045e-01	2.771476e+00	8.622237e-01	2.120708e+00	8.090025e-01	2.135428e+00	8.385132e-01	2.070356e+00	1.286093e+00	2.000983e+00	1.904008e+00	3.293687e-01	1.598220e+00	7.471037e-01	
6  91.0103	2.385710e+00	1.277493e-01	7.142689e-01	2.981433e+00	9.142471e-01	1.922116e+00	4.425246e-01	1.964693e+00	7.010343e-01	1.912950e+00	1.145493e+00	1.865051e+00	1.843998e+00	2.984252e-01	1.971605e+00	8.020629e-01	
16  90.6138	2.385710e+00	1.277493e-01	7.142689e-01	2.981433e+00	9.142471e-01	1.898054e+00	3.367809e-01	1.993111e+00	7.629818e-01	1.916079e+00	1.062583e+00	1.896004e+00	1.780387e+00	2.984252e-01	1.971605e+00	8.020629e-01	
4  90.7844	2.444462e+00	1.232897e-01	7.147702e-01	3.016558e+00	9.209292e-01	1.856634e+00	7.870717e-02	1.978293e+00	7.036194e-01	1.901749e+00	1.024305e+00	1.887271e+00	1.751350e+00	2.904276e-01	2.042089e+00	7.965051e-01	
11  90.291	2.378028e+00	1.149488e-01	6.916416e-01	3.171190e+00	9.415929e-01	1.747565e+00	1.319275e-02	1.878036e+00	6.264649e-01	1.807991e+00	9.352082e-01	1.799330e+00	1.700097e+00	2.913514e-01	2.383584e+00	8.275587e-01	
4  90.6286	2.258598e+00	1.134989e-01	6.713884e-01	3.122042e+00	9.621256e-01	1.884873e+00	4.332721e-01	1.978520e+00	7.617405e-01	1.900799e+00	1.051423e+00	1.876737e+00	1.773811e+00	3.033284e-01	2.269267e+00	8.097696e-01	
4  91.7873	2.258598e+00	1.134989e-01	6.713884e-01	3.122042e+00	9.621256e-01	1.822434e+00	1.635767e-01	1.983234e+00	1.032959e+00	1.890230e+00	1.186810e+00	1.871958e+00	1.420222e+00	3.033284e-01	2.269267e+00	8.097696e-01	
4  90.3149	2.258598e+00	1.134989e-01	6.713884e-01	3.122042e+00	9.621256e-01	1.834258e+00	1.620727e-01	1.985379e+00	8.664468e-01	1.850002e+00	1.018002e+00	1.918898e+00	1.403399e+00	3.033284e-01	2.269267e+00	8.097696e-01	
11  90.2754	2.234088e+00	1.195430e-01	6.735050e-01	2.964424e+00	9.224654e-01	1.962131e+00	2.510915e-01	2.110531e+00	9.553582e-01	1.964586e+00	1.113873e+00	2.024804e+00	1.453327e+00	3.142090e-01	1.938354e+00	7.645840e-01	
3  90.9384	2.234088e+00	1.195430e-01	6.735050e-01	2.964424e+00	9.224654e-01	1.979082e+00	3.912569e-01	2.127814e+00	1.072561e+00	1.998450e+00	1.401256e+00	1.982361e+00	1.005915e+00	3.142090e-01	1.938354e+00	7.645840e-01	
1  91.8196	2.277030e+00	1.217629e-01	6.789098e-01	2.879319e+00	9.034818e-01	2.038462e+00	3.045333e-01	2.198820e+00	1.094432e+00	2.063499e+00	1.441898e+00	2.044768e+00	1.021011e+00	3.149739e-01	1.780215e+00	7.348517e-01	
6  91.2132	2.209913e+00	1.200165e-01	6.765134e-01	2.925068e+00	9.159275e-01	2.010766e+00	3.957702e-01	2.160047e+00	1.101591e+00	2.027869e+00	1.429763e+00	2.011338e+00	1.027129e+00	3.119271e-01	1.863550e+00	7.519197e-01	
42  90.1339	2.209913e+00	1.200165e-01	6.765134e-01	2.925068e+00	9.159275e-01	2.052544e+00	4.072526e-01	2.202090e+00	1.411632e+00	2.056081e+00	2.013987e+00	1.996964e+00	1.052829e+00	3.119271e-01	1.863550e+00	7.519197e-01	
3  89.2185	2.209913e+00	1.200165e-01	6.765134e-01	2.925068e+00	9.159275e-01	2.076495e+00	4.011235e-01	2.173310e+00	1.281978e+00	2.011398e+00	1.442180e+00	2.043773e+00	1.509876e+00	3.119271e-01	1.863550e+00	7.519197e-01	
1  89.6714	2.217226e+00	1.232292e-01	6.838676e-01	3.018281e+00	9.107334e-01	1.947460e+00	3.949231e-01	2.037953e+00	1.202381e+00	1.887438e+00	1.341934e+00	1.928362e+00	1.457065e+00	3.122803e-01	2.045611e+00	8.007847e-01	
1  91.2587	2.193594e+00	1.205680e-01	6.965635e-01	2.968554e+00	9.562419e-01	2.049602e+00	5.806930e-01	2.116662e+00	1.312657e+00	1.961836e+00	1.447242e+00	1.998007e+00	1.540905e+00	2.950286e-01	1.946376e+00	7.884299e-01	
12  89.9615	2.187552e+00	1.126020e-01	6.735875e-01	3.113094e+00	9.620128e-01	1.925474e+00	3.461473e-01	2.020401e+00	1.193816e+00	1.871148e+00	1.334752e+00	1.914690e+00	1.462769e+00	2.978083e-01	2.249052e+00	8.072516e-01	
3  90.7253	2.098632e+00	1.259567e-01	6.737913e-01	2.900675e+00	8.480858e-01	2.017603e+00	3.441252e-01	2.124730e+00	1.250733e+00	1.964193e+00	1.388671e+00	2.003176e+00	1.481763e+00	3.250855e-01	1.818642e+00	7.526718e-01	
10  89.7026	2.098632e+00	1.259567e-01	6.737913e-01	2.900675e+00	8.480858e-01	1.994643e+00	1.930157e-01	2.113325e+00	1.185477e+00	1.963694e+00	1.213846e+00	1.946477e+00	1.351602e+00	3.250855e-01	1.818642e+00	7.526718e-01	
6  88.5898	2.100058e+00	1.220326e-01	6.719737e-01	3.012422e+00	9.086535e-01	1.957741e+00	4.153771e-01	2.046126e+00	1.189694e+00	1.904157e+00	1.199422e+00	1.885586e+00	1.355515e+00	3.181879e-01	2.033659e+00	7.974520e-01	
12  89.4858	2.100058e+00	1.220326e-01	6.719737e-01	3.012422e+00	9.086535e-01	1.953576e+00	4.025520e-01	2.014064e+00	1.158710e+00	1.928189e+00	1.154888e+00	1.936252e+00	1.232612e+00	3.181879e-01	2.033659e+00	7.974520e-01	
# After 130 accepted steps: update proposal 
22  89.608	2.100058e+00	1.220326e-01	6.719737e-01	3.012422e+00	9.086535e-01	1.972497e+00	5.672285e-01	2.022582e+00	1.171344e+00	1.922183e+00	1.239694e+00	1.956435e+00	1.297132e+00	3.181879e-01	2.033659e+00	7.974520e-01	
9  90.0226	2.121468e+00	1.198799e-01	6.711012e-01	3.071141e+00	9.529621e-01	1.973514e+00	7.727253e-01	1.988992e+00	1.133225e+00	1.907250e+00	1.270504e+00	1.920337e+00	1.228660e+00	3.147114e-01	2.156650e+00	8.238629e-01	
9  90.8959	2.245731e+00	1.277749e-01	6.731901e-01	3.020983e+00	8.950040e-01	1.962085e+00	7.333777e-01	1.983756e+00	1.092278e+00	1.897433e+00	1.203380e+00	1.917223e+00	1.318387e+00	3.329245e-01	2.051145e+00	8.106778e-01	
5  90.3275	2.245731e+00	1.277749e-01	6.731901e-01	3.020983e+00	8.950040e-01	1.936154e+00	6.179291e-01	2.010913e+00	1.196048e+00	1.874636e+00	1.105546e+00	1.930226e+00	1.322493e+00	3.329245e-01	2.051145e+00	8.106778e-01	
4  92.6467	2.246442e+00	1.404029e-01	6.834081e-01	2.790147e+00	8.452225e-01	2.137580e+00	9.739218e-01	2.166725e+00	1.336600e+00	2.019526e+00	1.283887e+00	2.055572e+00	1.222892e+00	3.500967e-01	1.628342e+00	7.524966e-01	
2  93.2423	2.246442e+00	1.404029e-01	6.834081e-01	2.790147e+00	8.452225e-01	2.151519e+00	1.054273e+00	2.132220e+00	9.478054e-01	1.972042e+00	8.803608e-01	2.025128e+00	9.712019e-01	3.500967e-01	1.628342e+00	7.524966e-01	
6  92.5592	2.246442e+00	1.404029e-01	6.834081e-01	2.790147e+00	8.452225e-01	2.117776e+00	8.167645e-01	2.076333e+00	5.118886e-01	2.044136e+00	1.319548e+00	2.018499e+00	1.385773e+00	3.500967e-01	1.628342e+00	7.524966e-01	
10  92.5512	2.291887e+00	1.225412e-01	6.824085e-01	3.100448e+00	9.629348e-01	1.907573e+00	6.272228e-01	1.879571e+00	3.813618e-01	1.875243e+00	1.175523e+00	1.867259e+00	1.583498e+00	3.137429e-01	2.220789e+00	8.426042e-01	
5  90.1926	2.291887e+00	1.225412e-01	6.824085e-01	3.100448e+00	9.629348e-01	1.907613e+00	5.932109e-01	1.951793e+00	7.379983e-01	1.808579e+00	7.618649e-01	1.850165e+00	1.400391e+00	3.137429e-01	2.220789e+00	8.426042e-01	
2  89.4497	2.216472e+00	1.122479e-01	6.732666e-01	3.159576e+00	1.003876e+00	1.901962e+00	4.317100e-01	1.971092e+00	7.838410e-01	1.819271e+00	8.017967e-01	1.875107e+00	1.462213e+00	2.979492e-01	2.356061e+00	8.353500e-01	
1  89.6097	2.434835e+00	1.338607e-01	7.024550e-01	2.970982e+00	9.084184e-01	1.967552e+00	7.037308e-01	1.994652e+00	8.000206e-01	1.843920e+00	7.672843e-01	1.900023e+00	1.588570e+00	3.219280e-01	1.951107e+00	8.137125e-01	
6  91.3964	2.434835e+00	1.338607e-01	7.024550e-01	2.970982e+00	9.084184e-01	1.938778e+00	6.099972e-01	1.927732e+00	4.602357e-01	1.833736e+00	7.041791e-01	1.821111e+00	7.817190e-01	3.219280e-01	1.951107e+00	8.137125e-01	
2  90.3833	2.434835e+00	1.338607e-01	7.024550e-01	2.970982e+00	9.084184e-01	1.951642e+00	5.775155e-01	1.965416e+00	7.678132e-01	1.803538e+00	5.605763e-01	1.874565e+00	1.068614e+00	3.219280e-01	1.951107e+00	8.137125e-01	
6  89.5127	2.401806e+00	1.258708e-01	6.899261e-01	2.983128e+00	9.297097e-01	1.990527e+00	4.443695e-01	2.027239e+00	8.339465e-01	1.850509e+00	6.347139e-01	1.935528e+00	1.162249e+00	3.162471e-01	1.974950e+00	7.931450e-01	
5  91.6343	2.401806e+00	1.258708e-01	6.899261e-01	2.983128e+00	9.297097e-01	1.975485e+00	4.874792e-01	2.012832e+00	7.101503e-01	1.875436e+00	4.965082e-01	1.884935e+00	1.011873e+00	3.162471e-01	1.974950e+00	7.931450e-01	
9  90.6225	2.401806e+00	1.258708e-01	6.899261e-01	2.983128e+00	9.297097e-01	1.975658e+00	3.479665e-01	2.023205e+00	7.650863e-01	1.896191e+00	6.130217e-01	1.923674e+00	1.070811e+00	3.162471e-01	1.974950e+00	7.931450e-01	
5  90.2761	2.401806e+00	1.258708e-01	6.899261e-01	2.983128e+00	9.297097e-01	2.051603e+00	8.863351e-01	2.037288e+00	6.995191e-01	1.952901e+00	1.108981e+00	1.976608e+00	1.583882e+00	3.162471e-01	1.974950e+00	7.931450e-01	
8  89.7812	2.401806e+00	1.258708e-01	6.899261e-01	2.983128e+00	9.297097e-01	2.024503e+00	6.534594e-01	2.051939e+00	8.091413e-01	1.966336e+00	1.430323e+00	1.979863e+00	1.694941e+00	3.162471e-01	1.974950e+00	7.931450e-01	
1  89.8067	2.401806e+00	1.258708e-01	6.899261e-01	2.983128e+00	9.297097e-01	1.973241e+00	4.133042e-01	2.049495e+00	1.135573e+00	1.910527e+00	1.192011e+00	1.963155e+00	1.325608e+00	3.162471e-01	1.974950e+00	7.931450e-01	
9  88.8875	2.401806e+00	1.258708e-01	6.899261e-01	2.983128e+00	9.297097e-01	1.990896e+00	5.054714e-01	2.093248e+00	1.401809e+00	1.949483e+00	1.401930e+00	1.954247e+00	1.666957e+00	3.162471e-01	1.974950e+00	7.931450e-01	
9  92.0438	2.331961e+00	1.108290e-01	6.760697e-01	3.070505e+00	1.035607e+00	2.064975e+00	6.498888e-01	2.144716e+00	1.478900e+00	2.006674e+00	1.580895e+00	2.000332e+00	1.669371e+00	2.949060e-01	2.155279e+00	7.949315e-01	
1  92.1105	2.295027e+00	1.186018e-01	6.717914e-01	3.024806e+00	1.003827e+00	2.081022e+00	8.254259e-01	2.137576e+00	1.409558e+00	2.010003e+00	1.571854e+00	1.968837e+00	1.388004e+00	3.150788e-01	2.059002e+00	8.038223e-01	
2  89.9775	2.156461e+00	1.124863e-01	6.687680e-01	2.948724e+00	9.935555e-01	2.144722e+00	5.329465e-01	2.252628e+00	1.573398e+00	2.090338e+00	1.654809e+00	2.084687e+00	1.500840e+00	3.011624e-01	1.908158e+00	7.525214e-01	
5  92.708	2.148120e+00	1.301924e-01	6.800028e-01	2.802761e+00	9.408398e-01	2.230419e+00	1.004955e+00	2.270795e+00	1.533065e+00	2.127317e+00	1.692362e+00	2.068054e+00	1.132066e+00	3.294041e-01	1.649011e+00	7.554681e-01	
6  94.0244	2.148120e+00	1.301924e-01	6.800028e-01	2.802761e+00	9.408398e-01	2.133555e+00	5.185025e-01	2.277938e+00	1.496993e+00	2.089862e+00	1.270581e+00	2.065965e+00	1.072571e+00	3.294041e-01	1.649011e+00	7.554681e-01	
6  92.4776	2.121206e+00	1.190955e-01	6.683751e-01	2.901296e+00	9.737701e-01	2.076346e+00	2.400282e-01	2.261522e+00	1.498826e+00	2.064388e+00	1.246016e+00	2.064207e+00	1.210252e+00	3.155220e-01	1.819772e+00	7.588310e-01	
9  92.3013	2.121206e+00	1.190955e-01	6.683751e-01	2.901296e+00	9.737701e-01	2.079179e+00	3.265667e-01	2.236198e+00	1.372063e+00	2.106804e+00	1.629572e+00	2.027208e+00	9.613715e-01	3.155220e-01	1.819772e+00	7.588310e-01	
6  92.8464	2.190564e+00	1.155761e-01	6.781692e-01	2.793603e+00	9.584688e-01	2.179204e+00	9.694790e-02	2.373494e+00	1.589464e+00	2.205449e+00	1.732603e+00	2.185819e+00	1.425382e+00	3.003301e-01	1.633978e+00	6.997154e-01	
4  94.1591	2.190564e+00	1.155761e-01	6.781692e-01	2.793603e+00	9.584688e-01	2.185283e+00	3.665603e-02	2.350453e+00	1.325246e+00	2.184294e+00	1.800214e+00	2.228707e+00	1.617170e+00	3.003301e-01	1.633978e+00	6.997154e-01	
19  97.9382	2.191100e+00	1.248410e-01	6.862595e-01	2.672329e+00	8.491673e-01	2.148869e+00	-3.417590e-01	2.376481e+00	1.352431e+00	2.179777e+00	1.675479e+00	2.262825e+00	1.736367e+00	3.129748e-01	1.447363e+00	6.656259e-01	
1  99.8575	2.191100e+00	1.248410e-01	6.862595e-01	2.672329e+00	8.491673e-01	2.139394e+00	-3.855571e-01	2.383844e+00	1.118257e+00	2.139029e+00	1.235055e+00	2.257929e+00	1.528255e+00	3.129748e-01	1.447363e+00	6.656259e-01	
12  97.7029	2.191100e+00	1.248410e-01	6.862595e-01	2.672329e+00	8.491673e-01	2.143342e+00	-4.664710e-01	2.411167e+00	1.543208e+00	2.125373e+00	9.386643e-01	2.222556e+00	1.351046e+00	3.129748e-01	1.447363e+00	6.656259e-01	
2  96.6247	2.191100e+00	1.248410e-01	6.862595e-01	2.672329e+00	8.491673e-01	2.213212e+00	-3.211281e-02	2.452132e+00	1.931015e+00	2.077690e+00	4.717639e-01	2.206169e+00	1.139446e+00	3.129748e-01	1.447363e+00	6.656259e-01	
14  94.0981	2.191100e+00	1.248410e-01	6.862595e-01	2.672329e+00	8.491673e-01	2.176538e+00	-2.747092e-01	2.405876e+00	1.561903e+00	2.092245e+00	3.534197e-01	2.184589e+00	9.539790e-01	3.129748e-01	1.447363e+00	6.656259e-01	
2  96.8259	2.191100e+00	1.248410e-01	6.862595e-01	2.672329e+00	8.491673e-01	2.179440e+00	-3.789443e-01	2.403705e+00	1.696825e+00	2.100440e+00	5.587349e-01	2.161104e+00	5.546098e-01	3.129748e-01	1.447363e+00	6.656259e-01	
10  98.4382	2.191100e+00	1.248410e-01	6.862595e-01	2.672329e+00	8.491673e-01	2.183290e+00	-3.708668e-01	2.473975e+00	2.115624e+00	2.108692e+00	5.277227e-01	2.230641e+00	8.805838e-01	3.129748e-01	1.447363e+00	6.656259e-01	
2  96.7553	2.191100e+00	1.248410e-01	6.862595e-01	2.672329e+00	8.491673e-01	2.171980e+00	-4.068131e-01	2.449480e+00	1.625289e+00	2.118516e+00	7.250390e-01	2.191562e+00	8.668918e-01	3.129748e-01	1.447363e+00	6.656259e-01	
2  97.0437	2.191100e+00	1.248410e-01	6.862595e-01	2.672329e+00	8.491673e-01	2.206468e+00	-3.190013e-01	2.465124e+00	1.619879e+00	2.149080e+00	8.616002e-01	2.202006e+00	9.366196e-01	3.129748e-01	1.447363e+00	6.656259e-01	
1  95.4302	2.191100e+00	1.248410e-01	6.862595e-01	2.672329e+00	8.491673e-01	2.232450e+00	-1.596525e-01	2.451380e+00	2.036001e+00	2.122848e+00	6.264208e-01	2.164452e+00	7.110739e-01	3.129748e-01	1.447363e+00	6.656259e-01	
8  97.5387	2.204993e+00	1.166485e-01	6.826229e-01	2.811089e+00	8.944249e-01	2.132651e+00	-2.927388e-01	2.365795e+00	1.970492e+00	2.046946e+00	5.523744e-01	2.097838e+00	7.923103e-01	2.990351e-01	1.662801e+00	6.936441e-01	
1  95.0171	2.204993e+00	1.166485e-01	6.826229e-01	2.811089e+00	8.944249e-01	2.112117e+00	-3.187829e-01	2.362967e+00	2.010435e+00	2.127182e+00	1.037224e+00	2.107894e+00	9.305810e-01	2.990351e-01	1.662801e+00	6.936441e-01	
4  94.1516	2.204993e+00	1.166485e-01	6.826229e-01	2.811089e+00	8.944249e-01	2.116193e+00	-1.493220e-01	2.387237e+00	2.117848e+00	2.097581e+00	9.442279e-01	2.108308e+00	9.206302e-01	2.990351e-01	1.662801e+00	6.936441e-01	
5  93.5852	2.267399e+00	1.036927e-01	6.656582e-01	3.059091e+00	9.769271e-01	1.972061e+00	-2.175997e-01	2.244087e+00	1.954395e+00	1.980765e+00	8.507431e-01	1.982598e+00	9.509012e-01	2.866409e-01	2.130817e+00	7.412246e-01	
3  93.4903	2.267399e+00	1.036927e-01	6.656582e-01	3.059091e+00	9.769271e-01	1.980030e+00	-1.096045e-01	2.235094e+00	1.870454e+00	1.970269e+00	5.267674e-01	1.963953e+00	9.780444e-01	2.866409e-01	2.130817e+00	7.412246e-01	
3  94.417	2.267399e+00	1.036927e-01	6.656582e-01	3.059091e+00	9.769271e-01	1.925571e+00	-2.604707e-01	2.204405e+00	1.582149e+00	1.946344e+00	4.225612e-01	2.001615e+00	1.298685e+00	2.866409e-01	2.130817e+00	7.412246e-01	
4  93.0097	2.267399e+00	1.036927e-01	6.656582e-01	3.059091e+00	9.769271e-01	1.937710e+00	-2.383908e-01	2.206993e+00	1.446479e+00	2.005966e+00	8.092126e-01	2.014561e+00	1.640016e+00	2.866409e-01	2.130817e+00	7.412246e-01	
1  92.7312	2.173033e+00	1.008590e-01	6.593761e-01	3.099187e+00	1.012473e+00	1.942837e+00	-9.967989e-02	2.191630e+00	1.417193e+00	2.003745e+00	8.478630e-01	1.985454e+00	1.423124e+00	2.834408e-01	2.217991e+00	7.563172e-01	
3  92.0277	2.210316e+00	1.081459e-01	6.594824e-01	2.955216e+00	9.905888e-01	2.103745e+00	2.181098e-01	2.310104e+00	1.502335e+00	2.118074e+00	1.005792e+00	2.077847e+00	1.353936e+00	3.009613e-01	1.920587e+00	7.293782e-01	
2  93.2224	2.210316e+00	1.081459e-01	6.594824e-01	2.955216e+00	9.905888e-01	2.117973e+00	1.473177e-01	2.318210e+00	1.957367e+00	2.080030e+00	6.660364e-01	2.069054e+00	1.162915e+00	3.009613e-01	1.920587e+00	7.293782e-01	
1  90.7842	2.210316e+00	1.081459e-01	6.594824e-01	2.955216e+00	9.905888e-01	2.126092e+00	2.036323e-01	2.273683e+00	1.168801e+00	2.137982e+00	1.296515e+00	2.024857e+00	8.925514e-01	3.009613e-01	1.920587e+00	7.293782e-01	
5  91.0617	2.210316e+00	1.081459e-01	6.594824e-01	2.955216e+00	9.905888e-01	2.118529e+00	1.962882e-01	2.279886e+00	1.296155e+00	2.108695e+00	1.223044e+00	2.091762e+00	1.684302e+00	3.009613e-01	1.920587e+00	7.293782e-01	
9  89.4738	2.170901e+00	1.186812e-01	6.706947e-01	2.908580e+00	9.631451e-01	2.107751e+00	4.299636e-01	2.233827e+00	1.228824e+00	2.080678e+00	1.177794e+00	2.031405e+00	1.413240e+00	3.135271e-01	1.833074e+00	7.544706e-01	
3  90.0908	2.170901e+00	1.186812e-01	6.706947e-01	2.908580e+00	9.631451e-01	2.125381e+00	5.013608e-01	2.277845e+00	1.631918e+00	2.117959e+00	1.713958e+00	2.050856e+00	1.309244e+00	3.135271e-01	1.833074e+00	7.544706e-01	
2  92.5489	2.084464e+00	1.197283e-01	6.516482e-01	2.879233e+00	9.374660e-01	2.153253e+00	4.882322e-01	2.314554e+00	1.595462e+00	2.150227e+00	1.738502e+00	2.060352e+00	1.068428e+00	3.325530e-01	1.780062e+00	7.409154e-01	
8  89.9735	2.221507e+00	1.265374e-01	6.697861e-01	2.915546e+00	8.759417e-01	1.987033e+00	1.728822e-01	2.189189e+00	1.497277e+00	2.023131e+00	1.488614e+00	1.971732e+00	1.312532e+00	3.330186e-01	1.845890e+00	7.597908e-01	
1  90.2389	2.221507e+00	1.265374e-01	6.697861e-01	2.915546e+00	8.759417e-01	2.026276e+00	3.545739e-01	2.114346e+00	9.193506e-01	2.030022e+00	1.262797e+00	1.949050e+00	1.384403e+00	3.330186e-01	1.845890e+00	7.597908e-01	
1  90.5574	2.221507e+00	1.265374e-01	6.697861e-01	2.915546e+00	8.759417e-01	2.061924e+00	4.366824e-01	2.143973e+00	1.281570e+00	1.987236e+00	1.104314e+00	1.970736e+00	1.546811e+00	3.330186e-01	1.845890e+00	7.597908e-01	
4  90.8566	2.221507e+00	1.265374e-01	6.697861e-01	2.915546e+00	8.759417e-01	2.080618e+00	6.391910e-01	2.176424e+00	1.578330e+00	1.948865e+00	8.187963e-01	1.982669e+00	1.429812e+00	3.330186e-01	1.845890e+00	7.597908e-01	
3  90.819	2.068427e+00	1.318827e-01	6.792726e-01	2.907288e+00	8.275319e-01	1.968546e+00	4.144048e-01	2.099789e+00	1.515454e+00	1.870759e+00	6.585934e-01	1.908490e+00	1.227231e+00	3.320489e-01	1.830709e+00	7.734754e-01	
2  89.9149	2.068427e+00	1.318827e-01	6.792726e-01	2.907288e+00	8.275319e-01	1.943456e+00	3.027403e-01	2.063120e+00	1.374610e+00	1.917551e+00	1.183283e+00	1.851917e+00	7.429011e-01	3.320489e-01	1.830709e+00	7.734754e-01	
3  90.6335	2.068427e+00	1.318827e-01	6.792726e-01	2.907288e+00	8.275319e-01	1.961460e+00	2.957560e-01	2.059785e+00	1.208610e+00	1.936788e+00	1.094574e+00	1.905525e+00	1.322817e+00	3.320489e-01	1.830709e+00	7.734754e-01	
1  90.8472	2.068427e+00	1.318827e-01	6.792726e-01	2.907288e+00	8.275319e-01	1.975171e+00	5.080068e-01	2.093780e+00	1.509114e+00	1.903007e+00	9.752807e-01	1.830522e+00	7.821107e-01	3.320489e-01	1.830709e+00	7.734754e-01	
9  92.3776	2.068427e+00	1.318827e-01	6.792726e-01	2.907288e+00	8.275319e-01	1.901377e+00	1.460658e-01	2.135868e+00	1.487519e+00	1.934423e+00	1.177177e+00	1.884357e+00	1.500164e+00	3.320489e-01	1.830709e+00	7.734754e-01	
10  91.7279	2.068427e+00	1.318827e-01	6.792726e-01	2.907288e+00	8.275319e-01	1.947747e+00	1.888123e-01	2.117337e+00	1.659220e+00	1.922911e+00	1.097969e+00	1.915934e+00	1.407419e+00	3.320489e-01	1.830709e+00	7.734754e-01	
6  91.7559	2.068427e+00	1.318827e-01	6.792726e-01	2.907288e+00	8.275319e-01	1.929777e+00	1.108647e-01	2.092151e+00	1.319564e+00	1.888719e+00	7.397871e-01	1.858535e+00	1.113638e+00	3.320489e-01	1.830709e+00	7.734754e-01	
10  91.5796	2.068427e+00	1.318827e-01	6.792726e-01	2.907288e+00	8.275319e-01	1.973016e+00	4.837598e-01	2.109248e+00	1.453692e+00	1.918577e+00	9.470564e-01	1.883754e+00	7.359703e-01	3.320489e-01	1.830709e+00	7.734754e-01	
8  89.6572	2.068427e+00	1.318827e-01	6.792726e-01	2.907288e+00	8.275319e-01	1.906669e+00	1.027711e-01	2.063714e+00	1.049044e+00	1.931054e+00	1.049834e+00	1.894941e+00	9.164657e-01	3.320489e-01	1.830709e+00	7.734754e-01	
3  88.9888	2.120789e+00	1.345826e-01	6.842086e-01	2.857007e+00	8.352816e-01	1.982947e+00	3.184828e-01	2.107417e+00	1.095278e+00	1.978176e+00	1.133749e+00	1.932622e+00	9.403762e-01	3.341610e-01	1.740934e+00	7.635570e-01	
4  90.6679	2.120789e+00	1.345826e-01	6.842086e-01	2.857007e+00	8.352816e-01	1.993366e+00	2.633648e-01	2.150134e+00	1.312520e+00	1.931295e+00	9.954239e-01	1.917512e+00	7.096162e-01	3.341610e-01	1.740934e+00	7.635570e-01	
1  91.1054	2.120789e+00	1.345826e-01	6.842086e-01	2.857007e+00	8.352816e-01	1.932149e+00	-1.305116e-03	2.164403e+00	1.545721e+00	1.930729e+00	8.783590e-01	1.869217e+00	7.135902e-01	3.341610e-01	1.740934e+00	7.635570e-01	
7  91.2819	2.120789e+00	1.345826e-01	6.842086e-01	2.857007e+00	8.352816e-01	1.915466e+00	-1.839542e-02	2.152079e+00	1.333798e+00	1.906272e+00	8.239022e-01	1.923117e+00	1.230532e+00	3.341610e-01	1.740934e+00	7.635570e-01	
7  90.6222	2.120789e+00	1.345826e-01	6.842086e-01	2.857007e+00	8.352816e-01	1.997105e+00	3.525045e-01	2.129696e+00	1.296917e+00	1.940624e+00	1.154486e+00	1.877829e+00	1.033064e+00	3.341610e-01	1.740934e+00	7.635570e-01	
2  90.9874	2.120789e+00	1.345826e-01	6.842086e-01	2.857007e+00	8.352816e-01	1.972706e+00	2.963043e-01	2.070842e+00	6.827324e-01	1.983404e+00	1.456584e+00	1.843913e+00	7.337909e-01	3.341610e-01	1.740934e+00	7.635570e-01	
6  90.237	2.198054e+00	1.275990e-01	6.780459e-01	2.918396e+00	8.652447e-01	1.964652e+00	2.051034e-01	2.073843e+00	6.973671e-01	1.982568e+00	1.473498e+00	1.860400e+00	9.401315e-01	3.267534e-01	1.851157e+00	7.651268e-01	
3  89.9254	2.198054e+00	1.275990e-01	6.780459e-01	2.918396e+00	8.652447e-01	1.928860e+00	8.405680e-02	2.075772e+00	6.727929e-01	1.947304e+00	1.239149e+00	1.867904e+00	7.513439e-01	3.267534e-01	1.851157e+00	7.651268e-01	
8  89.9095	2.198054e+00	1.275990e-01	6.780459e-01	2.918396e+00	8.652447e-01	1.965244e+00	3.383562e-01	2.105093e+00	1.345097e+00	1.873919e+00	6.617095e-01	1.927819e+00	9.554595e-01	3.267534e-01	1.851157e+00	7.651268e-01	
3  91.325	2.198054e+00	1.275990e-01	6.780459e-01	2.918396e+00	8.652447e-01	1.960480e+00	3.130089e-01	2.103230e+00	1.044920e+00	1.866260e+00	7.938028e-01	1.922553e+00	1.136675e+00	3.267534e-01	1.851157e+00	7.651268e-01	
5  89.738	2.198054e+00	1.275990e-01	6.780459e-01	2.918396e+00	8.652447e-01	2.006085e+00	4.881969e-01	2.122532e+00	1.204334e+00	1.969772e+00	1.544739e+00	1.883318e+00	7.060384e-01	3.267534e-01	1.851157e+00	7.651268e-01	
2  89.6069	2.264049e+00	1.205419e-01	6.731588e-01	2.960870e+00	9.071901e-01	2.037611e+00	4.988776e-01	2.150263e+00	1.249372e+00	1.995292e+00	1.614578e+00	1.919648e+00	8.881816e-01	3.173977e-01	1.931477e+00	7.610685e-01	
4  89.4127	2.373557e+00	1.199972e-01	6.924295e-01	2.990229e+00	9.340148e-01	2.014976e+00	5.471929e-01	2.112978e+00	1.281505e+00	1.964325e+00	1.594751e+00	1.909477e+00	1.140327e+00	3.011249e-01	1.989024e+00	7.756463e-01	
3  89.5817	2.373557e+00	1.199972e-01	6.924295e-01	2.990229e+00	9.340148e-01	1.974130e+00	3.056352e-01	2.145905e+00	1.430658e+00	1.968197e+00	1.750282e+00	1.920398e+00	1.282270e+00	3.011249e-01	1.989024e+00	7.756463e-01	
6  89.4222	2.373557e+00	1.199972e-01	6.924295e-01	2.990229e+00	9.340148e-01	1.979597e+00	3.495946e-01	2.118810e+00	1.057165e+00	1.935357e+00	1.322689e+00	1.954329e+00	1.510490e+00	3.011249e-01	1.989024e+00	7.756463e-01	
3  90.3648	2.413273e+00	1.158743e-01	6.816858e-01	3.047133e+00	9.483777e-01	1.958356e+00	2.950116e-01	2.104813e+00	1.019825e+00	1.922798e+00	1.314201e+00	1.942079e+00	1.553738e+00	3.026738e-01	2.105489e+00	7.793153e-01	
4  90.6522	2.413273e+00	1.158743e-01	6.816858e-01	3.047133e+00	9.483777e-01	1.945195e+00	2.658114e-01	2.102412e+00	1.068226e+00	1.948329e+00	1.406804e+00	1.873065e+00	1.230473e+00	3.026738e-01	2.105489e+00	7.793153e-01	
1  91.4843	2.413273e+00	1.158743e-01	6.816858e-01	3.047133e+00	9.483777e-01	1.871619e+00	1.979082e-03	2.105381e+00	9.389516e-01	1.903169e+00	8.225543e-01	1.907347e+00	1.435554e+00	3.026738e-01	2.105489e+00	7.793153e-01	
2  91.632	2.413273e+00	1.158743e-01	6.816858e-01	3.047133e+00	9.483777e-01	1.902963e+00	1.341849e-01	2.039216e+00	4.856163e-01	1.944613e+00	1.166854e+00	1.842333e+00	5.105608e-01	3.026738e-01	2.105489e+00	7.793153e-01	
25  91.4355	2.413273e+00	1.158743e-01	6.816858e-01	3.047133e+00	9.483777e-01	1.880260e+00	-7.170869e-02	2.067905e+00	8.540781e-01	1.896434e+00	9.133370e-01	1.829183e+00	3.779684e-01	3.026738e-01	2.105489e+00	7.793153e-01	
7  91.6796	2.413273e+00	1.158743e-01	6.816858e-01	3.047133e+00	9.483777e-01	1.852121e+00	-2.011243e-01	2.098951e+00	1.104305e+00	1.894330e+00	8.997932e-01	1.881881e+00	9.712119e-01	3.026738e-01	2.105489e+00	7.793153e-01	
6  91.6887	2.413273e+00	1.158743e-01	6.816858e-01	3.047133e+00	9.483777e-01	1.881322e+00	5.381678e-02	2.141435e+00	1.318465e+00	1.917462e+00	7.906990e-01	1.888756e+00	1.221351e+00	3.026738e-01	2.105489e+00	7.793153e-01	
8  93.0153	2.413273e+00	1.158743e-01	6.816858e-01	3.047133e+00	9.483777e-01	1.896680e+00	2.228428e-01	2.148003e+00	1.387853e+00	1.928484e+00	9.105054e-01	1.897285e+00	1.188872e+00	3.026738e-01	2.105489e+00	7.793153e-01	
8  91.6242	2.413273e+00	1.158743e-01	6.816858e-01	3.047133e+00	9.483777e-01	1.901806e+00	2.255936e-01	2.087280e+00	1.069733e+00	1.955230e+00	1.303720e+00	1.838807e+00	7.288494e-01	3.026738e-01	2.105489e+00	7.793153e-01	
1  93.6011	2.372935e+00	1.264021e-01	6.852453e-01	2.860511e+00	9.215486e-01	2.091794e+00	6.609360e-01	2.219347e+00	1.166362e+00	2.086966e+00	1.490291e+00	1.932138e+00	4.917642e-01	3.210990e-01	1.747044e+00	7.461764e-01	
1  93.665	2.313457e+00	1.191404e-01	6.757407e-01	2.875090e+00	9.398179e-01	2.111743e+00	5.094093e-01	2.264729e+00	1.223865e+00	2.118892e+00	1.540418e+00	1.978008e+00	5.517109e-01	3.129897e-01	1.772702e+00	7.301709e-01	
2  92.6464	2.300392e+00	1.169306e-01	7.013725e-01	2.983222e+00	9.539715e-01	1.930797e+00	2.312809e-01	2.116089e+00	1.179448e+00	1.977205e+00	1.338893e+00	1.874093e+00	7.310319e-01	2.857735e-01	1.975135e+00	7.724104e-01	
19  92.5548	2.300392e+00	1.169306e-01	7.013725e-01	2.983222e+00	9.539715e-01	1.956197e+00	2.815597e-01	2.119393e+00	1.303992e+00	2.015740e+00	1.708690e+00	1.829286e+00	4.257370e-01	2.857735e-01	1.975135e+00	7.724104e-01	
1  93.3082	2.300392e+00	1.169306e-01	7.013725e-01	2.983222e+00	9.539715e-01	1.965188e+00	4.246282e-01	2.127460e+00	1.342509e+00	1.994047e+00	1.395180e+00	1.842873e+00	5.336956e-01	2.857735e-01	1.975135e+00	7.724104e-01	
1  93.6149	2.300392e+00	1.169306e-01	7.013725e-01	2.983222e+00	9.539715e-01	1.956928e+00	1.844515e-01	2.112373e+00	1.480556e+00	1.883112e+00	6.312776e-01	1.886112e+00	4.274329e-01	2.857735e-01	1.975135e+00	7.724104e-01	
36  90.0664	2.461928e+00	1.213758e-01	7.013966e-01	3.008051e+00	9.083974e-01	1.877058e+00	2.748614e-02	2.052973e+00	1.390352e+00	1.822601e+00	4.971983e-01	1.842107e+00	6.001622e-01	2.980731e-01	2.024790e+00	7.773783e-01	
4  90.0111	2.461928e+00	1.213758e-01	7.013966e-01	3.008051e+00	9.083974e-01	1.944201e+00	3.917855e-01	2.075075e+00	1.251135e+00	1.828853e+00	5.312800e-01	1.865667e+00	9.328657e-01	2.980731e-01	2.024790e+00	7.773783e-01	
1  90.1345	2.452666e+00	1.239289e-01	7.004231e-01	3.069116e+00	9.226459e-01	1.890897e+00	5.668991e-01	1.992297e+00	1.135177e+00	1.770581e+00	4.765144e-01	1.775059e+00	7.149597e-01	3.039175e-01	2.152286e+00	8.170650e-01	
7  91.6229	2.387701e+00	1.285342e-01	7.112276e-01	3.012536e+00	9.094773e-01	1.909938e+00	6.482332e-01	2.000356e+00	1.163603e+00	1.779872e+00	4.838639e-01	1.778068e+00	6.116827e-01	3.025737e-01	2.033892e+00	8.154116e-01	
7  91.8217	2.387701e+00	1.285342e-01	7.112276e-01	3.012536e+00	9.094773e-01	1.893671e+00	5.323948e-01	2.042828e+00	1.174723e+00	1.764700e+00	6.021169e-01	1.797653e+00	6.326185e-01	3.025737e-01	2.033892e+00	8.154116e-01	
1  92.2323	2.322650e+00	1.204107e-01	7.077774e-01	3.113284e+00	9.303691e-01	1.790338e+00	2.303285e-01	1.982722e+00	1.146889e+00	1.700237e+00	5.128799e-01	1.755911e+00	7.014850e-01	2.880162e-01	2.249479e+00	8.326237e-01	
25  92.0795	2.370512e+00	1.262024e-01	7.050225e-01	2.939368e+00	9.072417e-01	1.995543e+00	5.210342e-01	2.151515e+00	1.285591e+00	1.855109e+00	7.229625e-01	1.897329e+00	7.100491e-01	3.028862e-01	1.890389e+00	7.760221e-01	
6  92.7778	2.374229e+00	1.315881e-01	7.027735e-01	2.972647e+00	8.897799e-01	1.932689e+00	6.124585e-01	2.073503e+00	1.157820e+00	1.795132e+00	6.333651e-01	1.810350e+00	5.009035e-01	3.158079e-01	1.954358e+00	8.037129e-01	
2  90.2312	2.374229e+00	1.315881e-01	7.027735e-01	2.972647e+00	8.897799e-01	1.877582e+00	1.879609e-01	2.087434e+00	1.252301e+00	1.826615e+00	6.950882e-01	1.861245e+00	8.781796e-01	3.158079e-01	1.954358e+00	8.037129e-01	
8  89.3906	2.374229e+00	1.315881e-01	7.027735e-01	2.972647e+00	8.897799e-01	1.911725e+00	4.702511e-01	2.050599e+00	1.042457e+00	1.840488e+00	7.823671e-01	1.897694e+00	1.021449e+00	3.158079e-01	1.954358e+00	8.037129e-01	
5  90.4678	2.374229e+00	1.315881e-01	7.027735e-01	2.972647e+00	8.897799e-01	1.913476e+00	5.445919e-01	2.007950e+00	7.106687e-01	1.914061e+00	1.419575e+00	1.841251e+00	8.262989e-01	3.158079e-01	1.954358e+00	8.037129e-01	
1  90.6815	2.374229e+00	1.315881e-01	7.027735e-01	2.972647e+00	8.897799e-01	1.956798e+00	6.567792e-01	1.997579e+00	9.989809e-01	1.957070e+00	1.710427e+00	1.870264e+00	9.427683e-01	3.158079e-01	1.954358e+00	8.037129e-01	
4  93.2711	2.374229e+00	1.315881e-01	7.027735e-01	2.972647e+00	8.897799e-01	1.940071e+00	6.036118e-01	1.987111e+00	9.975612e-01	1.979458e+00	1.808760e+00	1.830924e+00	6.957069e-01	3.158079e-01	1.954358e+00	8.037129e-01	
2  92.4071	2.375578e+00	1.261726e-01	6.943741e-01	3.037963e+00	9.049872e-01	1.897018e+00	4.641188e-01	1.964039e+00	9.701496e-01	1.954665e+00	1.779012e+00	1.814503e+00	7.487993e-01	3.122905e-01	2.086269e+00	8.115206e-01	
14  89.8297	2.375578e+00	1.261726e-01	6.943741e-01	3.037963e+00	9.049872e-01	1.817515e+00	4.417681e-02	2.005435e+00	1.015213e+00	1.905905e+00	1.552781e+00	1.856177e+00	1.505759e+00	3.122905e-01	2.086269e+00	8.115206e-01	
1  92.7935	2.375578e+00	1.261726e-01	6.943741e-01	3.037963e+00	9.049872e-01	1.778475e+00	-1.267045e-01	2.057644e+00	1.427115e+00	1.905712e+00	1.219598e+00	1.869345e+00	1.597960e+00	3.122905e-01	2.086269e+00	8.115206e-01	
4  90.3836	2.375578e+00	1.261726e-01	6.943741e-01	3.037963e+00	9.049872e-01	1.835037e+00	2.485128e-01	2.005423e+00	9.416860e-01	1.918737e+00	1.574413e+00	1.837367e+00	1.325700e+00	3.122905e-01	2.086269e+00	8.115206e-01	
2  89.8817	2.375578e+00	1.261726e-01	6.943741e-01	3.037963e+00	9.049872e-01	1.887643e+00	5.213824e-01	2.013582e+00	1.073893e+00	1.886926e+00	1.634893e+00	1.845222e+00	1.044594e+00	3.122905e-01	2.086269e+00	8.115206e-01	
4  90.6104	2.332350e+00	1.185201e-01	6.813797e-01	2.949898e+00	9.525884e-01	2.099932e+00	7.208176e-01	2.202754e+00	1.269540e+00	2.058623e+00	1.923464e+00	2.012060e+00	1.100612e+00	3.069015e-01	1.910401e+00	7.592988e-01	
2  90.7525	2.181425e+00	1.041690e-01	6.705816e-01	3.223156e+00	1.005568e+00	1.825715e+00	2.434668e-01	1.993225e+00	1.084222e+00	1.863797e+00	1.674452e+00	1.831002e+00	1.005455e+00	2.815946e-01	2.510723e+00	8.227354e-01	
10  90.2733	2.181425e+00	1.041690e-01	6.705816e-01	3.223156e+00	1.005568e+00	1.807562e+00	8.884101e-02	1.989549e+00	9.898248e-01	1.871102e+00	1.613829e+00	1.799845e+00	8.109774e-01	2.815946e-01	2.510723e+00	8.227354e-01	
4  89.1854	2.259600e+00	1.241924e-01	6.908746e-01	2.935687e+00	8.982901e-01	1.980330e+00	3.297652e-01	2.133884e+00	1.121066e+00	1.995931e+00	1.706450e+00	1.923717e+00	8.296247e-01	3.088837e-01	1.883444e+00	7.676179e-01	
7  89.5639	2.259600e+00	1.241924e-01	6.908746e-01	2.935687e+00	8.982901e-01	1.989806e+00	2.548035e-01	2.142916e+00	1.253664e+00	1.964708e+00	1.657973e+00	1.949691e+00	1.300447e+00	3.088837e-01	1.883444e+00	7.676179e-01	
1  89.7652	2.084982e+00	1.108137e-01	6.641981e-01	3.018135e+00	9.656414e-01	2.021618e+00	2.400933e-01	2.181208e+00	1.265242e+00	2.003538e+00	1.771710e+00	1.967283e+00	1.087385e+00	2.999090e-01	2.045310e+00	7.671343e-01	
18  89.6447	2.152720e+00	1.198422e-01	6.712358e-01	2.982242e+00	9.321954e-01	2.012465e+00	3.920238e-01	2.148005e+00	1.202322e+00	1.981478e+00	1.722318e+00	1.928781e+00	1.006866e+00	3.151952e-01	1.973200e+00	7.799248e-01	
5  88.5325	2.152720e+00	1.198422e-01	6.712358e-01	2.982242e+00	9.321954e-01	1.970415e+00	2.316214e-01	2.137237e+00	1.125179e+00	1.984392e+00	1.427792e+00	1.958565e+00	1.224746e+00	3.151952e-01	1.973200e+00	7.799248e-01	
2  88.4256	2.152720e+00	1.198422e-01	6.712358e-01	2.982242e+00	9.321954e-01	2.021410e+00	5.847636e-01	2.123839e+00	1.113704e+00	1.994754e+00	1.266241e+00	1.869466e+00	7.811677e-01	3.151952e-01	1.973200e+00	7.799248e-01	
1  88.9729	2.138554e+00	1.083708e-01	6.581471e-01	3.080219e+00	9.826761e-01	1.999133e+00	4.429663e-01	2.121470e+00	1.122437e+00	1.989178e+00	1.292728e+00	1.875763e+00	8.861620e-01	3.010462e-01	2.176317e+00	7.796119e-01	
1  89.8874	2.120612e+00	1.089510e-01	6.759560e-01	3.187062e+00	1.008776e+00	1.859060e+00	4.445602e-01	1.972530e+00	1.022993e+00	1.864195e+00	1.143950e+00	1.748909e+00	8.364439e-01	2.862695e-01	2.421718e+00	8.394068e-01	
4  89.6654	2.213085e+00	1.235878e-01	6.964424e-01	3.026138e+00	9.250147e-01	1.904726e+00	4.944668e-01	2.012699e+00	1.070669e+00	1.893135e+00	1.112811e+00	1.790477e+00	9.318081e-01	3.017590e-01	2.061745e+00	8.131661e-01	
3  90.0741	2.213085e+00	1.235878e-01	6.964424e-01	3.026138e+00	9.250147e-01	1.892149e+00	3.757304e-01	1.972593e+00	1.092230e+00	1.872513e+00	1.218472e+00	1.807713e+00	9.004947e-01	3.017590e-01	2.061745e+00	8.131661e-01	
1  90.6147	2.213085e+00	1.235878e-01	6.964424e-01	3.026138e+00	9.250147e-01	1.893109e+00	3.720025e-01	1.980459e+00	1.314842e+00	1.874152e+00	1.054681e+00	1.862184e+00	1.427364e+00	3.017590e-01	2.061745e+00	8.131661e-01	
4  89.7	2.213085e+00	1.235878e-01	6.964424e-01	3.026138e+00	9.250147e-01	1.869254e+00	2.143300e-01	2.033889e+00	1.662173e+00	1.879021e+00	1.126821e+00	1.829738e+00	9.983745e-01	3.017590e-01	2.061745e+00	8.131661e-01	
4  88.3743	2.375203e+00	1.205184e-01	6.882858e-01	3.006915e+00	9.374412e-01	1.957209e+00	2.763431e-01	2.112369e+00	1.725980e+00	1.948149e+00	1.233126e+00	1.910816e+00	1.263511e+00	3.058964e-01	2.022491e+00	7.842498e-01	
9  89.5032	2.375203e+00	1.205184e-01	6.882858e-01	3.006915e+00	9.374412e-01	1.985707e+00	5.858531e-01	2.110106e+00	1.700851e+00	1.929519e+00	1.050449e+00	1.936709e+00	1.538629e+00	3.058964e-01	2.022491e+00	7.842498e-01	
3  89.8426	2.388493e+00	1.204394e-01	6.853545e-01	3.068751e+00	9.329351e-01	1.906859e+00	5.042584e-01	2.041241e+00	1.613994e+00	1.868248e+00	9.579482e-01	1.873057e+00	1.501471e+00	3.086335e-01	2.151501e+00	8.055860e-01	
4  89.9911	2.388493e+00	1.204394e-01	6.853545e-01	3.068751e+00	9.329351e-01	1.908892e+00	4.683654e-01	2.084148e+00	1.607990e+00	1.856013e+00	8.128400e-01	1.862259e+00	1.501133e+00	3.086335e-01	2.151501e+00	8.055860e-01	
8  90.3504	2.388493e+00	1.204394e-01	6.853545e-01	3.068751e+00	9.329351e-01	1.836169e+00	5.807662e-02	1.997131e+00	1.159381e+00	1.815624e+00	5.897158e-01	1.893255e+00	1.635375e+00	3.086335e-01	2.151501e+00	8.055860e-01	
4  90.9328	2.381449e+00	1.245599e-01	6.720789e-01	2.952613e+00	8.926880e-01	1.953292e+00	1.353835e-01	2.110939e+00	1.211550e+00	1.914698e+00	6.969438e-01	1.979359e+00	1.546208e+00	3.299133e-01	1.915595e+00	7.622483e-01	
12  90.387	2.381449e+00	1.245599e-01	6.720789e-01	2.952613e+00	8.926880e-01	1.989130e+00	2.484376e-01	2.123734e+00	1.092763e+00	1.926944e+00	7.791382e-01	1.946909e+00	1.464050e+00	3.299133e-01	1.915595e+00	7.622483e-01	
2  91.8172	2.381449e+00	1.245599e-01	6.720789e-01	2.952613e+00	8.926880e-01	1.985870e+00	3.536556e-01	2.067101e+00	6.579008e-01	1.924868e+00	6.807025e-01	1.869380e+00	6.970615e-01	3.299133e-01	1.915595e+00	7.622483e-01	
4  91.8936	2.381449e+00	1.245599e-01	6.720789e-01	2.952613e+00	8.926880e-01	2.029749e+00	3.791192e-01	2.093279e+00	1.017025e+00	1.944635e+00	1.110138e+00	1.884913e+00	7.470978e-01	3.299133e-01	1.915595e+00	7.622483e-01	
4  91.0142	2.288661e+00	1.269933e-01	6.764773e-01	2.966881e+00	8.473399e-01	1.913005e+00	6.580924e-02	2.024586e+00	9.584282e-01	1.868835e+00	9.489075e-01	1.825749e+00	6.798376e-01	3.289269e-01	1.943121e+00	7.707933e-01	
7  91.2671	2.290234e+00	1.308067e-01	6.724944e-01	2.986983e+00	8.518814e-01	1.906425e+00	2.863158e-01	1.984011e+00	8.697857e-01	1.848024e+00	9.400077e-01	1.769596e+00	4.592446e-01	3.413015e-01	1.982578e+00	7.928803e-01	
3  91.1447	2.290234e+00	1.308067e-01	6.724944e-01	2.986983e+00	8.518814e-01	1.913094e+00	4.723170e-01	1.994448e+00	8.200107e-01	1.889786e+00	1.003173e+00	1.790631e+00	7.346682e-01	3.413015e-01	1.982578e+00	7.928803e-01	
7  89.9213	2.196693e+00	1.141505e-01	6.562869e-01	3.153397e+00	9.092168e-01	1.805081e+00	8.075188e-02	1.943281e+00	7.987941e-01	1.831458e+00	9.483499e-01	1.758900e+00	8.369469e-01	3.175241e-01	2.341547e+00	8.103805e-01	
6  92.9128	2.196693e+00	1.141505e-01	6.562869e-01	3.153397e+00	9.092168e-01	1.809137e+00	1.892456e-01	1.828995e+00	2.901254e-01	1.824872e+00	1.094361e+00	1.756175e+00	9.329143e-01	3.175241e-01	2.341547e+00	8.103805e-01	
3  92.9586	2.228143e+00	1.160558e-01	6.623468e-01	3.056773e+00	9.300300e-01	1.960825e+00	5.097223e-01	1.934305e+00	4.117429e-01	1.929177e+00	1.274314e+00	1.848682e+00	9.645270e-01	3.168003e-01	2.125885e+00	7.855618e-01	
1  92.7003	2.204763e+00	1.250426e-01	6.705336e-01	3.030028e+00	8.568472e-01	1.857235e+00	3.062001e-01	1.862068e+00	3.247128e-01	1.854309e+00	1.096951e+00	1.781394e+00	8.785835e-01	3.285794e-01	2.069782e+00	7.945102e-01	
10  92.5946	2.204763e+00	1.250426e-01	6.705336e-01	3.030028e+00	8.568472e-01	1.853176e+00	2.547112e-01	1.847583e+00	1.598774e-01	1.779678e+00	6.036496e-01	1.826687e+00	1.155185e+00	3.285794e-01	2.069782e+00	7.945102e-01	
3  93.5253	2.199369e+00	1.262409e-01	6.921577e-01	2.939055e+00	8.550770e-01	1.917309e+00	2.418561e-01	1.913593e+00	3.154044e-01	1.830189e+00	6.679713e-01	1.907790e+00	1.368690e+00	3.107580e-01	1.889797e+00	7.682376e-01	
4  93.333	2.199369e+00	1.262409e-01	6.921577e-01	2.939055e+00	8.550770e-01	1.993416e+00	5.942726e-01	1.938215e+00	3.741966e-01	1.839422e+00	6.303627e-01	1.919064e+00	1.252424e+00	3.107580e-01	1.889797e+00	7.682376e-01	
1  94.1956	2.199369e+00	1.262409e-01	6.921577e-01	2.939055e+00	8.550770e-01	1.991250e+00	5.210560e-01	1.949716e+00	1.671369e-01	1.871533e+00	8.687833e-01	1.919442e+00	1.457585e+00	3.107580e-01	1.889797e+00	7.682376e-01	
4  94.0653	2.199369e+00	1.262409e-01	6.921577e-01	2.939055e+00	8.550770e-01	1.933578e+00	1.072003e-02	2.012093e+00	5.188276e-01	1.927097e+00	1.378380e+00	1.932062e+00	1.784798e+00	3.107580e-01	1.889797e+00	7.682376e-01	
17  92.8148	2.401798e+00	1.347846e-01	6.907767e-01	2.768463e+00	8.316105e-01	2.156320e+00	4.416165e-01	2.174033e+00	6.310069e-01	2.082719e+00	1.595959e+00	2.070652e+00	1.915622e+00	3.341491e-01	1.593412e+00	7.162979e-01	
1  92.6549	2.401798e+00	1.347846e-01	6.907767e-01	2.768463e+00	8.316105e-01	2.135898e+00	4.024948e-01	2.146423e+00	4.436482e-01	2.094647e+00	1.784575e+00	2.089181e+00	1.820274e+00	3.341491e-01	1.593412e+00	7.162979e-01	
1  94.2709	2.401798e+00	1.347846e-01	6.907767e-01	2.768463e+00	8.316105e-01	2.088735e+00	1.259991e-02	2.159149e+00	6.059895e-01	2.066902e+00	1.650873e+00	2.112564e+00	2.117471e+00	3.341491e-01	1.593412e+00	7.162979e-01	
5  92.1767	2.401798e+00	1.347846e-01	6.907767e-01	2.768463e+00	8.316105e-01	2.089192e+00	1.657523e-01	2.151069e+00	6.701302e-01	2.049360e+00	1.313969e+00	2.092475e+00	1.727729e+00	3.341491e-01	1.593412e+00	7.162979e-01	
2  93.9972	2.401798e+00	1.347846e-01	6.907767e-01	2.768463e+00	8.316105e-01	2.146667e+00	5.515598e-01	2.185885e+00	1.021154e+00	2.050105e+00	1.311007e+00	2.091697e+00	1.688825e+00	3.341491e-01	1.593412e+00	7.162979e-01	
2  91.9529	2.385118e+00	1.234285e-01	6.932689e-01	2.964472e+00	8.794864e-01	1.955657e+00	1.858255e-01	2.041241e+00	9.384414e-01	1.911948e+00	1.138682e+00	1.986137e+00	1.860336e+00	3.077760e-01	1.938447e+00	7.633151e-01	
2  89.2244	2.257821e+00	1.315301e-01	6.978940e-01	2.949018e+00	8.921976e-01	1.971180e+00	6.263864e-01	1.990908e+00	8.485774e-01	1.894789e+00	1.158304e+00	1.904136e+00	1.355152e+00	3.177302e-01	1.908721e+00	8.006676e-01	
3  90.8902	2.257821e+00	1.315301e-01	6.978940e-01	2.949018e+00	8.921976e-01	2.016901e+00	8.817636e-01	2.020940e+00	1.002626e+00	1.890968e+00	1.347349e+00	1.924764e+00	1.304403e+00	3.177302e-01	1.908721e+00	8.006676e-01	
2  91.9327	2.257821e+00	1.315301e-01	6.978940e-01	2.949018e+00	8.921976e-01	2.067727e+00	1.092989e+00	2.052771e+00	1.148608e+00	1.865283e+00	9.123225e-01	1.919506e+00	1.444619e+00	3.177302e-01	1.908721e+00	8.006676e-01	
2  91.1298	2.257821e+00	1.315301e-01	6.978940e-01	2.949018e+00	8.921976e-01	2.041361e+00	9.348400e-01	2.050351e+00	1.266603e+00	1.876053e+00	1.030983e+00	1.904372e+00	9.692110e-01	3.177302e-01	1.908721e+00	8.006676e-01	
1  90.5432	2.257821e+00	1.315301e-01	6.978940e-01	2.949018e+00	8.921976e-01	2.040602e+00	1.125549e+00	2.081057e+00	1.262860e+00	1.869895e+00	9.275266e-01	1.895181e+00	1.039691e+00	3.177302e-01	1.908721e+00	8.006676e-01	
5  91.0836	2.310895e+00	1.332917e-01	6.997757e-01	3.043500e+00	8.827772e-01	1.907176e+00	1.030466e+00	1.956502e+00	1.121969e+00	1.760563e+00	7.636279e-01	1.784197e+00	1.018378e+00	3.207050e-01	2.097853e+00	8.402804e-01	
4  91.5449	2.310895e+00	1.332917e-01	6.997757e-01	3.043500e+00	8.827772e-01	1.883993e+00	8.966725e-01	1.936305e+00	9.764384e-01	1.811709e+00	9.083946e-01	1.792885e+00	1.372807e+00	3.207050e-01	2.097853e+00	8.402804e-01	
2  91.0451	2.310895e+00	1.332917e-01	6.997757e-01	3.043500e+00	8.827772e-01	1.874816e+00	7.997459e-01	1.971184e+00	1.296782e+00	1.785884e+00	8.025923e-01	1.824368e+00	1.472551e+00	3.207050e-01	2.097853e+00	8.402804e-01	
1  94.2099	2.310895e+00	1.332917e-01	6.997757e-01	3.043500e+00	8.827772e-01	1.916369e+00	1.017812e+00	2.002916e+00	1.312463e+00	1.756704e+00	5.917746e-01	1.810310e+00	1.543688e+00	3.207050e-01	2.097853e+00	8.402804e-01	
2  92.8702	2.310895e+00	1.332917e-01	6.997757e-01	3.043500e+00	8.827772e-01	1.933829e+00	1.127839e+00	1.958078e+00	9.899722e-01	1.801692e+00	1.059436e+00	1.845253e+00	1.660631e+00	3.207050e-01	2.097853e+00	8.402804e-01	
1  94.0247	2.308416e+00	1.341536e-01	7.082575e-01	3.110860e+00	9.117724e-01	1.874411e+00	1.273173e+00	1.871329e+00	9.166960e-01	1.737533e+00	1.006058e+00	1.763766e+00	1.558225e+00	3.147386e-01	2.244034e+00	8.849528e-01	
2  93.6187	2.353870e+00	1.247298e-01	6.920821e-01	3.185722e+00	9.596457e-01	1.895646e+00	1.261325e+00	1.893351e+00	9.237167e-01	1.759246e+00	1.075531e+00	1.786839e+00	1.662958e+00	3.108969e-01	2.418475e+00	8.866907e-01	
4  93.162	2.285309e+00	1.322893e-01	6.879392e-01	2.962083e+00	8.920097e-01	2.078195e+00	1.316059e+00	2.080313e+00	1.080472e+00	1.915569e+00	1.236151e+00	1.942117e+00	1.590878e+00	3.291771e-01	1.933822e+00	8.044816e-01	
4  91.9245	2.285309e+00	1.322893e-01	6.879392e-01	2.962083e+00	8.920097e-01	2.069937e+00	1.440256e+00	2.036246e+00	7.902079e-01	1.911235e+00	1.040878e+00	1.884580e+00	1.185521e+00	3.291771e-01	1.933822e+00	8.044816e-01	
2  92.5442	2.285309e+00	1.322893e-01	6.879392e-01	2.962083e+00	8.920097e-01	2.085561e+00	1.363793e+00	2.032616e+00	1.051592e+00	1.951163e+00	1.229496e+00	1.919788e+00	1.301351e+00	3.291771e-01	1.933822e+00	8.044816e-01	
7  92.3546	2.265856e+00	1.303976e-01	6.912947e-01	2.908916e+00	8.874961e-01	2.135049e+00	1.268184e+00	2.098928e+00	1.153464e+00	2.000300e+00	1.285826e+00	1.990732e+00	1.435888e+00	3.216238e-01	1.833692e+00	7.771658e-01	
5  93.0312	2.265856e+00	1.303976e-01	6.912947e-01	2.908916e+00	8.874961e-01	2.056628e+00	7.380777e-01	2.070678e+00	9.536356e-01	2.020178e+00	1.024436e+00	1.939525e+00	1.060985e+00	3.216238e-01	1.833692e+00	7.771658e-01	
3  93.5839	2.424289e+00	1.405042e-01	7.070631e-01	2.713821e+00	8.333946e-01	2.214240e+00	8.955073e-01	2.207798e+00	1.109103e+00	2.136743e+00	1.143723e+00	2.075793e+00	1.331554e+00	3.308233e-01	1.508682e+00	7.172340e-01	
1  93.6814	2.391128e+00	1.357802e-01	7.087022e-01	2.694978e+00	8.506277e-01	2.255257e+00	8.169285e-01	2.261904e+00	1.204682e+00	2.177891e+00	1.209053e+00	2.135849e+00	1.454714e+00	3.192291e-01	1.480520e+00	7.027183e-01	
4  93.4548	2.296586e+00	1.275565e-01	6.973640e-01	2.949032e+00	8.780444e-01	1.977553e+00	4.524514e-01	2.031781e+00	9.569023e-01	1.970900e+00	9.288790e-01	1.925960e+00	1.276684e+00	3.108397e-01	1.908746e+00	7.790002e-01	
6  93.0435	2.296586e+00	1.275565e-01	6.973640e-01	2.949032e+00	8.780444e-01	1.996996e+00	5.249823e-01	2.086135e+00	1.275478e+00	1.968245e+00	1.058513e+00	1.972891e+00	1.631561e+00	3.108397e-01	1.908746e+00	7.790002e-01	
1  93.7479	2.219083e+00	1.233328e-01	7.003839e-01	2.879621e+00	9.212665e-01	2.136858e+00	7.138231e-01	2.200810e+00	1.435083e+00	2.075171e+00	1.254000e+00	2.076976e+00	1.640701e+00	2.979748e-01	1.780753e+00	7.541871e-01	
3  93.6769	2.253244e+00	1.226260e-01	6.950257e-01	2.817442e+00	9.084169e-01	2.213874e+00	6.846564e-01	2.285890e+00	1.513138e+00	2.144194e+00	1.334695e+00	2.157398e+00	1.757664e+00	3.018308e-01	1.673400e+00	7.217859e-01	
4  97.6522	2.253244e+00	1.226260e-01	6.950257e-01	2.817442e+00	9.084169e-01	2.231014e+00	7.491819e-01	2.254702e+00	1.047331e+00	2.174451e+00	1.506617e+00	2.181633e+00	1.931218e+00	3.018308e-01	1.673400e+00	7.217859e-01	
3  98.0178	2.253244e+00	1.226260e-01	6.950257e-01	2.817442e+00	9.084169e-01	2.244425e+00	7.694015e-01	2.200707e+00	4.415651e-01	2.129316e+00	1.291506e+00	2.161333e+00	1.820901e+00	3.018308e-01	1.673400e+00	7.217859e-01	
1  98.2934	2.253244e+00	1.226260e-01	6.950257e-01	2.817442e+00	9.084169e-01	2.254735e+00	7.331086e-01	2.227843e+00	6.367749e-01	2.072954e+00	9.985192e-01	2.162593e+00	1.813562e+00	3.018308e-01	1.673400e+00	7.217859e-01	
3  99.3025	2.126348e+00	1.269815e-01	6.814760e-01	2.859376e+00	8.850464e-01	2.176662e+00	7.737677e-01	2.146430e+00	4.716290e-01	2.009784e+00	8.994768e-01	2.055345e+00	1.365862e+00	3.205988e-01	1.745064e+00	7.510846e-01	
3  96.7105	2.231161e+00	1.347704e-01	6.945593e-01	2.759611e+00	8.454559e-01	2.231019e+00	8.501651e-01	2.189543e+00	5.266129e-01	2.045397e+00	9.167539e-01	2.102383e+00	1.512778e+00	3.269528e-01	1.579370e+00	7.268026e-01	
9  96.6768	2.231161e+00	1.347704e-01	6.945593e-01	2.759611e+00	8.454559e-01	2.254998e+00	9.686715e-01	2.185607e+00	7.505959e-01	2.005935e+00	7.709987e-01	2.099138e+00	1.464708e+00	3.269528e-01	1.579370e+00	7.268026e-01	
1  97.585	2.246940e+00	1.260353e-01	6.803730e-01	2.868898e+00	8.792996e-01	2.199459e+00	8.213620e-01	2.150083e+00	7.026499e-01	1.971946e+00	7.441476e-01	2.071629e+00	1.532772e+00	3.222001e-01	1.761759e+00	7.423456e-01	
1  99.6256	2.231698e+00	1.182137e-01	6.764966e-01	2.843071e+00	8.974832e-01	2.264975e+00	6.545038e-01	2.243437e+00	8.386259e-01	2.041597e+00	8.430292e-01	2.172991e+00	1.762278e+00	3.084793e-01	1.716841e+00	7.088204e-01	
1  100.611	2.226135e+00	1.141068e-01	6.735611e-01	2.810876e+00	9.375143e-01	2.376485e+00	8.381150e-01	2.328909e+00	9.384319e-01	2.124419e+00	1.002017e+00	2.249393e+00	1.798752e+00	3.019990e-01	1.662448e+00	6.915860e-01	
1  101.002	2.226135e+00	1.141068e-01	6.735611e-01	2.810876e+00	9.375143e-01	2.348099e+00	4.669109e-01	2.380184e+00	1.330377e+00	2.141960e+00	1.029759e+00	2.235531e+00	1.816642e+00	3.019990e-01	1.662448e+00	6.915860e-01	
5  100.489	2.226135e+00	1.141068e-01	6.735611e-01	2.810876e+00	9.375143e-01	2.394181e+00	8.726991e-01	2.347897e+00	8.953485e-01	2.212112e+00	1.427000e+00	2.138831e+00	9.668454e-01	3.019990e-01	1.662448e+00	6.915860e-01	
5  98.8487	2.226135e+00	1.141068e-01	6.735611e-01	2.810876e+00	9.375143e-01	2.378737e+00	8.748956e-01	2.306249e+00	6.182703e-01	2.220099e+00	1.328260e+00	2.160048e+00	1.553549e+00	3.019990e-01	1.662448e+00	6.915860e-01	
5  97.7323	2.097400e+00	1.044098e-01	6.715806e-01	2.939014e+00	9.948535e-01	2.285775e+00	7.431584e-01	2.229669e+00	5.822974e-01	2.152828e+00	1.278573e+00	2.094678e+00	1.475379e+00	2.794283e-01	1.889720e+00	7.174869e-01	
1  97.0517	2.097400e+00	1.044098e-01	6.715806e-01	2.939014e+00	9.948535e-01	2.294481e+00	8.780469e-01	2.235261e+00	5.967683e-01	2.088965e+00	9.309992e-01	2.136384e+00	1.483551e+00	2.794283e-01	1.889720e+00	7.174869e-01	
3  97.3141	2.097400e+00	1.044098e-01	6.715806e-01	2.939014e+00	9.948535e-01	2.262194e+00	5.791340e-01	2.218369e+00	5.113165e-01	2.124666e+00	1.109739e+00	2.181580e+00	1.478675e+00	2.794283e-01	1.889720e+00	7.174869e-01	
9  97.0853	2.097400e+00	1.044098e-01	6.715806e-01	2.939014e+00	9.948535e-01	2.267081e+00	6.617292e-01	2.227356e+00	5.323650e-01	2.153398e+00	1.320886e+00	2.090791e+00	7.460343e-01	2.794283e-01	1.889720e+00	7.174869e-01	
8  93.9415	2.097400e+00	1.044098e-01	6.715806e-01	2.939014e+00	9.948535e-01	2.232240e+00	5.441874e-01	2.273169e+00	7.834274e-01	2.162061e+00	1.602107e+00	2.100634e+00	9.025503e-01	2.794283e-01	1.889720e+00	7.174869e-01	
12  95.0663	2.234039e+00	1.100997e-01	6.806281e-01	2.891227e+00	9.998213e-01	2.305895e+00	8.610350e-01	2.296431e+00	8.013489e-01	2.196467e+00	1.671526e+00	2.120989e+00	9.695753e-01	2.872809e-01	1.801541e+00	7.207816e-01	
1  94.5633	2.391193e+00	1.151670e-01	6.877585e-01	2.952835e+00	9.350914e-01	2.129519e+00	4.914403e-01	2.170023e+00	6.679610e-01	2.067050e+00	1.412680e+00	2.027277e+00	1.205591e+00	2.953903e-01	1.916019e+00	7.394649e-01	
5  96.186	2.374378e+00	1.227275e-01	6.956741e-01	3.054403e+00	8.808189e-01	1.891284e+00	2.439158e-01	1.963667e+00	4.368358e-01	1.879430e+00	1.095120e+00	1.836863e+00	1.030109e+00	3.039810e-01	2.120853e+00	7.971479e-01	
5  96.0681	2.374378e+00	1.227275e-01	6.956741e-01	3.054403e+00	8.808189e-01	1.908091e+00	2.661709e-01	1.968852e+00	6.307993e-01	1.872440e+00	1.430122e+00	1.888920e+00	1.066873e+00	3.039810e-01	2.120853e+00	7.971479e-01	
1  95.1205	2.427642e+00	1.433557e-01	7.064621e-01	2.748935e+00	7.943455e-01	2.157588e+00	7.816992e-01	2.150972e+00	7.553425e-01	2.045971e+00	1.626495e+00	2.026143e+00	8.878192e-01	3.371671e-01	1.562598e+00	7.273856e-01	
2  95.8612	2.356624e+00	1.310005e-01	7.063176e-01	2.964732e+00	8.980424e-01	2.030354e+00	8.065080e-01	2.010497e+00	6.607541e-01	1.935422e+00	1.566624e+00	1.903896e+00	8.112027e-01	3.111158e-01	1.938950e+00	8.028115e-01	
1  95.8929	2.246984e+00	1.045376e-01	6.794440e-01	3.049230e+00	1.010141e+00	2.135847e+00	5.544771e-01	2.157681e+00	8.668744e-01	2.052870e+00	1.807101e+00	2.057357e+00	1.092434e+00	2.765151e-01	2.109910e+00	7.551053e-01	
8  97.5275	2.130513e+00	9.445668e-02	6.682875e-01	3.140594e+00	1.035551e+00	2.061171e+00	2.508298e-01	2.129335e+00	8.559924e-01	2.016345e+00	1.761058e+00	2.037441e+00	1.090629e+00	2.606444e-01	2.311759e+00	7.489921e-01	
2  96.2729	2.130513e+00	9.445668e-02	6.682875e-01	3.140594e+00	1.035551e+00	2.058674e+00	3.585632e-01	2.123130e+00	7.891485e-01	2.033386e+00	1.741497e+00	1.997825e+00	1.067469e+00	2.606444e-01	2.311759e+00	7.489921e-01	
3  93.8784	2.153554e+00	1.018299e-01	6.660084e-01	3.023731e+00	9.862815e-01	2.142564e+00	4.455986e-01	2.199493e+00	8.249858e-01	2.099695e+00	1.795852e+00	2.055993e+00	1.015799e+00	2.795733e-01	2.056789e+00	7.289800e-01	
9  92.8434	2.153298e+00	1.001194e-01	6.647140e-01	3.255578e+00	9.783834e-01	1.830286e+00	7.113775e-02	1.933893e+00	5.410276e-01	1.859235e+00	1.437340e+00	1.820229e+00	9.224050e-01	2.767862e-01	2.593459e+00	8.066998e-01	
3  92.7853	2.088671e+00	9.870181e-02	6.593245e-01	3.103708e+00	1.021963e+00	2.101442e+00	5.384484e-01	2.142633e+00	7.491912e-01	2.060491e+00	1.780794e+00	1.991660e+00	8.196055e-01	2.765821e-01	2.228042e+00	7.550689e-01	
1  94.3017	2.105799e+00	1.059350e-01	6.539438e-01	3.064539e+00	9.573630e-01	2.065377e+00	4.352180e-01	2.125308e+00	6.740883e-01	2.038788e+00	1.690152e+00	1.965402e+00	7.249832e-01	2.984669e-01	2.142458e+00	7.564288e-01	
2  95.4739	2.313162e+00	1.176862e-01	6.753561e-01	3.124244e+00	9.350891e-01	1.939921e+00	6.316165e-01	1.959173e+00	4.980701e-01	1.906317e+00	1.499645e+00	1.819348e+00	7.587616e-01	3.101515e-01	2.274270e+00	8.190583e-01	
1  94.5743	2.313162e+00	1.176862e-01	6.753561e-01	3.124244e+00	9.350891e-01	1.940286e+00	5.114783e-01	2.010969e+00	1.074071e+00	1.917215e+00	1.541948e+00	1.848783e+00	8.767509e-01	3.101515e-01	2.274270e+00	8.190583e-01	
9  92.0736	2.313162e+00	1.176862e-01	6.753561e-01	3.124244e+00	9.350891e-01	1.894059e+00	3.384473e-01	1.969791e+00	1.256998e+00	1.916003e+00	1.294030e+00	1.822884e+00	9.376751e-01	3.101515e-01	2.274270e+00	8.190583e-01	
1  92.7432	2.334300e+00	1.193565e-01	6.856348e-01	3.106096e+00	9.101401e-01	1.856444e+00	1.677587e-01	1.956812e+00	1.279869e+00	1.893243e+00	1.229147e+00	1.826154e+00	1.083122e+00	3.049248e-01	2.233368e+00	8.126855e-01	
3  91.8267	2.317124e+00	1.219869e-01	6.895090e-01	2.892455e+00	9.078500e-01	2.120015e+00	4.633984e-01	2.184691e+00	1.530102e+00	2.097481e+00	1.524615e+00	2.029048e+00	1.154008e+00	3.066793e-01	1.803753e+00	7.417753e-01	
6  91.6221	2.317124e+00	1.219869e-01	6.895090e-01	2.892455e+00	9.078500e-01	2.080117e+00	2.227135e-01	2.200102e+00	1.480299e+00	2.089567e+00	1.229495e+00	2.030287e+00	1.089129e+00	3.066793e-01	1.803753e+00	7.417753e-01	
8  91.2411	2.334922e+00	1.306219e-01	6.935434e-01	2.822568e+00	8.879553e-01	2.136635e+00	5.121421e-01	2.214477e+00	1.458316e+00	2.115708e+00	1.267508e+00	2.025389e+00	9.091607e-01	3.214438e-01	1.681998e+00	7.418394e-01	
8  90.9561	2.334922e+00	1.306219e-01	6.935434e-01	2.822568e+00	8.879553e-01	2.120692e+00	3.136711e-01	2.223424e+00	1.243433e+00	2.074262e+00	1.024125e+00	2.018270e+00	1.222403e+00	3.214438e-01	1.681998e+00	7.418394e-01	
2  90.4351	2.265562e+00	1.415905e-01	7.061077e-01	2.718290e+00	8.338623e-01	2.133168e+00	3.981100e-01	2.226529e+00	1.240917e+00	2.077796e+00	9.894264e-01	2.008773e+00	1.027736e+00	3.307144e-01	1.515438e+00	7.304610e-01	
3  91.3406	2.265562e+00	1.415905e-01	7.061077e-01	2.718290e+00	8.338623e-01	2.121527e+00	2.698387e-01	2.231737e+00	1.243258e+00	2.063277e+00	1.070070e+00	1.975300e+00	5.397401e-01	3.307144e-01	1.515438e+00	7.304610e-01	
3  91.2853	2.265562e+00	1.415905e-01	7.061077e-01	2.718290e+00	8.338623e-01	2.151282e+00	3.913476e-01	2.215417e+00	1.047507e+00	2.040189e+00	9.984502e-01	1.982059e+00	8.252071e-01	3.307144e-01	1.515438e+00	7.304610e-01	
2  90.5769	2.265562e+00	1.415905e-01	7.061077e-01	2.718290e+00	8.338623e-01	2.154246e+00	5.389573e-01	2.261606e+00	1.474807e+00	2.039268e+00	1.142423e+00	2.025291e+00	1.049066e+00	3.307144e-01	1.515438e+00	7.304610e-01	
1  90.3174	2.359443e+00	1.362828e-01	7.079292e-01	2.760838e+00	8.798743e-01	2.181982e+00	6.228585e-01	2.272454e+00	1.515215e+00	2.053705e+00	1.204591e+00	2.048628e+00	1.247891e+00	3.202973e-01	1.581308e+00	7.377781e-01	
3  90.6418	2.374615e+00	1.412034e-01	7.046621e-01	2.714045e+00	8.289469e-01	2.171691e+00	5.152576e-01	2.281488e+00	1.490345e+00	2.053800e+00	1.154549e+00	2.052614e+00	1.228956e+00	3.334893e-01	1.509020e+00	7.202930e-01	
2  91.1405	2.424094e+00	1.511438e-01	7.068566e-01	2.766645e+00	8.189332e-01	2.095501e+00	8.362878e-01	2.152318e+00	1.289987e+00	1.963239e+00	1.044320e+00	1.909267e+00	9.010692e-01	3.523070e-01	1.590519e+00	7.642076e-01	
11  91.8657	2.424094e+00	1.511438e-01	7.068566e-01	2.766645e+00	8.189332e-01	2.065001e+00	5.626801e-01	2.130552e+00	8.114145e-01	1.950009e+00	9.324981e-01	1.947388e+00	1.214058e+00	3.523070e-01	1.590519e+00	7.642076e-01	
1  92.9567	2.423543e+00	1.511972e-01	7.009163e-01	2.861540e+00	7.747560e-01	1.882654e+00	1.517582e-01	2.008092e+00	6.628402e-01	1.825468e+00	6.986721e-01	1.841908e+00	1.220630e+00	3.584014e-01	1.748845e+00	7.865535e-01	
5  92.3698	2.423543e+00	1.511972e-01	7.009163e-01	2.861540e+00	7.747560e-01	1.867892e+00	1.035786e-01	2.002394e+00	7.922116e-01	1.848443e+00	1.027504e+00	1.787803e+00	7.789519e-01	3.584014e-01	1.748845e+00	7.865535e-01	
10  93.9464	2.423543e+00	1.511972e-01	7.009163e-01	2.861540e+00	7.747560e-01	1.857853e+00	-4.136451e-02	2.025374e+00	1.168257e+00	1.834131e+00	8.396430e-01	1.744984e+00	4.138789e-01	3.584014e-01	1.748845e+00	7.865535e-01	
10  95.2948	2.423543e+00	1.511972e-01	7.009163e-01	2.861540e+00	7.747560e-01	1.855405e+00	1.083723e-02	2.010860e+00	8.693722e-01	1.835366e+00	8.067998e-01	1.707382e+00	1.117943e-01	3.584014e-01	1.748845e+00	7.865535e-01	
2  93.4593	2.459827e+00	1.485929e-01	6.960338e-01	2.786796e+00	7.831511e-01	1.981892e+00	7.458044e-02	2.131566e+00	9.960575e-01	1.939679e+00	9.595334e-01	1.821186e+00	2.588724e-01	3.588206e-01	1.622894e+00	7.496576e-01	
16  94.8625	2.459827e+00	1.485929e-01	6.960338e-01	2.786796e+00	7.831511e-01	1.921152e+00	-1.807061e-01	2.142894e+00	1.183539e+00	1.899681e+00	6.989702e-01	1.826722e+00	3.006731e-01	3.588206e-01	1.622894e+00	7.496576e-01	
11  94.4509	2.459827e+00	1.485929e-01	6.960338e-01	2.786796e+00	7.831511e-01	1.942218e+00	-6.738180e-02	2.142926e+00	1.096892e+00	1.950695e+00	1.164634e+00	1.811794e+00	2.310450e-01	3.588206e-01	1.622894e+00	7.496576e-01	
1  93.7793	2.459827e+00	1.485929e-01	6.960338e-01	2.786796e+00	7.831511e-01	1.974038e+00	5.679000e-02	2.063849e+00	5.883495e-01	1.978255e+00	1.559120e+00	1.834030e+00	4.021855e-01	3.588206e-01	1.622894e+00	7.496576e-01	
1  92.055	2.459827e+00	1.485929e-01	6.960338e-01	2.786796e+00	7.831511e-01	2.006999e+00	2.247501e-01	2.149447e+00	1.396106e+00	1.945017e+00	1.094704e+00	1.945591e+00	8.278073e-01	3.588206e-01	1.622894e+00	7.496576e-01	
6  91.8076	2.459827e+00	1.485929e-01	6.960338e-01	2.786796e+00	7.831511e-01	2.028588e+00	4.737893e-01	2.132001e+00	1.054782e+00	1.976506e+00	1.147191e+00	1.941642e+00	8.024388e-01	3.588206e-01	1.622894e+00	7.496576e-01	
7  92.7822	2.374768e+00	1.412039e-01	6.905188e-01	2.730689e+00	7.799595e-01	2.091419e+00	1.850109e-01	2.244323e+00	1.210023e+00	2.055110e+00	1.233263e+00	2.058328e+00	9.862176e-01	3.472947e-01	1.534345e+00	7.101668e-01	
4  93.4378	2.374768e+00	1.412039e-01	6.905188e-01	2.730689e+00	7.799595e-01	2.034425e+00	-9.797134e-02	2.229049e+00	1.238052e+00	1.993813e+00	9.358939e-01	2.042081e+00	8.893352e-01	3.472947e-01	1.534345e+00	7.101668e-01	
1  92.8298	2.377962e+00	1.368024e-01	6.786854e-01	2.789856e+00	8.244996e-01	2.056882e+00	7.590048e-02	2.224313e+00	1.201893e+00	2.002919e+00	9.986313e-01	2.026164e+00	7.866925e-01	3.500245e-01	1.627867e+00	7.271706e-01	
1  91.8421	2.416825e+00	1.333855e-01	6.864400e-01	2.764496e+00	8.797228e-01	2.166720e+00	3.418094e-01	2.292178e+00	1.316670e+00	2.074246e+00	1.158708e+00	2.094997e+00	9.045328e-01	3.357341e-01	1.587104e+00	7.215389e-01	
2  91.3205	2.444665e+00	1.473542e-01	6.988776e-01	2.870863e+00	8.046846e-01	1.888166e+00	1.973073e-01	2.027872e+00	1.000434e+00	1.842438e+00	7.696575e-01	1.844151e+00	6.304942e-01	3.530597e-01	1.765224e+00	7.859833e-01	
5  89.2362	2.452830e+00	1.379454e-01	7.111990e-01	2.922747e+00	8.742348e-01	1.902081e+00	1.832276e-01	2.038573e+00	1.109908e+00	1.851201e+00	8.377506e-01	1.880236e+00	8.899329e-01	3.224922e-01	1.859229e+00	7.993948e-01	
6  88.6893	2.452830e+00	1.379454e-01	7.111990e-01	2.922747e+00	8.742348e-01	1.939490e+00	4.339759e-01	1.992420e+00	8.834192e-01	1.853015e+00	8.301763e-01	1.865692e+00	8.777855e-01	3.224922e-01	1.859229e+00	7.993948e-01	
13  90.7026	2.310979e+00	1.252176e-01	6.871243e-01	3.056236e+00	9.417057e-01	1.904540e+00	3.857562e-01	1.965591e+00	8.284566e-01	1.835470e+00	8.644111e-01	1.826890e+00	6.699890e-01	3.155242e-01	2.124742e+00	8.288250e-01	
1  90.9925	2.320311e+00	1.276023e-01	6.898215e-01	3.056926e+00	8.810672e-01	1.799949e+00	-8.853050e-03	1.920964e+00	7.895549e-01	1.774218e+00	7.027924e-01	1.800044e+00	7.951682e-01	3.182690e-01	2.126210e+00	8.199768e-01	
7  91.0069	2.370476e+00	1.328473e-01	7.040552e-01	3.032697e+00	8.557589e-01	1.767035e+00	-3.170033e-02	1.889008e+00	7.825797e-01	1.742962e+00	6.353947e-01	1.780333e+00	8.768311e-01	3.171237e-01	2.075312e+00	8.227859e-01	
3  89.9895	2.370476e+00	1.328473e-01	7.040552e-01	3.032697e+00	8.557589e-01	1.785723e+00	1.549470e-01	1.886247e+00	7.974148e-01	1.776560e+00	8.569704e-01	1.815288e+00	8.642004e-01	3.171237e-01	2.075312e+00	8.227859e-01	
23  89.396	2.438397e+00	1.257079e-01	7.082938e-01	3.083528e+00	9.437084e-01	1.861173e+00	4.614611e-01	1.910047e+00	8.649252e-01	1.815230e+00	1.002824e+00	1.844954e+00	9.878230e-01	3.004623e-01	2.183530e+00	8.402985e-01	
7  90.908	2.438397e+00	1.257079e-01	7.082938e-01	3.083528e+00	9.437084e-01	1.895953e+00	5.129165e-01	1.930512e+00	1.097168e+00	1.821461e+00	1.122272e+00	1.874926e+00	1.472130e+00	3.004623e-01	2.183530e+00	8.402985e-01	
19  90.6493	2.402195e+00	1.247134e-01	7.011462e-01	3.056769e+00	9.628024e-01	1.972922e+00	6.903495e-01	1.983552e+00	1.128940e+00	1.877142e+00	1.227353e+00	1.910170e+00	1.357357e+00	3.038602e-01	2.125876e+00	8.316164e-01	
