1  262.957	2.289248e+00	1.111637e-01	6.629584e-01	3.009978e+00	9.627977e-01	2.047720e+00	-3.491512e-01	2.092760e+00	-1.338354e-02	2.082838e+00	2.645063e-02	2.083889e+00	2.173060e-03	3.064756e-01	2.028694e+00	7.515700e-01	
1  203.61	2.204719e+00	1.364572e-01	6.612745e-01	2.684646e+00	8.509791e-01	2.296735e+00	2.956294e-01	2.287106e+00	1.896680e-01	2.262042e+00	2.048127e-01	2.235770e+00	8.634879e-02	3.639477e-01	1.465301e+00	7.005825e-01	
2  172.106	2.177417e+00	1.220763e-01	6.535713e-01	2.690732e+00	8.988632e-01	2.362874e+00	7.454541e-02	2.380313e+00	2.270231e-01	2.346571e+00	2.683355e-01	2.321866e+00	1.332494e-01	3.382717e-01	1.474246e+00	6.685328e-01	
2  166.385	2.112327e+00	1.065892e-01	6.459977e-01	2.847043e+00	8.969091e-01	2.173227e+00	-6.132504e-01	2.264065e+00	6.306064e-02	2.235096e+00	1.187478e-01	2.236289e+00	5.759609e-02	3.075786e-01	1.723673e+00	6.653958e-01	
1  165.498	2.112327e+00	1.065892e-01	6.459977e-01	2.847043e+00	8.969091e-01	2.252938e+00	1.164573e-01	2.223893e+00	1.607335e-01	2.257342e+00	8.446562e-02	2.245389e+00	2.418379e-01	3.075786e-01	1.723673e+00	6.653958e-01	
4  165.401	2.112327e+00	1.065892e-01	6.459977e-01	2.847043e+00	8.969091e-01	2.243845e+00	-4.246681e-01	2.197807e+00	-4.818698e-01	2.272206e+00	3.300475e-01	2.315627e+00	8.156416e-01	3.075786e-01	1.723673e+00	6.653958e-01	
1  148.829	2.112327e+00	1.065892e-01	6.459977e-01	2.847043e+00	8.969091e-01	2.265715e+00	-4.575318e-01	2.321510e+00	8.624168e-01	2.286816e+00	9.208710e-01	2.280584e+00	5.024814e-01	3.075786e-01	1.723673e+00	6.653958e-01	
1  147.222	2.112327e+00	1.065892e-01	6.459977e-01	2.847043e+00	8.969091e-01	2.333564e+00	-2.561366e-01	2.274946e+00	3.177592e-01	2.282828e+00	9.904933e-01	2.188671e+00	4.508239e-01	3.075786e-01	1.723673e+00	6.653958e-01	
6  127.577	2.191863e+00	1.090171e-01	6.507305e-01	2.685696e+00	8.903943e-01	2.502103e+00	-2.377321e-01	2.446622e+00	4.104629e-01	2.441383e+00	1.116736e+00	2.334958e+00	5.092648e-01	3.107329e-01	1.466840e+00	6.181086e-01	
1  120.714	2.191863e+00	1.090171e-01	6.507305e-01	2.685696e+00	8.903943e-01	2.439252e+00	-4.236138e-01	2.429409e+00	2.187136e-01	2.383294e+00	7.296369e-01	2.296713e+00	4.766446e-02	3.107329e-01	1.466840e+00	6.181086e-01	
3  113.032	2.191863e+00	1.090171e-01	6.507305e-01	2.685696e+00	8.903943e-01	2.442313e+00	-2.975913e-01	2.459642e+00	9.840619e-02	2.397681e+00	9.535175e-01	2.325521e+00	3.045562e-01	3.107329e-01	1.466840e+00	6.181086e-01	
2  111.55	2.191863e+00	1.090171e-01	6.507305e-01	2.685696e+00	8.903943e-01	2.412549e+00	-3.003752e-01	2.491358e+00	5.113920e-01	2.404689e+00	6.816921e-01	2.270988e+00	1.874053e-01	3.107329e-01	1.466840e+00	6.181086e-01	
8  112.895	2.191863e+00	1.090171e-01	6.507305e-01	2.685696e+00	8.903943e-01	2.417868e+00	-1.738616e-01	2.514237e+00	7.002445e-01	2.476353e+00	1.204798e+00	2.289404e+00	3.404056e-01	3.107329e-01	1.466840e+00	6.181086e-01	
1  115.486	2.191863e+00	1.090171e-01	6.507305e-01	2.685696e+00	8.903943e-01	2.350907e+00	-4.469129e-01	2.540578e+00	7.979552e-01	2.458414e+00	1.184804e+00	2.294066e+00	-7.360673e-02	3.107329e-01	1.466840e+00	6.181086e-01	
3  114.315	2.191863e+00	1.090171e-01	6.507305e-01	2.685696e+00	8.903943e-01	2.364212e+00	-3.545860e-01	2.519196e+00	6.979852e-01	2.396592e+00	8.359905e-01	2.349898e+00	9.139224e-02	3.107329e-01	1.466840e+00	6.181086e-01	
7  112.283	2.191863e+00	1.090171e-01	6.507305e-01	2.685696e+00	8.903943e-01	2.320817e+00	-8.412333e-01	2.444653e+00	4.262849e-01	2.357152e+00	6.353872e-01	2.385750e+00	6.976695e-01	3.107329e-01	1.466840e+00	6.181086e-01	
1  110.702	2.191863e+00	1.090171e-01	6.507305e-01	2.685696e+00	8.903943e-01	2.356562e+00	-7.323403e-01	2.436344e+00	4.195829e-01	2.368668e+00	8.357702e-01	2.387163e+00	1.574148e+00	3.107329e-01	1.466840e+00	6.181086e-01	
1  107.127	2.191863e+00	1.090171e-01	6.507305e-01	2.685696e+00	8.903943e-01	2.364249e+00	-5.184335e-01	2.407358e+00	-5.497600e-02	2.420491e+00	1.001336e+00	2.224730e+00	4.296142e-01	3.107329e-01	1.466840e+00	6.181086e-01	
6  109.954	2.191863e+00	1.090171e-01	6.507305e-01	2.685696e+00	8.903943e-01	2.372988e+00	-5.836655e-01	2.376006e+00	-1.704026e-01	2.414676e+00	1.131352e+00	2.172518e+00	2.785662e-01	3.107329e-01	1.466840e+00	6.181086e-01	
7  111.475	2.237311e+00	1.058579e-01	6.594233e-01	2.742530e+00	9.289986e-01	2.342460e+00	-5.948482e-01	2.340100e+00	-1.849852e-01	2.383129e+00	1.117690e+00	2.143970e+00	2.790574e-01	2.963744e-01	1.552622e+00	6.312797e-01	
6  107.459	2.237311e+00	1.058579e-01	6.594233e-01	2.742530e+00	9.289986e-01	2.369461e+00	-3.353262e-01	2.349461e+00	-1.563300e-01	2.317021e+00	5.198012e-01	2.210808e+00	7.851656e-01	2.963744e-01	1.552622e+00	6.312797e-01	
1  109.458	2.147427e+00	1.084870e-01	6.427965e-01	2.739803e+00	8.868255e-01	2.348907e+00	-2.907727e-01	2.331293e+00	-1.697015e-01	2.298263e+00	4.918221e-01	2.191253e+00	7.620069e-01	3.160925e-01	1.548393e+00	6.332305e-01	
5  108.748	2.162499e+00	1.028583e-01	6.553470e-01	2.770049e+00	9.120345e-01	2.318514e+00	-4.923684e-01	2.317232e+00	-1.889469e-01	2.285401e+00	4.808290e-01	2.187010e+00	7.702160e-01	2.913466e-01	1.595942e+00	6.276794e-01	
1  106.933	2.162499e+00	1.028583e-01	6.553470e-01	2.770049e+00	9.120345e-01	2.288459e+00	-6.860191e-01	2.316960e+00	-2.211545e-01	2.290158e+00	5.971468e-01	2.280994e+00	1.096306e+00	2.913466e-01	1.595942e+00	6.276794e-01	
2  106.879	2.162499e+00	1.028583e-01	6.553470e-01	2.770049e+00	9.120345e-01	2.334778e+00	-2.969173e-01	2.379461e+00	2.607733e-01	2.321378e+00	8.051447e-01	2.178887e+00	5.103475e-01	2.913466e-01	1.595942e+00	6.276794e-01	
7  106.261	2.162499e+00	1.028583e-01	6.553470e-01	2.770049e+00	9.120345e-01	2.331372e+00	-4.097423e-01	2.357708e+00	-1.473848e-01	2.277237e+00	4.564458e-01	2.204136e+00	3.860412e-01	2.913466e-01	1.595942e+00	6.276794e-01	
2  105.602	2.244560e+00	1.075672e-01	6.751392e-01	2.696811e+00	9.213537e-01	2.393303e+00	-3.295258e-01	2.406079e+00	-1.003993e-01	2.323933e+00	5.118266e-01	2.246828e+00	4.200515e-01	2.866459e-01	1.483235e+00	6.242523e-01	
9  104.289	2.244560e+00	1.075672e-01	6.751392e-01	2.696811e+00	9.213537e-01	2.395339e+00	-7.995865e-02	2.483686e+00	3.701290e-01	2.320398e+00	4.672966e-01	2.223098e+00	4.942712e-01	2.866459e-01	1.483235e+00	6.242523e-01	
8  106.725	2.252570e+00	1.053720e-01	6.861013e-01	2.787490e+00	9.793751e-01	2.354708e+00	1.134127e-01	2.412382e+00	3.809302e-01	2.257553e+00	4.570420e-01	2.162096e+00	5.091631e-01	2.730662e-01	1.624021e+00	6.595016e-01	
12  106.908	2.252570e+00	1.053720e-01	6.861013e-01	2.787490e+00	9.793751e-01	2.337438e+00	1.468788e-01	2.405942e+00	7.333225e-01	2.235042e+00	2.689761e-01	2.115433e+00	3.780693e-01	2.730662e-01	1.624021e+00	6.595016e-01	
5  108.879	2.252570e+00	1.053720e-01	6.861013e-01	2.787490e+00	9.793751e-01	2.304947e+00	1.524585e-02	2.390030e+00	2.043546e-01	2.241728e+00	3.690678e-01	2.118258e+00	6.674923e-01	2.730662e-01	1.624021e+00	6.595016e-01	
5  109.426	2.255168e+00	1.046002e-01	6.841435e-01	2.715881e+00	9.763774e-01	2.387230e+00	8.565403e-03	2.477134e+00	2.537762e-01	2.321533e+00	4.322583e-01	2.192953e+00	7.001592e-01	2.730380e-01	1.511792e+00	6.319545e-01	
6  108.887	2.255168e+00	1.046002e-01	6.841435e-01	2.715881e+00	9.763774e-01	2.374653e+00	-4.102535e-01	2.406698e+00	-1.242482e-01	2.313877e+00	4.717681e-01	2.192463e+00	4.887074e-01	2.730380e-01	1.511792e+00	6.319545e-01	
1  105.989	2.255168e+00	1.046002e-01	6.841435e-01	2.715881e+00	9.763774e-01	2.412211e+00	-5.742603e-02	2.419108e+00	-3.059022e-02	2.340477e+00	8.427841e-01	2.137078e+00	1.586925e-01	2.730380e-01	1.511792e+00	6.319545e-01	
3  106.435	2.255168e+00	1.046002e-01	6.841435e-01	2.715881e+00	9.763774e-01	2.424205e+00	-1.700958e-02	2.437230e+00	5.031705e-01	2.318677e+00	6.658189e-01	2.135966e+00	1.472153e-01	2.730380e-01	1.511792e+00	6.319545e-01	
1  103.028	2.250853e+00	1.072213e-01	6.789481e-01	2.703278e+00	9.632431e-01	2.432891e+00	5.716870e-02	2.440216e+00	5.067808e-01	2.321322e+00	6.662970e-01	2.135305e+00	1.405690e-01	2.828250e-01	1.492858e+00	6.347519e-01	
8  102.674	2.211104e+00	1.064455e-01	6.648405e-01	2.881280e+00	9.571731e-01	2.244290e+00	2.846224e-02	2.252006e+00	3.767295e-01	2.147257e+00	5.094768e-01	1.970925e+00	4.715088e-02	2.923008e-01	1.783709e+00	6.884475e-01	
3  99.9154	2.211104e+00	1.064455e-01	6.648405e-01	2.881280e+00	9.571731e-01	2.290678e+00	4.002207e-01	2.234946e+00	4.869484e-01	2.201941e+00	9.236797e-01	2.063849e+00	6.207967e-01	2.923008e-01	1.783709e+00	6.884475e-01	
1  101.382	2.186028e+00	1.106385e-01	6.717308e-01	2.949569e+00	9.649130e-01	2.215763e+00	5.975087e-01	2.132297e+00	4.685480e-01	2.109009e+00	8.738716e-01	1.973748e+00	6.040522e-01	2.950718e-01	1.909771e+00	7.358280e-01	
1  100.896	2.155615e+00	1.132679e-01	6.628109e-01	2.804706e+00	9.687049e-01	2.416222e+00	9.372844e-01	2.304755e+00	6.229780e-01	2.268538e+00	1.032748e+00	2.114353e+00	6.909088e-01	3.083600e-01	1.652222e+00	6.956499e-01	
3  100.862	2.127147e+00	1.160887e-01	6.616151e-01	2.820181e+00	8.979618e-01	2.293484e+00	5.707933e-01	2.224013e+00	5.064207e-01	2.190917e+00	9.182242e-01	2.050262e+00	6.153541e-01	3.152694e-01	1.677989e+00	6.957025e-01	
6  101.79	2.127147e+00	1.160887e-01	6.616151e-01	2.820181e+00	8.979618e-01	2.285304e+00	4.967799e-01	2.254211e+00	4.387945e-01	2.222240e+00	1.293794e+00	1.995618e+00	6.389507e-01	3.152694e-01	1.677989e+00	6.957025e-01	
6  95.8509	2.127147e+00	1.160887e-01	6.616151e-01	2.820181e+00	8.979618e-01	2.267278e+00	6.345023e-01	2.318990e+00	7.624424e-01	2.165525e+00	1.216275e+00	2.048537e+00	9.478389e-01	3.152694e-01	1.677989e+00	6.957025e-01	
9  96.5211	2.127147e+00	1.160887e-01	6.616151e-01	2.820181e+00	8.979618e-01	2.305531e+00	9.609027e-01	2.315694e+00	1.266459e+00	2.184898e+00	1.245208e+00	2.031975e+00	6.885038e-01	3.152694e-01	1.677989e+00	6.957025e-01	
1  95.5101	2.149679e+00	1.218882e-01	6.872844e-01	2.780643e+00	8.960955e-01	2.302735e+00	1.022304e+00	2.298429e+00	1.289688e+00	2.170771e+00	1.257163e+00	2.021241e+00	7.111430e-01	3.049141e-01	1.612940e+00	7.068903e-01	
1  95.3181	2.203987e+00	1.147385e-01	6.929558e-01	2.967364e+00	9.679309e-01	2.172417e+00	1.012336e+00	2.157141e+00	1.212720e+00	2.042986e+00	1.169678e+00	1.901948e+00	6.742424e-01	2.861850e-01	1.944060e+00	7.650141e-01	
14  93.0791	2.202388e+00	1.148831e-01	6.764396e-01	3.208034e+00	9.505314e-01	1.896201e+00	8.731193e-01	1.891460e+00	1.002298e+00	1.797258e+00	9.335597e-01	1.670790e+00	5.251999e-01	3.006118e-01	2.473042e+00	8.536754e-01	
9  93.7586	2.167703e+00	1.085976e-01	6.779405e-01	3.289321e+00	1.017091e+00	1.896462e+00	1.070448e+00	1.864736e+00	1.043450e+00	1.774655e+00	9.570106e-01	1.647571e+00	5.611670e-01	2.848518e-01	2.682464e+00	8.813396e-01	
45  93.2879	2.183401e+00	1.071608e-01	6.717658e-01	3.203192e+00	1.028151e+00	2.025281e+00	1.161368e+00	1.989314e+00	1.125495e+00	1.889551e+00	1.056724e+00	1.751658e+00	6.114999e-01	2.872762e-01	2.461097e+00	8.373394e-01	
1  93.2098	2.183401e+00	1.071608e-01	6.717658e-01	3.203192e+00	1.028151e+00	1.997179e+00	1.039606e+00	1.995750e+00	1.098141e+00	1.893459e+00	1.062331e+00	1.752352e+00	9.050832e-01	2.872762e-01	2.461097e+00	8.373394e-01	
16  91.8929	2.183401e+00	1.071608e-01	6.717658e-01	3.203192e+00	1.028151e+00	1.955214e+00	9.110026e-01	2.000075e+00	1.324200e+00	1.916339e+00	1.368906e+00	1.796326e+00	6.288523e-01	2.872762e-01	2.461097e+00	8.373394e-01	
7  91.784	2.183401e+00	1.071608e-01	6.717658e-01	3.203192e+00	1.028151e+00	1.953503e+00	7.512743e-01	2.036664e+00	1.026031e+00	1.939325e+00	1.591067e+00	1.842582e+00	1.042139e+00	2.872762e-01	2.461097e+00	8.373394e-01	
1  92.1648	2.164606e+00	1.101980e-01	6.682146e-01	3.091937e+00	9.693138e-01	2.003458e+00	5.623667e-01	2.115198e+00	1.032137e+00	2.009064e+00	1.614875e+00	1.911848e+00	1.042587e+00	2.967189e-01	2.201968e+00	7.898602e-01	
8  91.673	2.164606e+00	1.101980e-01	6.682146e-01	3.091937e+00	9.693138e-01	1.993901e+00	4.886851e-01	2.099547e+00	9.165245e-01	1.966551e+00	1.127355e+00	1.966270e+00	1.127915e+00	2.967189e-01	2.201968e+00	7.898602e-01	
3  92.0399	2.168775e+00	1.037953e-01	6.705124e-01	3.071929e+00	1.042710e+00	2.120179e+00	7.339358e-01	2.197478e+00	1.034898e+00	2.059154e+00	1.249018e+00	2.048935e+00	1.213951e+00	2.805402e-01	2.158349e+00	7.722879e-01	
4  91.8245	2.155360e+00	1.086337e-01	6.599487e-01	3.043121e+00	9.582193e-01	2.049123e+00	4.324558e-01	2.166565e+00	9.394120e-01	2.027104e+00	1.163918e+00	2.023187e+00	1.140963e+00	3.003943e-01	2.097060e+00	7.592119e-01	
2  91.9664	2.155360e+00	1.086337e-01	6.599487e-01	3.043121e+00	9.582193e-01	1.991100e+00	4.123219e-02	2.222357e+00	1.351818e+00	2.012676e+00	1.358993e+00	1.993706e+00	1.282384e+00	3.003943e-01	2.097060e+00	7.592119e-01	
1  91.5883	2.155360e+00	1.086337e-01	6.599487e-01	3.043121e+00	9.582193e-01	1.998377e+00	1.947701e-01	2.227730e+00	1.282579e+00	1.982217e+00	9.939036e-01	1.983600e+00	1.282132e+00	3.003943e-01	2.097060e+00	7.592119e-01	
1  91.0042	2.155360e+00	1.086337e-01	6.599487e-01	3.043121e+00	9.582193e-01	2.020883e+00	2.925432e-01	2.223376e+00	1.748510e+00	1.976806e+00	1.210297e+00	1.977478e+00	1.384245e+00	3.003943e-01	2.097060e+00	7.592119e-01	
4  92.8974	2.155360e+00	1.086337e-01	6.599487e-01	3.043121e+00	9.582193e-01	1.991877e+00	1.677795e-02	2.197067e+00	1.853247e+00	1.954488e+00	1.146490e+00	1.864835e+00	5.949150e-01	3.003943e-01	2.097060e+00	7.592119e-01	
8  91.758	2.122195e+00	1.120446e-01	6.626486e-01	2.984503e+00	9.623413e-01	2.068539e+00	2.642267e-01	2.247919e+00	1.933733e+00	2.002406e+00	1.214821e+00	1.905323e+00	6.413885e-01	3.049641e-01	1.977666e+00	7.560956e-01	
3  90.3117	2.122195e+00	1.120446e-01	6.626486e-01	2.984503e+00	9.623413e-01	2.030313e+00	2.224054e-01	2.196959e+00	1.761586e+00	2.070945e+00	1.638739e+00	1.905229e+00	4.877972e-01	3.049641e-01	1.977666e+00	7.560956e-01	
2  90.2876	2.093419e+00	1.237795e-01	6.723027e-01	2.885443e+00	8.771768e-01	2.009535e+00	1.496011e-01	2.186764e+00	1.740662e+00	2.059959e+00	1.609314e+00	1.897877e+00	4.640271e-01	3.215946e-01	1.791150e+00	7.468478e-01	
11  91.7422	2.105074e+00	1.253599e-01	6.646783e-01	2.803278e+00	8.556086e-01	2.089274e+00	1.483061e-01	2.273377e+00	1.776023e+00	2.138854e+00	1.660563e+00	1.969631e+00	4.792440e-01	3.328558e-01	1.649864e+00	7.144389e-01	
2  92.0987	2.156694e+00	1.294084e-01	6.654784e-01	2.836534e+00	8.345195e-01	2.017748e+00	8.587859e-02	2.206796e+00	1.707041e+00	2.077566e+00	1.592057e+00	1.911207e+00	4.272388e-01	3.423632e-01	1.705654e+00	7.320663e-01	
2  91.0745	2.203811e+00	1.257307e-01	6.693483e-01	2.878402e+00	8.751258e-01	2.017198e+00	1.075041e-01	2.199574e+00	1.709225e+00	2.072352e+00	1.599405e+00	1.905580e+00	4.356483e-01	3.312587e-01	1.778584e+00	7.436149e-01	
8  93.2583	2.206820e+00	1.280544e-01	6.623348e-01	2.912563e+00	8.795954e-01	2.001845e+00	2.780400e-01	2.165876e+00	1.704508e+00	2.042124e+00	1.583380e+00	1.871196e+00	4.208017e-01	3.436770e-01	1.840391e+00	7.641831e-01	
1  92.8753	2.206820e+00	1.280544e-01	6.623348e-01	2.912563e+00	8.795954e-01	1.968684e+00	6.378823e-02	2.085834e+00	7.266959e-01	2.031694e+00	1.312825e+00	1.886558e+00	5.559038e-01	3.436770e-01	1.840391e+00	7.641831e-01	
1  91.5435	2.226931e+00	1.364940e-01	6.930388e-01	2.831535e+00	8.733883e-01	2.001227e+00	2.056076e-01	2.095065e+00	7.836401e-01	2.042471e+00	1.355579e+00	1.898122e+00	5.989245e-01	3.318895e-01	1.697149e+00	7.671535e-01	
12  91.7133	2.253514e+00	1.390211e-01	6.997660e-01	2.693853e+00	8.347866e-01	2.089836e+00	2.648138e-02	2.208054e+00	8.189285e-01	2.145137e+00	1.417090e+00	1.998826e+00	6.254100e-01	3.312427e-01	1.478854e+00	7.133967e-01	
2  91.8437	2.263542e+00	1.307532e-01	6.926278e-01	2.702564e+00	8.829034e-01	2.158681e+00	3.864377e-02	2.277056e+00	8.655926e-01	2.209102e+00	1.478865e+00	2.058004e+00	6.640462e-01	3.210801e-01	1.491794e+00	7.013352e-01	
5  91.5364	2.212854e+00	1.342449e-01	6.841136e-01	2.725617e+00	8.594298e-01	2.119729e+00	1.395601e-01	2.229456e+00	8.467958e-01	2.164694e+00	1.441989e+00	2.013315e+00	6.396086e-01	3.354994e-01	1.526583e+00	7.153556e-01	
12  93.793	2.212854e+00	1.342449e-01	6.841136e-01	2.725617e+00	8.594298e-01	2.122257e+00	2.378728e-01	2.187883e+00	4.124456e-01	2.119477e+00	1.547269e+00	2.078082e+00	9.213444e-01	3.354994e-01	1.526583e+00	7.153556e-01	
2  92.8516	2.212854e+00	1.342449e-01	6.841136e-01	2.725617e+00	8.594298e-01	2.140767e+00	1.099252e-01	2.201242e+00	4.372780e-01	2.120262e+00	1.394597e+00	2.044164e+00	8.262956e-01	3.354994e-01	1.526583e+00	7.153556e-01	
2  93.039	2.212854e+00	1.342449e-01	6.841136e-01	2.725617e+00	8.594298e-01	2.144876e+00	3.056384e-01	2.184891e+00	7.294368e-01	2.130806e+00	1.534378e+00	2.022743e+00	6.626848e-01	3.354994e-01	1.526583e+00	7.153556e-01	
1  92.8704	2.212854e+00	1.342449e-01	6.841136e-01	2.725617e+00	8.594298e-01	2.159323e+00	4.137654e-01	2.178210e+00	6.007712e-01	2.137693e+00	1.459142e+00	2.086156e+00	7.963946e-01	3.354994e-01	1.526583e+00	7.153556e-01	
4  92.9728	2.212854e+00	1.342449e-01	6.841136e-01	2.725617e+00	8.594298e-01	2.136060e+00	2.889241e-01	2.177196e+00	5.261718e-01	2.122035e+00	1.382784e+00	2.074881e+00	1.431574e+00	3.354994e-01	1.526583e+00	7.153556e-01	
1  91.5922	2.183953e+00	1.354383e-01	6.823548e-01	2.842705e+00	8.453129e-01	1.982839e+00	2.213004e-01	2.027151e+00	4.244535e-01	1.983340e+00	1.259039e+00	1.946655e+00	1.362922e+00	3.391735e-01	1.716213e+00	7.597124e-01	
4  92.4679	2.146279e+00	1.226831e-01	6.698694e-01	2.800188e+00	8.738915e-01	2.088252e+00	6.648150e-03	2.163217e+00	4.809482e-01	2.106605e+00	1.346748e+00	2.068024e+00	1.416697e+00	3.226698e-01	1.644774e+00	7.074451e-01	
4  91.2102	2.146279e+00	1.226831e-01	6.698694e-01	2.800188e+00	8.738915e-01	2.076001e+00	-1.044529e-01	2.249836e+00	9.191248e-01	2.088559e+00	1.184193e+00	2.064611e+00	1.383133e+00	3.226698e-01	1.644774e+00	7.074451e-01	
1  90.809	2.146279e+00	1.226831e-01	6.698694e-01	2.800188e+00	8.738915e-01	2.122236e+00	1.362295e-01	2.303812e+00	1.526976e+00	2.090199e+00	1.334933e+00	2.098875e+00	1.462063e+00	3.226698e-01	1.644774e+00	7.074451e-01	
7  90.3213	2.146279e+00	1.226831e-01	6.698694e-01	2.800188e+00	8.738915e-01	2.093372e+00	-1.166983e-01	2.309616e+00	1.506576e+00	2.119971e+00	1.289751e+00	2.089634e+00	1.498776e+00	3.226698e-01	1.644774e+00	7.074451e-01	
13  90.7983	2.146279e+00	1.226831e-01	6.698694e-01	2.800188e+00	8.738915e-01	2.056324e+00	-2.000893e-01	2.255008e+00	1.038523e+00	2.133658e+00	1.621039e+00	2.097920e+00	1.299695e+00	3.226698e-01	1.644774e+00	7.074451e-01	
10  90.8942	2.146279e+00	1.226831e-01	6.698694e-01	2.800188e+00	8.738915e-01	2.073247e+00	-4.429355e-02	2.237297e+00	8.528670e-01	2.085470e+00	1.033360e+00	2.052628e+00	1.065744e+00	3.226698e-01	1.644774e+00	7.074451e-01	
13  89.2667	2.085513e+00	1.200304e-01	6.574718e-01	2.999579e+00	8.927936e-01	1.894217e+00	3.071740e-02	2.045283e+00	7.499265e-01	1.908777e+00	8.946713e-01	1.884806e+00	9.933110e-01	3.274111e-01	2.007708e+00	7.771548e-01	
26  89.3395	2.079989e+00	1.148525e-01	6.610472e-01	3.105526e+00	9.588594e-01	1.860296e+00	2.087557e-01	1.984386e+00	7.617150e-01	1.855062e+00	8.885596e-01	1.832059e+00	1.009033e+00	3.119032e-01	2.232096e+00	8.175061e-01	
5  90.8964	2.079298e+00	1.173587e-01	6.492319e-01	3.059456e+00	9.367066e-01	1.907372e+00	2.725104e-01	2.030951e+00	7.793823e-01	1.897227e+00	9.123140e-01	1.867173e+00	1.007280e+00	3.292886e-01	2.131597e+00	8.002250e-01	
3  93.0155	2.079298e+00	1.173587e-01	6.492319e-01	3.059456e+00	9.367066e-01	1.887093e+00	2.858945e-01	2.051937e+00	9.591496e-01	1.891150e+00	1.066400e+00	1.928542e+00	1.466811e+00	3.292886e-01	2.131597e+00	8.002250e-01	
1  91.6524	2.079298e+00	1.173587e-01	6.492319e-01	3.059456e+00	9.367066e-01	1.926873e+00	4.078021e-01	2.062039e+00	1.163002e+00	1.946875e+00	1.456702e+00	1.925646e+00	1.719115e+00	3.292886e-01	2.131597e+00	8.002250e-01	
1  92.2898	2.079298e+00	1.173587e-01	6.492319e-01	3.059456e+00	9.367066e-01	1.918598e+00	3.754711e-01	2.046221e+00	7.335091e-01	1.951209e+00	1.395068e+00	1.903457e+00	1.368252e+00	3.292886e-01	2.131597e+00	8.002250e-01	
3  91.5948	2.091135e+00	1.221807e-01	6.541533e-01	3.025664e+00	8.904198e-01	1.880619e+00	2.183698e-01	2.026146e+00	6.885306e-01	1.931496e+00	1.354125e+00	1.888482e+00	1.336577e+00	3.358979e-01	2.060768e+00	7.940739e-01	
1  91.3459	2.110486e+00	1.219273e-01	6.729551e-01	3.126142e+00	8.992446e-01	1.735953e+00	5.220229e-02	1.888432e+00	5.993061e-01	1.805381e+00	1.251320e+00	1.777432e+00	1.293475e+00	3.172582e-01	2.278590e+00	8.403234e-01	
6  92.2971	2.189471e+00	1.299530e-01	6.976054e-01	3.026366e+00	8.715007e-01	1.764892e+00	-9.541700e-03	1.919725e+00	6.117761e-01	1.835207e+00	1.273992e+00	1.808230e+00	1.305264e+00	3.133479e-01	2.062216e+00	8.238436e-01	
3  92.5487	2.189471e+00	1.299530e-01	6.976054e-01	3.026366e+00	8.715007e-01	1.795887e+00	2.514563e-01	1.925097e+00	8.013808e-01	1.884715e+00	1.698847e+00	1.803681e+00	1.314253e+00	3.133479e-01	2.062216e+00	8.238436e-01	
4  92.1419	2.182190e+00	1.110325e-01	6.824857e-01	3.124742e+00	9.329303e-01	1.782827e+00	-1.036472e-01	1.952192e+00	7.675845e-01	1.907884e+00	1.695250e+00	1.833639e+00	1.317737e+00	2.866087e-01	2.275401e+00	7.985308e-01	
4  92.0783	2.138275e+00	1.079757e-01	6.565421e-01	3.175736e+00	9.383003e-01	1.783423e+00	1.289790e-02	1.946951e+00	7.621664e-01	1.902170e+00	1.685042e+00	1.821870e+00	1.299843e+00	3.015969e-01	2.394444e+00	8.027345e-01	
8  92.3528	2.138275e+00	1.079757e-01	6.565421e-01	3.175736e+00	9.383003e-01	1.783391e+00	3.721094e-03	1.902053e+00	3.455364e-01	1.908770e+00	1.323572e+00	1.817529e+00	1.140181e+00	3.015969e-01	2.394444e+00	8.027345e-01	
1  93.7058	2.183571e+00	1.189778e-01	6.613583e-01	2.967421e+00	8.961899e-01	1.964498e+00	2.243327e-01	2.066429e+00	4.620133e-01	2.060822e+00	1.454692e+00	1.952873e+00	1.198174e+00	3.234094e-01	1.944171e+00	7.564468e-01	
10  92.5891	2.165803e+00	1.088809e-01	6.579394e-01	3.077631e+00	9.449699e-01	1.906245e+00	1.066427e-01	2.017095e+00	4.283519e-01	2.015373e+00	1.421046e+00	1.914430e+00	1.192110e+00	3.030443e-01	2.170691e+00	7.688031e-01	
16  91.7038	2.228100e+00	1.089149e-01	6.693879e-01	3.112331e+00	9.635649e-01	1.867762e+00	6.379716e-02	1.976914e+00	3.999537e-01	1.979685e+00	1.395463e+00	1.882223e+00	1.180364e+00	2.942333e-01	2.247337e+00	7.862864e-01	
4  92.6622	2.238619e+00	1.145889e-01	6.673630e-01	3.136846e+00	9.421217e-01	1.816477e+00	1.538973e-01	1.915217e+00	3.632046e-01	1.923189e+00	1.346226e+00	1.825337e+00	1.143629e+00	3.089975e-01	2.303111e+00	8.151736e-01	
8  92.8466	2.238619e+00	1.145889e-01	6.673630e-01	3.136846e+00	9.421217e-01	1.851922e+00	3.260642e-01	1.873159e+00	6.041159e-01	1.908124e+00	1.555863e+00	1.772566e+00	7.899939e-01	3.089975e-01	2.303111e+00	8.151736e-01	
23  93.3203	2.270348e+00	1.123006e-01	6.681767e-01	3.159305e+00	9.714606e-01	1.865467e+00	3.809930e-01	1.878560e+00	6.161286e-01	1.914205e+00	1.571266e+00	1.776419e+00	8.003794e-01	3.038306e-01	2.355423e+00	8.204658e-01	
2  91.9123	2.257730e+00	1.184091e-01	6.841415e-01	3.062414e+00	9.206454e-01	1.874786e+00	2.364509e-01	1.903629e+00	6.199227e-01	1.936215e+00	1.577305e+00	1.803451e+00	8.072765e-01	3.025973e-01	2.137910e+00	7.986911e-01	
1  92.8744	2.293094e+00	1.128707e-01	6.863740e-01	3.151087e+00	9.685713e-01	1.832250e+00	2.270091e-01	1.856336e+00	5.957752e-01	1.893981e+00	1.553417e+00	1.764137e+00	8.009007e-01	2.896266e-01	2.336145e+00	8.221232e-01	
2  92.4412	2.234767e+00	1.268608e-01	6.913129e-01	2.914819e+00	9.067430e-01	2.024734e+00	5.879250e-01	2.018734e+00	7.532342e-01	2.043692e+00	1.701140e+00	1.897270e+00	8.818079e-01	3.135559e-01	1.844547e+00	7.738506e-01	
3  94.2114	2.234767e+00	1.268608e-01	6.913129e-01	2.914819e+00	9.067430e-01	2.059583e+00	7.391065e-01	2.091029e+00	1.330415e+00	2.006295e+00	1.807356e+00	1.789710e+00	1.809611e-01	3.135559e-01	1.844547e+00	7.738506e-01	
14  93.2644	2.234767e+00	1.268608e-01	6.913129e-01	2.914819e+00	9.067430e-01	2.053972e+00	7.058643e-01	2.030492e+00	7.627658e-01	2.011970e+00	1.697696e+00	1.800873e+00	2.554331e-01	3.135559e-01	1.844547e+00	7.738506e-01	
2  94.8204	2.234767e+00	1.268608e-01	6.913129e-01	2.914819e+00	9.067430e-01	2.091587e+00	8.734541e-01	2.021866e+00	9.215172e-01	1.976327e+00	1.555490e+00	1.848897e+00	7.080514e-01	3.135559e-01	1.844547e+00	7.738506e-01	
1  91.9159	2.234767e+00	1.268608e-01	6.913129e-01	2.914819e+00	9.067430e-01	2.041644e+00	4.003266e-01	2.067065e+00	8.644054e-01	1.982599e+00	1.688558e+00	1.913038e+00	1.301450e+00	3.135559e-01	1.844547e+00	7.738506e-01	
2  90.7532	2.234767e+00	1.268608e-01	6.913129e-01	2.914819e+00	9.067430e-01	2.028736e+00	3.662100e-01	2.099011e+00	1.286419e+00	1.980551e+00	1.531997e+00	1.986175e+00	1.775691e+00	3.135559e-01	1.844547e+00	7.738506e-01	
1  93.2622	2.242808e+00	1.227907e-01	6.975006e-01	2.994257e+00	9.225797e-01	1.941392e+00	1.943099e-01	2.024810e+00	1.225354e+00	1.912124e+00	1.469632e+00	1.927650e+00	1.748842e+00	2.998167e-01	1.997051e+00	7.946768e-01	
1  92.486	2.195702e+00	1.345324e-01	7.045107e-01	2.854898e+00	8.496275e-01	1.994012e+00	2.806118e-01	2.072980e+00	1.268647e+00	1.955493e+00	1.502607e+00	1.967715e+00	1.763533e+00	3.165876e-01	1.737266e+00	7.669290e-01	
4  92.1099	2.219690e+00	1.135512e-01	6.846488e-01	2.942141e+00	9.773063e-01	2.104685e+00	3.310772e-01	2.179372e+00	1.346813e+00	2.054843e+00	1.608794e+00	2.057964e+00	1.833348e+00	2.909738e-01	1.895639e+00	7.500697e-01	
7  92.3617	2.219690e+00	1.135512e-01	6.846488e-01	2.942141e+00	9.773063e-01	2.034644e+00	3.450690e-02	2.225130e+00	1.698625e+00	2.062769e+00	1.607799e+00	2.000729e+00	1.324054e+00	2.909738e-01	1.895639e+00	7.500697e-01	
4  93.6895	2.220259e+00	1.180204e-01	6.814278e-01	2.762257e+00	9.637975e-01	2.237773e+00	2.672174e-01	2.411810e+00	1.840586e+00	2.235040e+00	1.764167e+00	2.155645e+00	1.404731e+00	3.033683e-01	1.583555e+00	6.986200e-01	
16  95.4319	2.220259e+00	1.180204e-01	6.814278e-01	2.762257e+00	9.637975e-01	2.192387e+00	-6.873081e-02	2.438293e+00	1.808685e+00	2.254001e+00	1.964004e+00	2.125156e+00	8.070888e-01	3.033683e-01	1.583555e+00	6.986200e-01	
4  93.9897	2.220259e+00	1.180204e-01	6.814278e-01	2.762257e+00	9.637975e-01	2.229279e+00	2.659728e-01	2.430696e+00	1.801708e+00	2.252992e+00	2.128247e+00	2.158082e+00	1.072581e+00	3.033683e-01	1.583555e+00	6.986200e-01	
1  98.7361	2.220259e+00	1.180204e-01	6.814278e-01	2.762257e+00	9.637975e-01	2.179128e+00	1.487655e-02	2.438746e+00	1.849517e+00	2.229173e+00	2.297602e+00	2.195569e+00	8.293361e-01	3.033683e-01	1.583555e+00	6.986200e-01	
28  98.3596	2.189501e+00	1.151449e-01	6.695472e-01	2.755313e+00	8.933626e-01	2.097456e+00	-5.210508e-01	2.423043e+00	1.736694e+00	2.209811e+00	2.208826e+00	2.188749e+00	7.607889e-01	3.071293e-01	1.572597e+00	6.671236e-01	
7  97.6681	2.150038e+00	1.304654e-01	6.858547e-01	2.655654e+00	8.474209e-01	2.131745e+00	-1.642272e-01	2.416868e+00	1.801890e+00	2.205728e+00	2.240006e+00	2.179189e+00	7.859900e-01	3.244282e-01	1.423430e+00	6.796546e-01	
# After 121 accepted steps: update proposal 
9  95.2909	2.150038e+00	1.304654e-01	6.858547e-01	2.655654e+00	8.474209e-01	2.197846e+00	-7.678612e-02	2.419011e+00	1.690294e+00	2.266644e+00	2.355299e+00	2.193251e+00	1.146542e+00	3.244282e-01	1.423430e+00	6.796546e-01	
3  95.6084	2.150038e+00	1.304654e-01	6.858547e-01	2.655654e+00	8.474209e-01	2.206004e+00	1.478816e-02	2.466687e+00	1.894639e+00	2.233751e+00	2.275534e+00	2.167331e+00	9.616094e-01	3.244282e-01	1.423430e+00	6.796546e-01	
5  93.8071	2.150038e+00	1.304654e-01	6.858547e-01	2.655654e+00	8.474209e-01	2.189073e+00	2.082248e-02	2.443501e+00	1.573262e+00	2.227242e+00	1.986254e+00	2.162365e+00	9.434539e-01	3.244282e-01	1.423430e+00	6.796546e-01	
1  93.0786	2.242115e+00	1.271821e-01	6.933214e-01	2.676063e+00	8.772494e-01	2.206474e+00	5.267613e-02	2.451945e+00	1.625011e+00	2.235351e+00	2.022188e+00	2.187740e+00	1.173783e+00	3.125631e-01	1.452778e+00	6.802420e-01	
2  92.038	2.301117e+00	1.183046e-01	6.812266e-01	2.815100e+00	9.240324e-01	2.135354e+00	-3.443665e-02	2.389029e+00	1.551637e+00	2.181843e+00	1.982914e+00	2.137340e+00	1.267292e+00	3.059021e-01	1.669484e+00	7.032042e-01	
7  93.077	2.392783e+00	1.144829e-01	6.768546e-01	2.868091e+00	9.606326e-01	2.149163e+00	7.386193e-02	2.383065e+00	1.539983e+00	2.184318e+00	2.023220e+00	2.135742e+00	1.366253e+00	3.035256e-01	1.760338e+00	7.102915e-01	
4  92.5353	2.392783e+00	1.144829e-01	6.768546e-01	2.868091e+00	9.606326e-01	2.130584e+00	1.912729e-02	2.333522e+00	1.127083e+00	2.174937e+00	1.982583e+00	2.147949e+00	1.410449e+00	3.035256e-01	1.760338e+00	7.102915e-01	
9  92.842	2.203962e+00	1.115935e-01	6.796600e-01	2.867027e+00	9.814273e-01	2.128681e+00	1.659486e-04	2.336910e+00	1.164262e+00	2.178254e+00	2.006377e+00	2.144165e+00	1.217438e+00	2.906826e-01	1.758466e+00	7.151279e-01	
5  95.4884	2.203962e+00	1.115935e-01	6.796600e-01	2.867027e+00	9.814273e-01	2.130623e+00	1.262181e-01	2.342844e+00	9.440918e-01	2.163042e+00	1.889364e+00	2.145092e+00	1.871431e+00	2.906826e-01	1.758466e+00	7.151279e-01	
9  95.2527	2.158156e+00	1.090151e-01	6.698270e-01	2.889285e+00	9.663329e-01	2.091250e+00	-7.933055e-02	2.336768e+00	9.195970e-01	2.148092e+00	1.843940e+00	2.138446e+00	1.851432e+00	2.925119e-01	1.798045e+00	7.086939e-01	
11  93.9337	2.158156e+00	1.090151e-01	6.698270e-01	2.889285e+00	9.663329e-01	2.120600e+00	4.513967e-02	2.333049e+00	9.560450e-01	2.157888e+00	1.976662e+00	2.149168e+00	2.012705e+00	2.925119e-01	1.798045e+00	7.086939e-01	
6  94.8962	2.158156e+00	1.090151e-01	6.698270e-01	2.889285e+00	9.663329e-01	2.085925e+00	-9.384926e-02	2.341401e+00	1.125136e+00	2.146410e+00	2.002061e+00	2.164533e+00	1.965043e+00	2.925119e-01	1.798045e+00	7.086939e-01	
7  95.1022	2.110588e+00	1.091807e-01	6.717724e-01	2.888174e+00	9.549573e-01	2.056705e+00	-1.983778e-01	2.328644e+00	1.122866e+00	2.129710e+00	1.963329e+00	2.154513e+00	1.942396e+00	2.901331e-01	1.796048e+00	7.093609e-01	
12  94.0174	2.110588e+00	1.091807e-01	6.717724e-01	2.888174e+00	9.549573e-01	2.081744e+00	-1.175537e-01	2.358385e+00	1.526431e+00	2.167386e+00	2.154964e+00	2.095375e+00	1.403506e+00	2.901331e-01	1.796048e+00	7.093609e-01	
2  94.9846	2.110588e+00	1.091807e-01	6.717724e-01	2.888174e+00	9.549573e-01	2.091445e+00	9.624636e-02	2.299863e+00	1.162762e+00	2.178922e+00	1.925204e+00	1.981312e+00	4.396397e-01	2.901331e-01	1.796048e+00	7.093609e-01	
1  94.9196	2.110588e+00	1.091807e-01	6.717724e-01	2.888174e+00	9.549573e-01	2.103484e+00	1.373453e-01	2.327434e+00	1.254342e+00	2.145810e+00	1.494188e+00	2.040228e+00	1.179920e+00	2.901331e-01	1.796048e+00	7.093609e-01	
4  95.3489	2.110588e+00	1.091807e-01	6.717724e-01	2.888174e+00	9.549573e-01	2.149563e+00	4.184395e-01	2.336778e+00	1.571868e+00	2.148105e+00	1.635023e+00	2.017127e+00	8.751894e-01	2.901331e-01	1.796048e+00	7.093609e-01	
3  94.4684	2.131456e+00	1.168854e-01	6.846323e-01	2.810170e+00	9.320656e-01	2.190737e+00	5.892193e-01	2.352513e+00	1.595305e+00	2.167381e+00	1.652192e+00	2.027973e+00	8.335912e-01	2.962189e-01	1.661274e+00	7.085355e-01	
2  94.8739	2.131456e+00	1.168854e-01	6.846323e-01	2.810170e+00	9.320656e-01	2.235630e+00	6.599296e-01	2.380581e+00	2.298597e+00	2.164529e+00	1.888060e+00	2.100037e+00	1.009088e+00	2.962189e-01	1.661274e+00	7.085355e-01	
1  95.0963	2.131456e+00	1.168854e-01	6.846323e-01	2.810170e+00	9.320656e-01	2.206774e+00	7.294113e-01	2.326880e+00	1.782555e+00	2.185975e+00	1.968813e+00	2.063919e+00	8.241751e-01	2.962189e-01	1.661274e+00	7.085355e-01	
3  96.109	2.131456e+00	1.168854e-01	6.846323e-01	2.810170e+00	9.320656e-01	2.214669e+00	6.466156e-01	2.282600e+00	1.684085e+00	2.168890e+00	1.937255e+00	2.094254e+00	6.105976e-01	2.962189e-01	1.661274e+00	7.085355e-01	
3  94.2649	2.131456e+00	1.168854e-01	6.846323e-01	2.810170e+00	9.320656e-01	2.154833e+00	2.876116e-01	2.244407e+00	9.963838e-01	2.172722e+00	1.691805e+00	2.090840e+00	6.228185e-01	2.962189e-01	1.661274e+00	7.085355e-01	
1  92.0373	2.169456e+00	1.211014e-01	6.775833e-01	2.864821e+00	8.935889e-01	2.045375e+00	1.722969e-01	2.151012e+00	8.437078e-01	2.088492e+00	1.537226e+00	1.997259e+00	5.165766e-01	3.124247e-01	1.754592e+00	7.303614e-01	
2  91.8508	2.340295e+00	1.303231e-01	6.805520e-01	2.994460e+00	8.372467e-01	1.809030e+00	2.376473e-02	1.928102e+00	5.555885e-01	1.892072e+00	1.209886e+00	1.794637e+00	4.856988e-01	3.333042e-01	1.997458e+00	7.888001e-01	
3  91.8161	2.292688e+00	1.302294e-01	6.832883e-01	2.904285e+00	8.280018e-01	1.896992e+00	1.117610e-02	2.022504e+00	6.757835e-01	1.969087e+00	1.306339e+00	1.883657e+00	5.420214e-01	3.294196e-01	1.825219e+00	7.544895e-01	
4  92.9046	2.292688e+00	1.302294e-01	6.832883e-01	2.904285e+00	8.280018e-01	1.895743e+00	9.276495e-02	2.023620e+00	5.005590e-01	1.915794e+00	7.967697e-01	1.905674e+00	6.645405e-01	3.294196e-01	1.825219e+00	7.544895e-01	
9  94.2447	2.292688e+00	1.302294e-01	6.832883e-01	2.904285e+00	8.280018e-01	1.936832e+00	2.232933e-01	2.043678e+00	7.973100e-01	1.892747e+00	9.888598e-01	1.868399e+00	4.218939e-01	3.294196e-01	1.825219e+00	7.544895e-01	
2  91.8854	2.292688e+00	1.302294e-01	6.832883e-01	2.904285e+00	8.280018e-01	1.921263e+00	-4.918352e-02	2.112213e+00	1.323549e+00	1.885687e+00	9.468178e-01	1.877770e+00	9.654344e-01	3.294196e-01	1.825219e+00	7.544895e-01	
7  91.7303	2.292688e+00	1.302294e-01	6.832883e-01	2.904285e+00	8.280018e-01	1.899008e+00	-9.839672e-02	2.122533e+00	1.325940e+00	1.836341e+00	5.185053e-01	1.894617e+00	1.237485e+00	3.294196e-01	1.825219e+00	7.544895e-01	
4  91.9388	2.114771e+00	1.236613e-01	6.696334e-01	2.987246e+00	8.620737e-01	1.848143e+00	-1.542777e-01	2.081853e+00	1.267134e+00	1.804199e+00	5.040763e-01	1.841228e+00	9.582733e-01	3.243761e-01	1.983099e+00	7.791903e-01	
1  91.7767	2.114771e+00	1.236613e-01	6.696334e-01	2.987246e+00	8.620737e-01	1.849884e+00	-9.041413e-02	2.076887e+00	1.369323e+00	1.784812e+00	4.748978e-01	1.796487e+00	7.054967e-01	3.243761e-01	1.983099e+00	7.791903e-01	
4  91.9642	2.114771e+00	1.236613e-01	6.696334e-01	2.987246e+00	8.620737e-01	1.874357e+00	1.094379e-01	2.043039e+00	9.846987e-01	1.770762e+00	3.181471e-01	1.816978e+00	9.602491e-01	3.243761e-01	1.983099e+00	7.791903e-01	
3  93.5731	2.114771e+00	1.236613e-01	6.696334e-01	2.987246e+00	8.620737e-01	1.869292e+00	-1.263073e-02	2.063839e+00	9.608736e-01	1.752355e+00	2.349348e-01	1.861750e+00	1.588056e+00	3.243761e-01	1.983099e+00	7.791903e-01	
18  93.1614	2.212521e+00	1.296997e-01	6.817066e-01	2.904980e+00	8.747015e-01	1.987456e+00	3.901460e-01	2.120029e+00	1.024831e+00	1.818770e+00	3.605584e-01	1.909272e+00	1.614241e+00	3.280852e-01	1.826488e+00	7.702629e-01	
5  92.8455	2.212521e+00	1.296997e-01	6.817066e-01	2.904980e+00	8.747015e-01	2.013684e+00	6.055636e-01	2.061767e+00	9.001580e-01	1.846507e+00	4.290634e-01	1.949922e+00	1.904414e+00	3.280852e-01	1.826488e+00	7.702629e-01	
8  90.7718	2.212521e+00	1.296997e-01	6.817066e-01	2.904980e+00	8.747015e-01	2.026715e+00	5.457636e-01	2.060177e+00	9.001831e-01	1.877621e+00	6.288844e-01	1.940647e+00	1.736904e+00	3.280852e-01	1.826488e+00	7.702629e-01	
4  91.6687	2.212521e+00	1.296997e-01	6.817066e-01	2.904980e+00	8.747015e-01	2.023933e+00	4.863971e-01	2.065789e+00	6.777390e-01	1.895438e+00	5.738950e-01	1.937035e+00	1.990316e+00	3.280852e-01	1.826488e+00	7.702629e-01	
1  91.3096	2.212521e+00	1.296997e-01	6.817066e-01	2.904980e+00	8.747015e-01	2.071727e+00	7.307988e-01	2.072580e+00	9.039856e-01	1.929369e+00	9.810809e-01	1.906676e+00	1.430179e+00	3.280852e-01	1.826488e+00	7.702629e-01	
4  90.8731	2.212521e+00	1.296997e-01	6.817066e-01	2.904980e+00	8.747015e-01	2.035577e+00	4.340384e-01	2.089708e+00	1.164224e+00	1.893670e+00	8.554311e-01	1.932039e+00	1.236092e+00	3.280852e-01	1.826488e+00	7.702629e-01	
18  91.2509	2.245964e+00	1.267597e-01	6.770681e-01	2.999200e+00	8.760145e-01	1.929647e+00	2.479787e-01	2.008266e+00	1.073696e+00	1.816666e+00	7.390677e-01	1.864590e+00	1.288472e+00	3.269121e-01	2.006947e+00	7.934106e-01	
1  91.196	2.245964e+00	1.267597e-01	6.770681e-01	2.999200e+00	8.760145e-01	1.944206e+00	2.753785e-01	2.038622e+00	1.273222e+00	1.835033e+00	7.905570e-01	1.871336e+00	1.170366e+00	3.269121e-01	2.006947e+00	7.934106e-01	
2  90.5333	2.245964e+00	1.267597e-01	6.770681e-01	2.999200e+00	8.760145e-01	1.965197e+00	4.964970e-01	2.072468e+00	1.380235e+00	1.837963e+00	8.630956e-01	1.887148e+00	1.125414e+00	3.269121e-01	2.006947e+00	7.934106e-01	
5  89.6275	2.245964e+00	1.267597e-01	6.770681e-01	2.999200e+00	8.760145e-01	1.960593e+00	6.168536e-01	2.059815e+00	1.269472e+00	1.845529e+00	7.997576e-01	1.842986e+00	7.845859e-01	3.269121e-01	2.006947e+00	7.934106e-01	
5  89.2857	2.339948e+00	1.265737e-01	6.939930e-01	2.937425e+00	9.027824e-01	2.059600e+00	7.890078e-01	2.130260e+00	1.408515e+00	1.910997e+00	9.197220e-01	1.926158e+00	1.047452e+00	3.127265e-01	1.886720e+00	7.746623e-01	
12  90.45	2.339948e+00	1.265737e-01	6.939930e-01	2.937425e+00	9.027824e-01	1.980407e+00	3.111701e-01	2.134693e+00	1.278123e+00	1.891349e+00	6.718651e-01	1.849122e+00	3.715523e-01	3.127265e-01	1.886720e+00	7.746623e-01	
3  89.4927	2.339948e+00	1.265737e-01	6.939930e-01	2.937425e+00	9.027824e-01	2.012429e+00	4.493327e-01	2.102916e+00	9.058798e-01	1.879602e+00	7.998554e-01	1.886804e+00	8.326904e-01	3.127265e-01	1.886720e+00	7.746623e-01	
7  89.4458	2.339948e+00	1.265737e-01	6.939930e-01	2.937425e+00	9.027824e-01	2.004670e+00	3.038968e-01	2.115672e+00	1.260123e+00	1.876643e+00	5.814774e-01	1.946248e+00	1.431062e+00	3.127265e-01	1.886720e+00	7.746623e-01	
1  89.8079	2.350965e+00	1.256592e-01	6.919191e-01	2.864644e+00	8.929517e-01	2.088985e+00	2.737769e-01	2.208372e+00	1.361836e+00	1.951666e+00	6.729054e-01	2.035512e+00	1.551521e+00	3.129239e-01	1.754280e+00	7.397459e-01	
1  88.9076	2.350965e+00	1.256592e-01	6.919191e-01	2.864644e+00	8.929517e-01	2.056527e+00	1.248435e-01	2.216951e+00	1.430120e+00	2.012605e+00	9.647763e-01	2.021432e+00	1.586435e+00	3.129239e-01	1.754280e+00	7.397459e-01	
15  89.7279	2.350965e+00	1.256592e-01	6.919191e-01	2.864644e+00	8.929517e-01	2.041921e+00	1.896246e-01	2.162719e+00	1.082746e+00	2.064233e+00	1.122185e+00	1.989488e+00	1.442197e+00	3.129239e-01	1.754280e+00	7.397459e-01	
1  89.9967	2.350965e+00	1.256592e-01	6.919191e-01	2.864644e+00	8.929517e-01	2.059313e+00	2.560567e-01	2.154905e+00	1.055097e+00	2.063731e+00	1.287168e+00	1.974108e+00	1.449462e+00	3.129239e-01	1.754280e+00	7.397459e-01	
1  89.8785	2.350965e+00	1.256592e-01	6.919191e-01	2.864644e+00	8.929517e-01	2.079272e+00	2.848876e-01	2.216036e+00	1.890321e+00	1.999327e+00	9.325787e-01	2.007853e+00	1.796604e+00	3.129239e-01	1.754280e+00	7.397459e-01	
6  91.2978	2.350965e+00	1.256592e-01	6.919191e-01	2.864644e+00	8.929517e-01	2.114133e+00	5.889585e-01	2.222959e+00	2.004727e+00	2.051490e+00	1.708646e+00	2.027480e+00	1.720013e+00	3.129239e-01	1.754280e+00	7.397459e-01	
1  90.8691	2.280553e+00	1.283355e-01	6.927536e-01	2.894323e+00	8.672862e-01	2.021940e+00	4.577425e-01	2.150484e+00	1.919468e+00	1.983646e+00	1.587203e+00	1.955582e+00	1.570800e+00	3.162801e-01	1.807127e+00	7.576867e-01	
3  90.776	2.204886e+00	1.092115e-01	6.673969e-01	3.104183e+00	9.732793e-01	1.960761e+00	3.636978e-01	2.099933e+00	1.864342e+00	1.945225e+00	1.621245e+00	1.909007e+00	1.535603e+00	2.961359e-01	2.229100e+00	7.882971e-01	
10  91.2565	2.204886e+00	1.092115e-01	6.673969e-01	3.104183e+00	9.732793e-01	1.964964e+00	3.457778e-01	2.072510e+00	1.704506e+00	1.941941e+00	1.683241e+00	1.842316e+00	6.008797e-01	2.961359e-01	2.229100e+00	7.882971e-01	
6  91.2639	2.331852e+00	1.170609e-01	6.747418e-01	3.031196e+00	9.355431e-01	2.004613e+00	4.553213e-01	2.095400e+00	1.711490e+00	1.963448e+00	1.685338e+00	1.865140e+00	6.994078e-01	3.097535e-01	2.072199e+00	7.779674e-01	
4  91.9083	2.331852e+00	1.170609e-01	6.747418e-01	3.031196e+00	9.355431e-01	1.969573e+00	2.945527e-01	2.146811e+00	1.974086e+00	1.925504e+00	1.255638e+00	1.846522e+00	8.440579e-01	3.097535e-01	2.072199e+00	7.779674e-01	
3  91.8909	2.291966e+00	1.178940e-01	6.865178e-01	3.077305e+00	9.274799e-01	1.862900e+00	1.330919e-01	2.060892e+00	1.926686e+00	1.843627e+00	1.126339e+00	1.778199e+00	8.482095e-01	3.001395e-01	2.169985e+00	8.028149e-01	
12  92.3341	2.360363e+00	1.243657e-01	6.951592e-01	3.134642e+00	9.213974e-01	1.772608e+00	2.789746e-01	1.942607e+00	1.787266e+00	1.751561e+00	1.004391e+00	1.664442e+00	7.339810e-01	3.075316e-01	2.298040e+00	8.504978e-01	
4  92.5824	2.324571e+00	1.192841e-01	6.821041e-01	3.208988e+00	9.546281e-01	1.753068e+00	3.158087e-01	1.917075e+00	1.732189e+00	1.735990e+00	1.015521e+00	1.631073e+00	6.147867e-01	3.077249e-01	2.475401e+00	8.693075e-01	
3  92.6334	2.324571e+00	1.192841e-01	6.821041e-01	3.208988e+00	9.546281e-01	1.758577e+00	3.864383e-01	1.927888e+00	1.585992e+00	1.715257e+00	7.485786e-01	1.577949e+00	4.459563e-01	3.077249e-01	2.475401e+00	8.693075e-01	
8  96.6818	2.324571e+00	1.192841e-01	6.821041e-01	3.208988e+00	9.546281e-01	1.710691e+00	7.423792e-02	1.851690e+00	9.241414e-01	1.736370e+00	9.800637e-01	1.576673e+00	6.394311e-01	3.077249e-01	2.475401e+00	8.693075e-01	
2  95.7666	2.324571e+00	1.192841e-01	6.821041e-01	3.208988e+00	9.546281e-01	1.708713e+00	-1.444530e-02	1.938470e+00	1.324934e+00	1.712590e+00	8.655659e-01	1.635422e+00	7.116784e-01	3.077249e-01	2.475401e+00	8.693075e-01	
4  96.0378	2.324571e+00	1.192841e-01	6.821041e-01	3.208988e+00	9.546281e-01	1.720049e+00	1.191993e-01	1.955398e+00	1.589833e+00	1.720521e+00	7.626148e-01	1.672113e+00	1.387388e+00	3.077249e-01	2.475401e+00	8.693075e-01	
1  95.3472	2.324571e+00	1.192841e-01	6.821041e-01	3.208988e+00	9.546281e-01	1.742137e+00	1.497413e-01	1.925467e+00	1.509270e+00	1.691796e+00	4.532876e-01	1.720965e+00	1.457378e+00	3.077249e-01	2.475401e+00	8.693075e-01	
4  94.4165	2.324571e+00	1.192841e-01	6.821041e-01	3.208988e+00	9.546281e-01	1.738421e+00	1.000212e-01	1.905665e+00	1.230180e+00	1.715255e+00	8.204136e-01	1.701405e+00	1.448277e+00	3.077249e-01	2.475401e+00	8.693075e-01	
2  93.6148	2.330419e+00	1.269645e-01	6.717785e-01	3.018023e+00	9.367433e-01	1.986977e+00	5.825204e-01	2.091430e+00	1.343248e+00	1.896288e+00	1.085028e+00	1.838400e+00	1.245823e+00	3.344058e-01	2.045083e+00	8.131947e-01	
4  94.5727	2.330419e+00	1.269645e-01	6.717785e-01	3.018023e+00	9.367433e-01	2.045752e+00	1.018389e+00	2.105051e+00	1.569493e+00	1.876594e+00	9.550767e-01	1.850525e+00	1.289012e+00	3.344058e-01	2.045083e+00	8.131947e-01	
1  94.9053	2.330419e+00	1.269645e-01	6.717785e-01	3.018023e+00	9.367433e-01	2.070849e+00	1.372099e+00	2.049244e+00	1.093528e+00	1.914387e+00	1.359493e+00	1.872787e+00	1.408949e+00	3.344058e-01	2.045083e+00	8.131947e-01	
1  96.2112	2.330419e+00	1.269645e-01	6.717785e-01	3.018023e+00	9.367433e-01	2.046396e+00	1.229236e+00	2.032734e+00	7.572335e-01	1.910252e+00	1.437381e+00	1.867896e+00	1.301850e+00	3.344058e-01	2.045083e+00	8.131947e-01	
1  96.5913	2.330419e+00	1.269645e-01	6.717785e-01	3.018023e+00	9.367433e-01	2.041608e+00	9.969109e-01	2.021068e+00	8.656220e-01	1.896167e+00	1.497287e+00	1.935060e+00	1.795118e+00	3.344058e-01	2.045083e+00	8.131947e-01	
2  95.177	2.330419e+00	1.269645e-01	6.717785e-01	3.018023e+00	9.367433e-01	2.048150e+00	8.762762e-01	2.066758e+00	1.193671e+00	1.907696e+00	1.433980e+00	1.956574e+00	1.596713e+00	3.344058e-01	2.045083e+00	8.131947e-01	
2  95.4642	2.340676e+00	1.275488e-01	6.817843e-01	2.953001e+00	9.564720e-01	2.143577e+00	1.063133e+00	2.134310e+00	1.300374e+00	1.972922e+00	1.550833e+00	2.022492e+00	1.667179e+00	3.261401e-01	1.916337e+00	7.975356e-01	
7  94.3359	2.421026e+00	1.309547e-01	6.942230e-01	2.981978e+00	9.360529e-01	2.057394e+00	9.566863e-01	2.059258e+00	1.248628e+00	1.901704e+00	1.427190e+00	1.968470e+00	1.797004e+00	3.232920e-01	1.972680e+00	8.145743e-01	
5  93.9249	2.421026e+00	1.309547e-01	6.942230e-01	2.981978e+00	9.360529e-01	2.023930e+00	7.888004e-01	2.014867e+00	8.222789e-01	1.883324e+00	1.357690e+00	1.940766e+00	1.630225e+00	3.232920e-01	1.972680e+00	8.145743e-01	
2  94.4754	2.370059e+00	1.433195e-01	7.106259e-01	2.874467e+00	8.659663e-01	2.008824e+00	7.898880e-01	2.002282e+00	8.123983e-01	1.867988e+00	1.277546e+00	1.922699e+00	1.491054e+00	3.320155e-01	1.771598e+00	8.005475e-01	
2  93.7072	2.388818e+00	1.322889e-01	7.049337e-01	3.007605e+00	8.902851e-01	1.885536e+00	3.770419e-01	1.936812e+00	7.850645e-01	1.793013e+00	1.167993e+00	1.888680e+00	1.746487e+00	3.155791e-01	2.023887e+00	8.203649e-01	
3  92.7364	2.388818e+00	1.322889e-01	7.049337e-01	3.007605e+00	8.902851e-01	1.883171e+00	3.249548e-01	1.993207e+00	1.062200e+00	1.833437e+00	1.538849e+00	1.900582e+00	1.638651e+00	3.155791e-01	2.023887e+00	8.203649e-01	
1  91.1089	2.388818e+00	1.322889e-01	7.049337e-01	3.007605e+00	8.902851e-01	1.904970e+00	4.916732e-01	2.006965e+00	1.261752e+00	1.849793e+00	1.417073e+00	1.918288e+00	1.431721e+00	3.155791e-01	2.023887e+00	8.203649e-01	
8  91.2878	2.388818e+00	1.322889e-01	7.049337e-01	3.007605e+00	8.902851e-01	1.884245e+00	5.230124e-01	1.976083e+00	1.047688e+00	1.913975e+00	1.786983e+00	1.873407e+00	1.120235e+00	3.155791e-01	2.023887e+00	8.203649e-01	
19  89.0751	2.388818e+00	1.322889e-01	7.049337e-01	3.007605e+00	8.902851e-01	1.864317e+00	3.758372e-01	1.982702e+00	1.183997e+00	1.889390e+00	1.519760e+00	1.827381e+00	8.528369e-01	3.155791e-01	2.023887e+00	8.203649e-01	
1  88.5536	2.388818e+00	1.322889e-01	7.049337e-01	3.007605e+00	8.902851e-01	1.863553e+00	3.311334e-01	1.915485e+00	6.981537e-01	1.863759e+00	1.193006e+00	1.802686e+00	9.450947e-01	3.155791e-01	2.023887e+00	8.203649e-01	
6  89.4969	2.388818e+00	1.322889e-01	7.049337e-01	3.007605e+00	8.902851e-01	1.852498e+00	1.916815e-01	1.936320e+00	7.330437e-01	1.852386e+00	1.095590e+00	1.883013e+00	1.419064e+00	3.155791e-01	2.023887e+00	8.203649e-01	
1  89.446	2.388818e+00	1.322889e-01	7.049337e-01	3.007605e+00	8.902851e-01	1.829981e+00	1.547267e-01	1.955714e+00	7.904806e-01	1.824620e+00	8.181112e-01	1.890586e+00	1.303268e+00	3.155791e-01	2.023887e+00	8.203649e-01	
4  91.3491	2.388818e+00	1.322889e-01	7.049337e-01	3.007605e+00	8.902851e-01	1.879708e+00	4.440984e-01	2.018326e+00	8.880915e-01	1.802096e+00	8.725836e-01	1.874972e+00	1.529865e+00	3.155791e-01	2.023887e+00	8.203649e-01	
7  89.6986	2.388818e+00	1.322889e-01	7.049337e-01	3.007605e+00	8.902851e-01	1.918351e+00	6.781523e-01	2.010214e+00	1.025679e+00	1.846964e+00	1.191473e+00	1.846978e+00	1.269240e+00	3.155791e-01	2.023887e+00	8.203649e-01	
2  90.3093	2.442852e+00	1.333181e-01	7.115389e-01	2.998321e+00	8.664645e-01	1.884449e+00	5.085351e-01	2.000608e+00	1.039730e+00	1.827477e+00	1.131786e+00	1.853406e+00	1.445499e+00	3.128473e-01	2.005185e+00	8.111995e-01	
2  90.2092	2.442852e+00	1.333181e-01	7.115389e-01	2.998321e+00	8.664645e-01	1.888023e+00	5.993519e-01	1.947185e+00	8.330124e-01	1.832755e+00	1.205423e+00	1.820139e+00	9.379259e-01	3.128473e-01	2.005185e+00	8.111995e-01	
3  91.8086	2.442852e+00	1.333181e-01	7.115389e-01	2.998321e+00	8.664645e-01	1.881076e+00	5.853655e-01	1.944765e+00	1.108824e+00	1.846316e+00	1.274385e+00	1.838643e+00	8.591133e-01	3.128473e-01	2.005185e+00	8.111995e-01	
7  93.1084	2.442852e+00	1.333181e-01	7.115389e-01	2.998321e+00	8.664645e-01	1.922967e+00	6.926091e-01	1.948039e+00	1.306678e+00	1.828265e+00	7.563311e-01	1.779469e+00	6.426259e-01	3.128473e-01	2.005185e+00	8.111995e-01	
7  93.4692	2.442852e+00	1.333181e-01	7.115389e-01	2.998321e+00	8.664645e-01	1.937191e+00	6.289371e-01	1.978228e+00	1.819517e+00	1.826453e+00	1.039558e+00	1.796362e+00	6.878048e-01	3.128473e-01	2.005185e+00	8.111995e-01	
16  92.0033	2.442852e+00	1.333181e-01	7.115389e-01	2.998321e+00	8.664645e-01	1.915530e+00	7.026928e-01	1.982676e+00	1.763958e+00	1.784299e+00	7.497213e-01	1.789192e+00	7.022610e-01	3.128473e-01	2.005185e+00	8.111995e-01	
6  93.6272	2.358241e+00	1.165227e-01	7.074716e-01	3.117123e+00	9.806730e-01	1.936050e+00	7.304553e-01	1.995142e+00	1.849493e+00	1.801698e+00	8.730446e-01	1.813381e+00	7.950841e-01	2.812083e-01	2.258132e+00	8.302334e-01	
3  92.2334	2.358241e+00	1.165227e-01	7.074716e-01	3.117123e+00	9.806730e-01	1.910211e+00	6.863151e-01	1.927462e+00	9.057438e-01	1.822204e+00	1.056970e+00	1.838544e+00	1.065832e+00	2.812083e-01	2.258132e+00	8.302334e-01	
17  93.9389	2.358241e+00	1.165227e-01	7.074716e-01	3.117123e+00	9.806730e-01	1.926859e+00	7.135210e-01	1.835055e+00	3.911627e-01	1.855907e+00	1.126438e+00	1.808645e+00	8.387700e-01	2.812083e-01	2.258132e+00	8.302334e-01	
8  91.3635	2.359646e+00	1.162988e-01	6.856317e-01	3.063196e+00	9.384362e-01	1.978687e+00	5.683439e-01	1.916400e+00	4.017187e-01	1.917213e+00	1.166044e+00	1.871583e+00	8.224418e-01	2.989622e-01	2.139582e+00	7.888988e-01	
2  91.6661	2.359646e+00	1.162988e-01	6.856317e-01	3.063196e+00	9.384362e-01	1.932196e+00	1.766388e-01	1.935083e+00	5.037085e-01	1.889999e+00	1.170751e+00	1.851539e+00	6.765283e-01	2.989622e-01	2.139582e+00	7.888988e-01	
36  89.3901	2.359646e+00	1.162988e-01	6.856317e-01	3.063196e+00	9.384362e-01	1.922957e+00	1.917442e-01	1.956915e+00	5.666946e-01	1.850744e+00	8.009416e-01	1.857828e+00	7.993317e-01	2.989622e-01	2.139582e+00	7.888988e-01	
23  90.5387	2.359646e+00	1.162988e-01	6.856317e-01	3.063196e+00	9.384362e-01	1.977090e+00	3.844172e-01	1.983060e+00	7.052376e-01	1.900026e+00	9.279944e-01	1.853868e+00	7.830150e-01	2.989622e-01	2.139582e+00	7.888988e-01	
1  90.9134	2.359646e+00	1.162988e-01	6.856317e-01	3.063196e+00	9.384362e-01	2.006439e+00	6.672434e-01	1.999293e+00	6.472870e-01	1.881212e+00	9.484723e-01	1.924956e+00	1.120428e+00	2.989622e-01	2.139582e+00	7.888988e-01	
4  91.9009	2.359646e+00	1.162988e-01	6.856317e-01	3.063196e+00	9.384362e-01	2.001371e+00	6.392881e-01	2.031510e+00	1.201524e+00	1.940606e+00	1.254040e+00	1.931851e+00	1.058728e+00	2.989622e-01	2.139582e+00	7.888988e-01	
3  91.838	2.359646e+00	1.162988e-01	6.856317e-01	3.063196e+00	9.384362e-01	1.982526e+00	6.294402e-01	2.069790e+00	1.340163e+00	1.905629e+00	8.172961e-01	1.973302e+00	1.419629e+00	2.989622e-01	2.139582e+00	7.888988e-01	
1  91.3407	2.275438e+00	1.111603e-01	6.834053e-01	3.140492e+00	9.696691e-01	1.922764e+00	5.618897e-01	2.018411e+00	1.304694e+00	1.861479e+00	7.806928e-01	1.926018e+00	1.334506e+00	2.881081e-01	2.311523e+00	8.103501e-01	
10  91.3016	2.110665e+00	1.023540e-01	6.592895e-01	3.104663e+00	9.920887e-01	2.032261e+00	5.049635e-01	2.145941e+00	1.405081e+00	1.969732e+00	9.475536e-01	2.026545e+00	1.197943e+00	2.855199e-01	2.230170e+00	7.645668e-01	
2  92.2453	2.110665e+00	1.023540e-01	6.592895e-01	3.104663e+00	9.920887e-01	2.037122e+00	5.754797e-01	2.182448e+00	1.627682e+00	1.984423e+00	1.285953e+00	2.011348e+00	1.125387e+00	2.855199e-01	2.230170e+00	7.645668e-01	
4  91.2461	2.114224e+00	1.143549e-01	6.702592e-01	3.100616e+00	9.241731e-01	1.912245e+00	5.168307e-01	2.064590e+00	1.479052e+00	1.879244e+00	1.081146e+00	1.895481e+00	9.460007e-01	3.030430e-01	2.221163e+00	8.032226e-01	
1  93.0532	2.114224e+00	1.143549e-01	6.702592e-01	3.100616e+00	9.241731e-01	1.898972e+00	5.183164e-01	2.085955e+00	1.764697e+00	1.866242e+00	1.017783e+00	1.852850e+00	7.159584e-01	3.030430e-01	2.221163e+00	8.032226e-01	
9  92.6103	2.114224e+00	1.143549e-01	6.702592e-01	3.100616e+00	9.241731e-01	1.858141e+00	2.908051e-01	2.093230e+00	1.793560e+00	1.863504e+00	8.758013e-01	1.842181e+00	7.261445e-01	3.030430e-01	2.221163e+00	8.032226e-01	
31  92.4707	2.249408e+00	1.092025e-01	6.591813e-01	3.228893e+00	9.589132e-01	1.792812e+00	2.978673e-01	2.020789e+00	1.688613e+00	1.806128e+00	8.261953e-01	1.780538e+00	8.310324e-01	3.045676e-01	2.525169e+00	8.294270e-01	
7  90.8805	2.249408e+00	1.092025e-01	6.591813e-01	3.228893e+00	9.589132e-01	1.742550e+00	-6.844623e-02	1.988968e+00	1.174571e+00	1.811239e+00	9.341770e-01	1.792358e+00	9.732278e-01	3.045676e-01	2.525169e+00	8.294270e-01	
26  89.1125	2.287732e+00	1.119320e-01	6.705320e-01	3.141288e+00	9.524100e-01	1.826452e+00	2.628801e-02	2.059553e+00	1.281224e+00	1.872567e+00	1.016740e+00	1.865161e+00	1.105824e+00	3.012667e-01	2.313364e+00	8.052102e-01	
19  88.6069	2.340334e+00	1.149768e-01	6.900449e-01	3.141034e+00	9.888833e-01	1.851093e+00	3.379487e-01	2.031374e+00	1.299535e+00	1.864163e+00	1.054766e+00	1.844014e+00	1.121973e+00	2.919685e-01	2.312776e+00	8.321949e-01	
2  88.7779	2.340334e+00	1.149768e-01	6.900449e-01	3.141034e+00	9.888833e-01	1.844703e+00	2.477661e-01	2.033369e+00	1.369868e+00	1.859424e+00	1.118937e+00	1.802276e+00	8.600745e-01	2.919685e-01	2.312776e+00	8.321949e-01	
1  89.7325	2.340334e+00	1.149768e-01	6.900449e-01	3.141034e+00	9.888833e-01	1.833935e+00	1.741673e-01	1.999864e+00	1.159703e+00	1.879984e+00	1.052748e+00	1.786234e+00	9.230001e-01	2.919685e-01	2.312776e+00	8.321949e-01	
3  92.4094	2.340334e+00	1.149768e-01	6.900449e-01	3.141034e+00	9.888833e-01	1.862989e+00	1.328919e-01	1.981936e+00	1.193580e+00	1.878606e+00	1.142084e+00	1.796742e+00	9.774974e-01	2.919685e-01	2.312776e+00	8.321949e-01	
6  90.9699	2.254811e+00	1.115276e-01	6.743274e-01	3.075322e+00	1.009695e+00	2.004447e+00	2.999882e-01	2.105479e+00	1.285376e+00	1.993855e+00	1.330351e+00	1.890944e+00	8.388735e-01	2.962715e-01	2.165686e+00	7.969876e-01	
4  89.4017	2.254811e+00	1.115276e-01	6.743274e-01	3.075322e+00	1.009695e+00	2.012786e+00	6.044283e-01	2.131393e+00	1.358001e+00	2.007392e+00	1.271880e+00	1.933075e+00	1.267080e+00	2.962715e-01	2.165686e+00	7.969876e-01	
2  89.1447	2.254811e+00	1.115276e-01	6.743274e-01	3.075322e+00	1.009695e+00	1.980581e+00	3.896863e-01	2.119377e+00	1.179028e+00	2.005692e+00	1.431202e+00	1.958207e+00	1.420880e+00	2.962715e-01	2.165686e+00	7.969876e-01	
2  91.0474	2.254811e+00	1.115276e-01	6.743274e-01	3.075322e+00	1.009695e+00	1.963782e+00	2.301708e-01	2.143529e+00	1.431324e+00	1.932713e+00	7.956571e-01	2.000604e+00	1.682207e+00	2.962715e-01	2.165686e+00	7.969876e-01	
1  90.6174	2.179369e+00	1.133417e-01	6.760589e-01	2.952903e+00	9.876118e-01	2.071652e+00	2.382143e-01	2.256896e+00	1.559512e+00	2.026400e+00	9.059540e-01	2.101026e+00	1.674007e+00	2.970744e-01	1.916150e+00	7.565587e-01	
5  91.43	2.181556e+00	1.184675e-01	6.872361e-01	2.835908e+00	9.565440e-01	2.149422e+00	2.717940e-01	2.332809e+00	1.662623e+00	2.088125e+00	9.648713e-01	2.174987e+00	1.751193e+00	2.983890e-01	1.704587e+00	7.282248e-01	
1  94.73	2.181556e+00	1.184675e-01	6.872361e-01	2.835908e+00	9.565440e-01	2.148610e+00	2.645805e-01	2.364860e+00	1.935676e+00	2.061459e+00	7.581781e-01	2.188647e+00	2.005605e+00	2.983890e-01	1.704587e+00	7.282248e-01	
2  93.3047	2.181556e+00	1.184675e-01	6.872361e-01	2.835908e+00	9.565440e-01	2.169426e+00	6.144469e-01	2.328255e+00	1.353695e+00	2.078482e+00	7.557364e-01	2.112096e+00	1.874317e+00	2.983890e-01	1.704587e+00	7.282248e-01	
1  93.0328	2.181556e+00	1.184675e-01	6.872361e-01	2.835908e+00	9.565440e-01	2.214314e+00	8.592276e-01	2.282099e+00	8.805517e-01	2.113079e+00	9.454854e-01	2.115094e+00	1.782238e+00	2.983890e-01	1.704587e+00	7.282248e-01	
2  94.1102	2.181556e+00	1.184675e-01	6.872361e-01	2.835908e+00	9.565440e-01	2.228312e+00	9.816995e-01	2.230041e+00	6.245366e-01	2.139918e+00	1.119831e+00	2.058482e+00	1.378368e+00	2.983890e-01	1.704587e+00	7.282248e-01	
5  95.1568	2.358775e+00	1.133354e-01	6.886828e-01	2.983492e+00	9.916334e-01	2.115449e+00	8.945900e-01	2.120306e+00	5.290636e-01	2.044291e+00	1.010273e+00	1.980056e+00	1.641543e+00	2.900525e-01	1.975670e+00	7.611948e-01	
3  91.7733	2.358775e+00	1.133354e-01	6.886828e-01	2.983492e+00	9.916334e-01	2.098770e+00	6.481097e-01	2.183317e+00	9.405196e-01	2.021503e+00	8.439540e-01	2.004522e+00	1.693924e+00	2.900525e-01	1.975670e+00	7.611948e-01	
3  92.8676	2.358775e+00	1.133354e-01	6.886828e-01	2.983492e+00	9.916334e-01	2.097336e+00	4.932457e-01	2.178188e+00	8.219372e-01	1.995321e+00	6.365618e-01	2.007429e+00	1.394757e+00	2.900525e-01	1.975670e+00	7.611948e-01	
2  92.2892	2.358775e+00	1.133354e-01	6.886828e-01	2.983492e+00	9.916334e-01	2.028384e+00	1.521988e-01	2.157028e+00	7.482940e-01	1.979146e+00	6.148620e-01	1.966505e+00	8.455507e-01	2.900525e-01	1.975670e+00	7.611948e-01	
5  92.5456	2.363746e+00	1.164470e-01	7.001100e-01	2.792849e+00	9.436950e-01	2.172512e+00	3.142487e-02	2.326447e+00	9.733810e-01	2.109213e+00	7.416146e-01	2.138493e+00	1.120002e+00	2.871109e-01	1.632746e+00	6.938130e-01	
3  92.7677	2.363746e+00	1.164470e-01	7.001100e-01	2.792849e+00	9.436950e-01	2.179318e+00	8.068702e-02	2.291849e+00	7.386045e-01	2.111385e+00	6.826224e-01	2.135651e+00	1.096859e+00	2.871109e-01	1.632746e+00	6.938130e-01	
3  94.2621	2.363746e+00	1.164470e-01	7.001100e-01	2.792849e+00	9.436950e-01	2.179919e+00	1.211287e-01	2.348611e+00	9.225902e-01	2.193236e+00	1.119448e+00	2.131148e+00	1.563607e+00	2.871109e-01	1.632746e+00	6.938130e-01	
6  93.6335	2.363746e+00	1.164470e-01	7.001100e-01	2.792849e+00	9.436950e-01	2.195546e+00	2.064909e-01	2.331839e+00	8.162541e-01	2.218463e+00	1.352939e+00	2.164555e+00	1.491938e+00	2.871109e-01	1.632746e+00	6.938130e-01	
4  92.7926	2.339147e+00	1.246736e-01	7.002054e-01	2.790016e+00	8.842032e-01	2.101962e+00	1.080513e-01	2.254020e+00	6.909711e-01	2.146507e+00	1.199007e+00	2.081270e+00	1.301974e+00	3.033102e-01	1.628129e+00	7.091433e-01	
1  92.0913	2.339147e+00	1.246736e-01	7.002054e-01	2.790016e+00	8.842032e-01	2.071718e+00	-2.003719e-01	2.250368e+00	8.965112e-01	2.146989e+00	1.376791e+00	2.125509e+00	1.227787e+00	3.033102e-01	1.628129e+00	7.091433e-01	
3  93.7144	2.339147e+00	1.246736e-01	7.002054e-01	2.790016e+00	8.842032e-01	2.101289e+00	-1.346610e-01	2.266771e+00	1.089881e+00	2.176210e+00	1.786545e+00	2.122954e+00	1.243533e+00	3.033102e-01	1.628129e+00	7.091433e-01	
2  94.8039	2.339147e+00	1.246736e-01	7.002054e-01	2.790016e+00	8.842032e-01	2.117142e+00	-1.326319e-01	2.263245e+00	9.285636e-01	2.157879e+00	1.652482e+00	2.136938e+00	1.531696e+00	3.033102e-01	1.628129e+00	7.091433e-01	
4  90.7518	2.411152e+00	1.367583e-01	7.004351e-01	2.729145e+00	8.447440e-01	2.149127e+00	1.861086e-01	2.248155e+00	8.375747e-01	2.160722e+00	1.643842e+00	2.098682e+00	1.306792e+00	3.292110e-01	1.531978e+00	7.135508e-01	
3  91.4107	2.411152e+00	1.367583e-01	7.004351e-01	2.729145e+00	8.447440e-01	2.138128e+00	2.822408e-02	2.260898e+00	1.111895e+00	2.126050e+00	1.374565e+00	2.077950e+00	1.224124e+00	3.292110e-01	1.531978e+00	7.135508e-01	
13  91.4208	2.411152e+00	1.367583e-01	7.004351e-01	2.729145e+00	8.447440e-01	2.200650e+00	4.233120e-01	2.277715e+00	1.316948e+00	2.137589e+00	1.326742e+00	2.056564e+00	1.272685e+00	3.292110e-01	1.531978e+00	7.135508e-01	
3  92.2484	2.411152e+00	1.367583e-01	7.004351e-01	2.729145e+00	8.447440e-01	2.171391e+00	4.875245e-01	2.219993e+00	5.727362e-01	2.115976e+00	1.081985e+00	2.057450e+00	1.716168e+00	3.292110e-01	1.531978e+00	7.135508e-01	
3  92.3493	2.411152e+00	1.367583e-01	7.004351e-01	2.729145e+00	8.447440e-01	2.179549e+00	6.317808e-01	2.275113e+00	9.510296e-01	2.108400e+00	1.095983e+00	2.063846e+00	1.761524e+00	3.292110e-01	1.531978e+00	7.135508e-01	
2  92.746	2.290331e+00	1.307047e-01	6.816360e-01	2.754729e+00	8.702448e-01	2.210348e+00	6.356435e-01	2.309871e+00	9.502142e-01	2.142120e+00	1.167249e+00	2.078453e+00	1.567367e+00	3.319910e-01	1.571677e+00	7.124084e-01	
1  92.7001	2.216098e+00	1.310831e-01	6.811445e-01	2.786274e+00	8.486655e-01	2.123589e+00	4.368945e-01	2.253430e+00	8.918818e-01	2.084272e+00	1.058333e+00	2.026143e+00	1.481516e+00	3.316857e-01	1.622047e+00	7.232217e-01	
1  93.4016	2.220460e+00	1.313517e-01	6.769041e-01	2.709917e+00	8.626880e-01	2.256811e+00	6.710597e-01	2.355153e+00	9.804803e-01	2.182452e+00	1.219729e+00	2.109314e+00	1.453253e+00	3.365357e-01	1.502802e+00	6.994374e-01	
1  92.8686	2.220460e+00	1.313517e-01	6.769041e-01	2.709917e+00	8.626880e-01	2.271091e+00	6.426355e-01	2.376347e+00	1.234721e+00	2.146289e+00	1.203733e+00	2.125293e+00	1.580104e+00	3.365357e-01	1.502802e+00	6.994374e-01	
4  93.4828	2.220460e+00	1.313517e-01	6.769041e-01	2.709917e+00	8.626880e-01	2.285050e+00	9.749201e-01	2.355331e+00	1.111911e+00	2.160081e+00	1.155818e+00	2.091734e+00	1.106095e+00	3.365357e-01	1.502802e+00	6.994374e-01	
2  92.5516	2.220460e+00	1.313517e-01	6.769041e-01	2.709917e+00	8.626880e-01	2.284082e+00	9.458428e-01	2.357460e+00	1.595015e+00	2.129710e+00	9.468573e-01	2.147729e+00	1.071013e+00	3.365357e-01	1.502802e+00	6.994374e-01	
6  92.8828	2.220460e+00	1.313517e-01	6.769041e-01	2.709917e+00	8.626880e-01	2.242904e+00	6.588663e-01	2.366702e+00	1.534849e+00	2.156458e+00	1.098737e+00	2.141251e+00	7.942338e-01	3.365357e-01	1.502802e+00	6.994374e-01	
4  91.7821	2.220460e+00	1.313517e-01	6.769041e-01	2.709917e+00	8.626880e-01	2.233766e+00	4.987564e-01	2.345097e+00	1.509732e+00	2.094246e+00	7.831102e-01	2.157077e+00	1.065558e+00	3.365357e-01	1.502802e+00	6.994374e-01	
7  92.3388	2.220460e+00	1.313517e-01	6.769041e-01	2.709917e+00	8.626880e-01	2.270606e+00	5.468639e-01	2.306751e+00	1.130916e+00	2.092251e+00	7.427575e-01	2.190781e+00	1.598213e+00	3.365357e-01	1.502802e+00	6.994374e-01	
10  94.5043	2.108434e+00	1.259363e-01	6.517062e-01	2.863972e+00	8.481948e-01	2.085253e+00	1.706913e-01	2.178840e+00	9.299157e-01	1.969981e+00	5.430507e-01	2.060034e+00	1.357559e+00	3.476747e-01	1.753103e+00	7.333704e-01	
2  92.9709	2.155038e+00	1.305650e-01	6.620000e-01	2.815710e+00	8.510377e-01	2.138465e+00	3.969041e-01	2.196750e+00	9.584510e-01	1.995309e+00	5.936310e-01	2.074676e+00	1.355580e+00	3.485719e-01	1.670502e+00	7.318853e-01	
4  94.2207	2.196221e+00	1.332948e-01	6.633355e-01	2.728279e+00	8.177167e-01	2.201873e+00	3.444986e-01	2.271536e+00	1.034643e+00	2.052649e+00	6.389606e-01	2.148172e+00	1.483602e+00	3.543095e-01	1.530652e+00	6.989091e-01	
9  94.1654	2.196221e+00	1.332948e-01	6.633355e-01	2.728279e+00	8.177167e-01	2.176272e+00	1.768515e-01	2.263867e+00	7.271815e-01	2.049914e+00	6.011458e-01	2.127598e+00	1.593378e+00	3.543095e-01	1.530652e+00	6.989091e-01	
21  92.7799	2.198142e+00	1.390967e-01	6.801094e-01	2.677436e+00	7.941749e-01	2.167731e+00	1.956728e-01	2.251384e+00	7.498569e-01	2.037023e+00	5.636552e-01	2.122587e+00	1.619687e+00	3.496329e-01	1.454774e+00	6.959681e-01	
1  94.0113	2.198142e+00	1.390967e-01	6.801094e-01	2.677436e+00	7.941749e-01	2.148385e+00	1.705472e-01	2.229589e+00	4.225245e-01	2.044608e+00	5.096735e-01	2.132563e+00	1.465580e+00	3.496329e-01	1.454774e+00	6.959681e-01	
3  92.138	2.198142e+00	1.390967e-01	6.801094e-01	2.677436e+00	7.941749e-01	2.132888e+00	3.665490e-02	2.241797e+00	6.541836e-01	2.056779e+00	6.709175e-01	2.103509e+00	1.297311e+00	3.496329e-01	1.454774e+00	6.959681e-01	
2  91.5107	2.242525e+00	1.332541e-01	6.825887e-01	2.679295e+00	8.306619e-01	2.188177e+00	4.778468e-02	2.293973e+00	7.508522e-01	2.101328e+00	7.617494e-01	2.166481e+00	1.512320e+00	3.355105e-01	1.457482e+00	6.866728e-01	
7  93.2052	2.352850e+00	1.260899e-01	6.779184e-01	2.879604e+00	8.860203e-01	2.043144e+00	4.432937e-03	2.145118e+00	5.980243e-01	1.977850e+00	6.361923e-01	2.041305e+00	1.604273e+00	3.269609e-01	1.780722e+00	7.416991e-01	
5  91.8578	2.352850e+00	1.260899e-01	6.779184e-01	2.879604e+00	8.860203e-01	2.060463e+00	1.195512e-01	2.131699e+00	6.711737e-01	2.003503e+00	8.724238e-01	1.945730e+00	1.082895e+00	3.269609e-01	1.780722e+00	7.416991e-01	
9  91.8696	2.380951e+00	1.254532e-01	6.849958e-01	2.779146e+00	8.947907e-01	2.192712e+00	2.213410e-01	2.251179e+00	8.332705e-01	2.107040e+00	1.026125e+00	2.064596e+00	1.263741e+00	3.194815e-01	1.610526e+00	7.054375e-01	
2  90.5798	2.380951e+00	1.254532e-01	6.849958e-01	2.779146e+00	8.947907e-01	2.205049e+00	3.432869e-01	2.282461e+00	1.186881e+00	2.129513e+00	1.151042e+00	2.124691e+00	1.698537e+00	3.194815e-01	1.610526e+00	7.054375e-01	
3  91.6806	2.380709e+00	1.238872e-01	6.777180e-01	2.802125e+00	9.272499e-01	2.245027e+00	5.575428e-01	2.289910e+00	1.167016e+00	2.149744e+00	1.221163e+00	2.118700e+00	1.579707e+00	3.229652e-01	1.647963e+00	7.149730e-01	
9  91.5344	2.196978e+00	1.227047e-01	6.613460e-01	2.802202e+00	8.674626e-01	2.155510e+00	1.000112e-01	2.277074e+00	1.115026e+00	2.115671e+00	1.097953e+00	2.097003e+00	1.396013e+00	3.322491e-01	1.648089e+00	7.019519e-01	
2  94.0735	2.196978e+00	1.227047e-01	6.613460e-01	2.802202e+00	8.674626e-01	2.219511e+00	3.832354e-01	2.280312e+00	1.383788e+00	2.145303e+00	1.389531e+00	2.070901e+00	1.080411e+00	3.322491e-01	1.648089e+00	7.019519e-01	
3  94.5076	2.107469e+00	1.250939e-01	6.741576e-01	2.708628e+00	9.326927e-01	2.406314e+00	1.012721e+00	2.373553e+00	1.510276e+00	2.257823e+00	1.640793e+00	2.136103e+00	8.386236e-01	3.230285e-01	1.500867e+00	7.019431e-01	
6  94.1613	2.113081e+00	1.250806e-01	6.737278e-01	2.647458e+00	9.038848e-01	2.440016e+00	8.475517e-01	2.435597e+00	1.584054e+00	2.299151e+00	1.661218e+00	2.201493e+00	9.783471e-01	3.235352e-01	1.411810e+00	6.731064e-01	
6  94.2411	2.113081e+00	1.250806e-01	6.737278e-01	2.647458e+00	9.038848e-01	2.462898e+00	9.985008e-01	2.469035e+00	1.651764e+00	2.281877e+00	1.490938e+00	2.181920e+00	7.471443e-01	3.235352e-01	1.411810e+00	6.731064e-01	
9  94.877	2.129177e+00	1.216219e-01	6.833102e-01	2.644069e+00	9.266672e-01	2.482691e+00	9.620465e-01	2.492260e+00	1.734578e+00	2.298384e+00	1.528814e+00	2.220414e+00	9.330547e-01	3.074618e-01	1.407034e+00	6.671852e-01	
6  96.0895	2.129177e+00	1.216219e-01	6.833102e-01	2.644069e+00	9.266672e-01	2.411732e+00	5.159329e-01	2.516409e+00	2.162337e+00	2.284261e+00	1.364571e+00	2.192460e+00	3.786951e-01	3.074618e-01	1.407034e+00	6.671852e-01	
3  96.294	2.129177e+00	1.216219e-01	6.833102e-01	2.644069e+00	9.266672e-01	2.383312e+00	5.954247e-01	2.541575e+00	2.066684e+00	2.297600e+00	1.768708e+00	2.157827e+00	6.763610e-01	3.074618e-01	1.407034e+00	6.671852e-01	
2  93.6779	2.129177e+00	1.216219e-01	6.833102e-01	2.644069e+00	9.266672e-01	2.388992e+00	4.844630e-01	2.545942e+00	2.009445e+00	2.342675e+00	1.948132e+00	2.218419e+00	9.656663e-01	3.074618e-01	1.407034e+00	6.671852e-01	
4  93.6139	2.129177e+00	1.216219e-01	6.833102e-01	2.644069e+00	9.266672e-01	2.419210e+00	6.053827e-01	2.540904e+00	1.784547e+00	2.330058e+00	1.778112e+00	2.198747e+00	8.960483e-01	3.074618e-01	1.407034e+00	6.671852e-01	
1  94.4529	2.213418e+00	1.297621e-01	6.743483e-01	2.670258e+00	8.306338e-01	2.265682e+00	2.601349e-01	2.439904e+00	1.601678e+00	2.224819e+00	1.530188e+00	2.103260e+00	8.759577e-01	3.354411e-01	1.444370e+00	6.726887e-01	
2  93.8966	2.114984e+00	1.257535e-01	6.709691e-01	2.652414e+00	8.518171e-01	2.314112e+00	2.680972e-01	2.490166e+00	1.668651e+00	2.268851e+00	1.610328e+00	2.145579e+00	8.161361e-01	3.277379e-01	1.418825e+00	6.636369e-01	
1  91.9837	2.151711e+00	1.403495e-01	6.861862e-01	2.719829e+00	8.109759e-01	2.137910e+00	4.509682e-01	2.279028e+00	1.409105e+00	2.099713e+00	1.357162e+00	1.934568e+00	4.789760e-01	3.451422e-01	1.517772e+00	7.227648e-01	
3  92.9053	2.151711e+00	1.403495e-01	6.861862e-01	2.719829e+00	8.109759e-01	2.095702e+00	1.756807e-01	2.302615e+00	1.672640e+00	2.053151e+00	9.741093e-01	1.955193e+00	8.272834e-01	3.451422e-01	1.517772e+00	7.227648e-01	
7  92.0556	2.151711e+00	1.403495e-01	6.861862e-01	2.719829e+00	8.109759e-01	2.170464e+00	7.135234e-01	2.279702e+00	1.542878e+00	2.091182e+00	1.484473e+00	1.991400e+00	8.304283e-01	3.451422e-01	1.517772e+00	7.227648e-01	
5  93.0868	2.111428e+00	1.228883e-01	6.630078e-01	2.799490e+00	8.578100e-01	2.181972e+00	3.470181e-01	2.349004e+00	1.631249e+00	2.134365e+00	1.559926e+00	2.071590e+00	1.078340e+00	3.290571e-01	1.643626e+00	7.043846e-01	
6  92.1395	2.111428e+00	1.228883e-01	6.630078e-01	2.799490e+00	8.578100e-01	2.095060e+00	-1.735785e-01	2.319374e+00	1.561602e+00	2.153926e+00	1.524549e+00	2.054181e+00	8.426481e-01	3.290571e-01	1.643626e+00	7.043846e-01	
2  91.0936	2.224764e+00	1.232441e-01	6.697888e-01	2.827283e+00	8.768947e-01	2.092289e+00	-5.813354e-02	2.294305e+00	1.550636e+00	2.138389e+00	1.524821e+00	2.040330e+00	9.747450e-01	3.257476e-01	1.689948e+00	7.154085e-01	
3  90.2857	2.266796e+00	1.216331e-01	6.901010e-01	2.890120e+00	9.351931e-01	2.064631e+00	1.399980e-01	2.228173e+00	1.557178e+00	2.093149e+00	1.523507e+00	1.994208e+00	1.060141e+00	3.043537e-01	1.799547e+00	7.503264e-01	
2  90.8539	2.266796e+00	1.216331e-01	6.901010e-01	2.890120e+00	9.351931e-01	2.103127e+00	3.167052e-01	2.252767e+00	1.438933e+00	2.074159e+00	1.356901e+00	2.080691e+00	1.583519e+00	3.043537e-01	1.799547e+00	7.503264e-01	
2  90.5582	2.266796e+00	1.216331e-01	6.901010e-01	2.890120e+00	9.351931e-01	2.082874e+00	2.925010e-01	2.233188e+00	1.199788e+00	1.998443e+00	7.776398e-01	2.084850e+00	1.821462e+00	3.043537e-01	1.799547e+00	7.503264e-01	
4  90.0351	2.266796e+00	1.216331e-01	6.901010e-01	2.890120e+00	9.351931e-01	2.146423e+00	6.011922e-01	2.185606e+00	1.152763e+00	2.027228e+00	1.052365e+00	2.093989e+00	1.576295e+00	3.043537e-01	1.799547e+00	7.503264e-01	
1  89.7686	2.445406e+00	1.409452e-01	7.098987e-01	2.841040e+00	8.669871e-01	2.090410e+00	8.980021e-01	2.079618e+00	9.973713e-01	1.948712e+00	9.040473e-01	1.986595e+00	1.464925e+00	3.294798e-01	1.713357e+00	7.753491e-01	
1  90.1682	2.426166e+00	1.290323e-01	7.005798e-01	2.873393e+00	9.229392e-01	2.152467e+00	8.210498e-01	2.154043e+00	1.108191e+00	2.009915e+00	1.029943e+00	2.066866e+00	1.648057e+00	3.136395e-01	1.769696e+00	7.617814e-01	
6  91.065	2.390937e+00	1.443554e-01	7.043179e-01	2.725191e+00	8.250238e-01	2.178374e+00	8.671328e-01	2.179991e+00	1.074067e+00	2.029784e+00	9.781257e-01	2.068781e+00	1.410972e+00	3.404985e-01	1.525933e+00	7.317426e-01	
10  91.0304	2.390937e+00	1.443554e-01	7.043179e-01	2.725191e+00	8.250238e-01	2.143277e+00	5.265470e-01	2.198549e+00	1.337128e+00	2.002502e+00	7.747169e-01	2.096043e+00	1.418606e+00	3.404985e-01	1.525933e+00	7.317426e-01	
7  91.5183	2.390937e+00	1.443554e-01	7.043179e-01	2.725191e+00	8.250238e-01	2.169972e+00	6.512444e-01	2.205804e+00	1.469263e+00	2.027482e+00	1.106337e+00	2.072465e+00	1.363319e+00	3.404985e-01	1.525933e+00	7.317426e-01	
3  91.0547	2.390937e+00	1.443554e-01	7.043179e-01	2.725191e+00	8.250238e-01	2.110410e+00	2.670398e-01	2.196224e+00	1.573263e+00	2.045366e+00	1.051042e+00	2.067897e+00	1.412984e+00	3.404985e-01	1.525933e+00	7.317426e-01	
7  91.9286	2.415031e+00	1.385433e-01	6.993602e-01	2.811493e+00	8.515813e-01	2.054017e+00	1.593129e-01	2.152826e+00	1.536787e+00	2.005213e+00	1.011467e+00	2.036457e+00	1.496018e+00	3.339526e-01	1.663473e+00	7.508663e-01	
2  90.7699	2.415031e+00	1.385433e-01	6.993602e-01	2.811493e+00	8.515813e-01	2.074634e+00	4.436509e-01	2.102732e+00	9.624571e-01	1.989604e+00	7.869133e-01	1.995921e+00	1.532586e+00	3.339526e-01	1.663473e+00	7.508663e-01	
13  90.987	2.415031e+00	1.385433e-01	6.993602e-01	2.811493e+00	8.515813e-01	2.084649e+00	5.461959e-01	2.201170e+00	1.633453e+00	1.963224e+00	6.819459e-01	2.072152e+00	1.705845e+00	3.339526e-01	1.663473e+00	7.508663e-01	
1  89.4349	2.415031e+00	1.385433e-01	6.993602e-01	2.811493e+00	8.515813e-01	2.053068e+00	3.746810e-01	2.168755e+00	1.428277e+00	1.964098e+00	6.751491e-01	2.021840e+00	1.173275e+00	3.339526e-01	1.663473e+00	7.508663e-01	
4  88.6321	2.415031e+00	1.385433e-01	6.993602e-01	2.811493e+00	8.515813e-01	2.059829e+00	3.421046e-01	2.199153e+00	1.448764e+00	2.035495e+00	1.257049e+00	2.013509e+00	1.335699e+00	3.339526e-01	1.663473e+00	7.508663e-01	
3  89.1058	2.413747e+00	1.372095e-01	6.958227e-01	2.843586e+00	8.784931e-01	2.069954e+00	4.873555e-01	2.186149e+00	1.421909e+00	2.034231e+00	1.288282e+00	1.993932e+00	1.249816e+00	3.345754e-01	1.717725e+00	7.657152e-01	
4  90.1969	2.413747e+00	1.372095e-01	6.958227e-01	2.843586e+00	8.784931e-01	2.039950e+00	3.069713e-01	2.166529e+00	1.292084e+00	2.043556e+00	1.160990e+00	1.988955e+00	1.070301e+00	3.345754e-01	1.717725e+00	7.657152e-01	
3  90.1588	2.413747e+00	1.372095e-01	6.958227e-01	2.843586e+00	8.784931e-01	2.088170e+00	5.999478e-01	2.157401e+00	1.242445e+00	2.060602e+00	1.276010e+00	1.973714e+00	1.165087e+00	3.345754e-01	1.717725e+00	7.657152e-01	
8  90.1025	2.440167e+00	1.351233e-01	6.944965e-01	2.853943e+00	8.789574e-01	2.081402e+00	5.097534e-01	2.163838e+00	1.257123e+00	2.061087e+00	1.270488e+00	1.987114e+00	1.268375e+00	3.320768e-01	1.735609e+00	7.609035e-01	
7  90.093	2.440167e+00	1.351233e-01	6.944965e-01	2.853943e+00	8.789574e-01	2.055084e+00	3.854490e-01	2.178014e+00	1.303699e+00	2.072482e+00	1.433235e+00	1.982693e+00	9.870460e-01	3.320768e-01	1.735609e+00	7.609035e-01	
4  91.0848	2.287110e+00	1.345382e-01	7.021614e-01	2.871144e+00	8.833331e-01	1.997818e+00	2.958252e-01	2.134471e+00	1.296623e+00	2.031455e+00	1.377143e+00	1.941221e+00	8.315373e-01	3.205753e-01	1.765721e+00	7.774068e-01	
3  91.0289	2.287110e+00	1.345382e-01	7.021614e-01	2.871144e+00	8.833331e-01	1.945818e+00	1.254271e-01	2.131852e+00	1.119135e+00	2.020508e+00	1.281343e+00	1.930980e+00	9.390106e-01	3.205753e-01	1.765721e+00	7.774068e-01	
1  91.5172	2.287110e+00	1.345382e-01	7.021614e-01	2.871144e+00	8.833331e-01	1.982182e+00	2.112744e-01	2.122191e+00	9.383399e-01	2.001670e+00	1.126983e+00	1.988807e+00	1.251629e+00	3.205753e-01	1.765721e+00	7.774068e-01	
10  90.4593	2.287110e+00	1.345382e-01	7.021614e-01	2.871144e+00	8.833331e-01	2.039134e+00	5.446355e-01	2.155252e+00	1.392992e+00	2.027925e+00	1.532680e+00	2.002241e+00	1.407730e+00	3.205753e-01	1.765721e+00	7.774068e-01	
7  90.9905	2.287110e+00	1.345382e-01	7.021614e-01	2.871144e+00	8.833331e-01	1.991782e+00	2.564244e-01	2.137478e+00	1.187449e+00	1.999547e+00	1.399054e+00	2.007855e+00	1.152240e+00	3.205753e-01	1.765721e+00	7.774068e-01	
1  90.1725	2.381605e+00	1.438650e-01	7.102599e-01	2.697691e+00	8.406349e-01	2.147846e+00	4.878104e-01	2.263252e+00	1.303231e+00	2.112795e+00	1.530343e+00	2.119517e+00	1.240901e+00	3.336679e-01	1.484542e+00	7.264788e-01	
2  90.8926	2.291440e+00	1.361624e-01	7.045972e-01	2.754120e+00	8.765722e-01	2.128554e+00	3.828989e-01	2.259873e+00	1.322789e+00	2.107132e+00	1.547739e+00	2.119176e+00	1.223241e+00	3.217215e-01	1.570721e+00	7.369449e-01	
4  91.4957	2.328606e+00	1.366255e-01	7.138803e-01	2.697523e+00	8.741950e-01	2.182282e+00	3.872428e-01	2.313113e+00	1.416204e+00	2.149668e+00	1.602252e+00	2.180300e+00	1.392770e+00	3.150467e-01	1.484292e+00	7.171961e-01	
3  91.6076	2.328606e+00	1.366255e-01	7.138803e-01	2.697523e+00	8.741950e-01	2.195721e+00	4.909449e-01	2.320476e+00	1.567958e+00	2.087316e+00	1.124509e+00	2.160573e+00	1.843913e+00	3.150467e-01	1.484292e+00	7.171961e-01	
7  92.0306	2.328606e+00	1.366255e-01	7.138803e-01	2.697523e+00	8.741950e-01	2.162700e+00	3.415930e-01	2.310354e+00	1.564876e+00	2.095785e+00	1.194570e+00	2.185356e+00	1.742346e+00	3.150467e-01	1.484292e+00	7.171961e-01	
10  92.2897	2.328606e+00	1.366255e-01	7.138803e-01	2.697523e+00	8.741950e-01	2.202807e+00	4.888782e-01	2.307220e+00	1.672636e+00	2.189959e+00	1.995765e+00	2.131663e+00	1.168448e+00	3.150467e-01	1.484292e+00	7.171961e-01	
2  92.0272	2.293276e+00	1.342679e-01	6.979495e-01	2.721005e+00	8.754749e-01	2.205068e+00	4.676176e-01	2.315512e+00	1.632323e+00	2.198468e+00	2.008969e+00	2.126164e+00	1.048029e+00	3.240278e-01	1.519558e+00	7.168606e-01	
1  91.4536	2.392731e+00	1.373059e-01	7.029731e-01	2.673712e+00	8.414956e-01	2.215764e+00	3.679692e-01	2.341227e+00	1.665740e+00	2.211617e+00	1.989170e+00	2.162468e+00	1.253125e+00	3.275734e-01	1.449367e+00	6.963122e-01	
2  91.2248	2.392731e+00	1.373059e-01	7.029731e-01	2.673712e+00	8.414956e-01	2.237053e+00	5.208747e-01	2.352918e+00	1.736575e+00	2.195266e+00	1.921927e+00	2.135378e+00	1.209359e+00	3.275734e-01	1.449367e+00	6.963122e-01	
4  91.1482	2.392731e+00	1.373059e-01	7.029731e-01	2.673712e+00	8.414956e-01	2.181516e+00	2.248662e-01	2.339536e+00	1.427435e+00	2.192956e+00	1.924752e+00	2.149879e+00	9.644111e-01	3.275734e-01	1.449367e+00	6.963122e-01	
2  91.7807	2.392731e+00	1.373059e-01	7.029731e-01	2.673712e+00	8.414956e-01	2.140812e+00	1.218194e-02	2.307927e+00	1.232131e+00	2.151638e+00	1.445179e+00	2.077167e+00	5.420553e-01	3.275734e-01	1.449367e+00	6.963122e-01	
2  92.0979	2.355757e+00	1.334010e-01	6.904228e-01	2.732790e+00	8.478067e-01	2.095955e+00	-1.007705e-01	2.280774e+00	1.176304e+00	2.125467e+00	1.408975e+00	2.046901e+00	4.713499e-01	3.306232e-01	1.537573e+00	7.058551e-01	
3  92.1107	2.415064e+00	1.249088e-01	6.866854e-01	2.719623e+00	9.051729e-01	2.220612e+00	1.588307e-02	2.387857e+00	1.319587e+00	2.222931e+00	1.596681e+00	2.156844e+00	7.084162e-01	3.174801e-01	1.517460e+00	6.840892e-01	
12  91.7467	2.415064e+00	1.249088e-01	6.866854e-01	2.719623e+00	9.051729e-01	2.252367e+00	1.470259e-01	2.413371e+00	1.812336e+00	2.258126e+00	1.988917e+00	2.157922e+00	9.960301e-01	3.174801e-01	1.517460e+00	6.840892e-01	
14  93.1451	2.441955e+00	1.212445e-01	6.955768e-01	2.698498e+00	9.476035e-01	2.330860e+00	2.841754e-01	2.469430e+00	1.924324e+00	2.312071e+00	2.105911e+00	2.221146e+00	1.153035e+00	3.023977e-01	1.485740e+00	6.753779e-01	
6  94.9474	2.441955e+00	1.212445e-01	6.955768e-01	2.698498e+00	9.476035e-01	2.325482e+00	2.806055e-01	2.494874e+00	2.301957e+00	2.272532e+00	1.928463e+00	2.204038e+00	7.511569e-01	3.023977e-01	1.485740e+00	6.753779e-01	
9  95.1234	2.441955e+00	1.212445e-01	6.955768e-01	2.698498e+00	9.476035e-01	2.313692e+00	2.657709e-01	2.484059e+00	1.973470e+00	2.230845e+00	1.419087e+00	2.217159e+00	1.040704e+00	3.023977e-01	1.485740e+00	6.753779e-01	
1  96.8174	2.441955e+00	1.212445e-01	6.955768e-01	2.698498e+00	9.476035e-01	2.320691e+00	2.964667e-01	2.504464e+00	2.224019e+00	2.197893e+00	1.125492e+00	2.198674e+00	8.016371e-01	3.023977e-01	1.485740e+00	6.753779e-01	
5  96.8083	2.441955e+00	1.212445e-01	6.955768e-01	2.698498e+00	9.476035e-01	2.361887e+00	5.202098e-01	2.472314e+00	1.878887e+00	2.199591e+00	1.156878e+00	2.167842e+00	5.826181e-01	3.023977e-01	1.485740e+00	6.753779e-01	
3  95.9461	2.389471e+00	1.203591e-01	6.988436e-01	2.760117e+00	8.923360e-01	2.174072e+00	-6.132883e-02	2.371072e+00	1.803454e+00	2.081780e+00	9.112258e-01	2.095146e+00	6.952921e-01	2.966894e-01	1.580169e+00	6.822980e-01	
4  94.8141	2.395429e+00	1.268261e-01	6.900498e-01	2.727484e+00	8.542250e-01	2.179160e+00	2.752722e-02	2.365936e+00	1.726347e+00	2.082255e+00	8.866556e-01	2.069899e+00	4.988009e-01	3.180060e-01	1.529436e+00	6.820568e-01	
1  92.4844	2.395429e+00	1.268261e-01	6.900498e-01	2.727484e+00	8.542250e-01	2.188622e+00	5.920386e-02	2.375199e+00	1.632759e+00	2.141254e+00	1.218842e+00	2.148835e+00	1.047703e+00	3.180060e-01	1.529436e+00	6.820568e-01	
3  92.3163	2.395429e+00	1.268261e-01	6.900498e-01	2.727484e+00	8.542250e-01	2.154117e+00	-2.168704e-01	2.372673e+00	1.266960e+00	2.142565e+00	1.044172e+00	2.148980e+00	1.194730e+00	3.180060e-01	1.529436e+00	6.820568e-01	
1  92.8	2.395429e+00	1.268261e-01	6.900498e-01	2.727484e+00	8.542250e-01	2.130604e+00	-1.532932e-01	2.349089e+00	1.117742e+00	2.217395e+00	1.535325e+00	2.101463e+00	1.070844e+00	3.180060e-01	1.529436e+00	6.820568e-01	
3  91.9592	2.395429e+00	1.268261e-01	6.900498e-01	2.727484e+00	8.542250e-01	2.114174e+00	-3.271836e-01	2.355382e+00	1.247670e+00	2.171327e+00	1.392236e+00	2.111812e+00	8.974966e-01	3.180060e-01	1.529436e+00	6.820568e-01	
17  90.9276	2.420859e+00	1.285626e-01	6.910473e-01	2.773795e+00	8.590282e-01	2.064629e+00	-2.579930e-01	2.292386e+00	1.168406e+00	2.122781e+00	1.334637e+00	2.049784e+00	8.219031e-01	3.212574e-01	1.601931e+00	7.040165e-01	
3  91.3174	2.420859e+00	1.285626e-01	6.910473e-01	2.773795e+00	8.590282e-01	2.102867e+00	-1.019324e-01	2.319841e+00	1.262208e+00	2.110889e+00	1.161097e+00	2.042524e+00	9.922603e-01	3.212574e-01	1.601931e+00	7.040165e-01	
12  90.4612	2.420859e+00	1.285626e-01	6.910473e-01	2.773795e+00	8.590282e-01	2.127080e+00	1.668186e-01	2.295782e+00	1.355786e+00	2.105092e+00	1.142755e+00	2.026282e+00	6.567002e-01	3.212574e-01	1.601931e+00	7.040165e-01	
1  91.3036	2.420859e+00	1.285626e-01	6.910473e-01	2.773795e+00	8.590282e-01	2.126456e+00	4.353776e-02	2.310185e+00	1.825281e+00	2.112836e+00	1.077578e+00	2.032431e+00	1.135296e+00	3.212574e-01	1.601931e+00	7.040165e-01	
2  93.1979	2.420859e+00	1.285626e-01	6.910473e-01	2.773795e+00	8.590282e-01	2.106165e+00	1.916861e-01	2.263478e+00	1.471077e+00	2.088771e+00	1.054726e+00	2.076667e+00	1.428948e+00	3.212574e-01	1.601931e+00	7.040165e-01	
4  93.3927	2.420859e+00	1.285626e-01	6.910473e-01	2.773795e+00	8.590282e-01	2.111226e+00	2.459751e-01	2.295843e+00	1.818847e+00	2.112573e+00	1.375638e+00	2.070370e+00	1.263391e+00	3.212574e-01	1.601931e+00	7.040165e-01	
