1  4.19523	3.306834e-01	1.268380e-02	6.115424e-01	
3  2.96449	3.566866e-01	1.448537e-01	4.533692e-01	
1  2.08405	2.801519e-01	4.356085e-02	6.311968e-01	
12  1.78675	3.110923e-01	8.920533e-02	5.546119e-01	
6  2.73835	3.518413e-01	1.375912e-01	4.654771e-01	
3  3.78298	3.728607e-01	1.560140e-01	4.260348e-01	
1  4.45896	3.169962e-01	1.635250e-01	4.743884e-01	
4  3.18323	3.095926e-01	1.298682e-01	5.154488e-01	
11  2.30249	3.400136e-01	1.237381e-01	4.911578e-01	
8  1.61759	3.107385e-01	5.187119e-02	5.922999e-01	
15  1.57006	2.992204e-01	4.029825e-02	6.153909e-01	
2  1.71486	3.053414e-01	3.467639e-02	6.148917e-01	
2  2.64864	3.060135e-01	1.124708e-01	5.364252e-01	
3  2.21769	2.792003e-01	4.734270e-02	6.283665e-01	
2  2.04629	3.261247e-01	5.968598e-02	5.690988e-01	
3  2.27374	2.888952e-01	7.245018e-02	5.935642e-01	
5  2.01945	3.078513e-01	2.441569e-02	6.226426e-01	
2  1.75719	3.001381e-01	7.260220e-02	5.821693e-01	
14  1.65011	3.125559e-01	5.264883e-02	5.897048e-01	
3  2.99622	3.576957e-01	1.208615e-01	4.763524e-01	
2  2.45062	3.227203e-01	1.270592e-01	5.051301e-01	
6  2.7616	2.617387e-01	1.118225e-02	6.819886e-01	
2  2.19966	3.227401e-01	4.494713e-02	5.872223e-01	
12  1.97116	3.320663e-01	1.025772e-01	5.202661e-01	
6  1.78052	2.869068e-01	4.388092e-02	6.241218e-01	
4  1.77209	3.142877e-01	9.123640e-02	5.493854e-01	
3  1.95368	3.197962e-01	1.052889e-01	5.298245e-01	
2  3.80359	3.281890e-01	1.656145e-01	4.611060e-01	
1  3.25063	3.281861e-01	2.638458e-02	6.003389e-01	
5  2.97293	3.103246e-01	2.258299e-03	6.423267e-01	
8  1.77307	2.840057e-01	2.868917e-02	6.422146e-01	
8  1.63355	3.110647e-01	7.812489e-02	5.657200e-01	
8  2.03987	3.316432e-01	1.114636e-01	5.118027e-01	
10  1.60338	3.140385e-01	6.355564e-02	5.773154e-01	
2  3.16193	2.743398e-01	6.450841e-02	6.160614e-01	
2  2.322	3.294180e-01	1.271140e-01	4.983775e-01	
10  2.40287	3.285495e-01	1.298115e-01	4.965485e-01	
4  3.21356	2.608236e-01	-3.998228e-02	7.340682e-01	
1  3.08934	2.625445e-01	-3.679494e-02	7.291600e-01	
5  2.83788	2.613501e-01	1.417798e-02	6.793814e-01	
5  2.6158	3.032079e-01	3.737271e-04	6.513279e-01	
11  1.80374	3.262684e-01	8.413423e-02	5.445069e-01	
2  3.6079	3.069580e-01	-1.470715e-02	6.626587e-01	
12  3.87156	2.453055e-01	-4.049442e-02	7.500985e-01	
3  3.75399	3.146981e-01	-6.119174e-03	6.463306e-01	
3  1.58639	3.024560e-01	6.345458e-02	5.889990e-01	
4  1.99621	3.017197e-01	1.667660e-02	6.365132e-01	
1  2.72971	3.037479e-01	-1.601917e-03	6.527636e-01	
3  5.55554	3.602899e-01	4.897884e-02	5.456408e-01	
10  5.69704	3.222177e-01	1.892508e-01	4.434411e-01	
1  4.63272	3.859981e-01	1.800374e-01	3.888741e-01	
2  4.73447	3.875519e-01	1.803697e-01	3.869880e-01	
1  3.65697	3.545068e-01	7.641094e-02	5.239918e-01	
1  3.43573	3.471906e-01	6.333072e-02	5.443882e-01	
2  5.08143	3.498133e-01	3.454419e-02	5.705520e-01	
10  2.46035	2.830015e-01	6.565254e-02	6.062555e-01	
10  1.85709	3.266855e-01	7.560029e-02	5.526237e-01	
13  1.68512	2.958933e-01	5.988910e-02	5.991272e-01	
7  1.55302	2.987755e-01	4.555336e-02	6.105807e-01	
10  2.71457	3.488472e-01	9.677848e-02	5.092839e-01	
20  2.36072	2.875126e-01	-9.539365e-03	6.769363e-01	
9  1.87204	3.112952e-01	9.383749e-02	5.497769e-01	
18  2.97829	3.109215e-01	1.272532e-01	5.167348e-01	
5  2.33369	3.281966e-01	1.269766e-01	4.997364e-01	
2  2.38608	3.439516e-01	1.228770e-01	4.880809e-01	
1  3.22441	3.618866e-01	1.250777e-01	4.679453e-01	
20  3.04079	3.541541e-01	1.558288e-01	4.449267e-01	
2  2.60685	3.086721e-01	1.151928e-01	5.310446e-01	
2  3.13471	2.545988e-01	-4.641083e-03	7.049518e-01	
7  1.56838	2.966660e-01	4.218869e-02	6.160548e-01	
5  2.0212	3.118224e-01	1.009068e-01	5.421803e-01	
2  3.33314	3.482099e-01	6.893225e-02	5.377674e-01	
2  3.0704	3.377771e-01	5.071434e-02	5.664181e-01	
4  5.38439	2.308195e-01	-6.632707e-02	7.904171e-01	
3  5.51426	2.549104e-01	-8.668270e-02	7.866818e-01	
4  2.88541	2.877109e-01	-2.284531e-02	6.900439e-01	
18  1.66114	3.032898e-01	3.532094e-02	6.162988e-01	
2  3.08699	3.233739e-01	2.113010e-02	6.104056e-01	
3  3.18189	2.559204e-01	7.313611e-03	6.916755e-01	
1  3.31065	2.514888e-01	-1.635745e-02	7.197782e-01	
4  2.29577	3.019188e-01	9.659700e-02	5.563938e-01	
1  2.28561	3.361260e-01	1.259981e-01	4.927855e-01	
4  2.60935	3.231948e-01	3.265702e-02	5.990578e-01	
5  1.93835	3.217469e-01	1.055414e-01	5.276212e-01	
4  2.93526	3.032321e-01	1.150805e-01	5.365969e-01	
2  3.73283	3.719227e-01	1.492027e-01	4.337842e-01	
1  3.89048	3.716116e-01	1.287563e-01	4.545417e-01	
5  2.69684	3.099673e-01	1.192659e-01	5.256764e-01	
1  2.70532	3.227982e-01	1.346701e-01	4.974413e-01	
4  2.93212	3.493123e-01	1.539382e-01	4.516591e-01	
7  2.22679	3.406642e-01	1.080631e-01	5.061822e-01	
2  2.86263	2.634009e-01	2.403891e-02	6.674698e-01	
17  2.0404	3.287318e-01	6.732240e-02	5.588554e-01	
9  1.95091	3.275391e-01	1.068490e-01	5.205214e-01	
9  1.98951	2.869730e-01	3.686719e-03	6.642498e-01	
4  2.30401	3.355692e-01	7.295841e-02	5.463820e-01	
1  2.3832	2.965676e-01	9.031236e-02	5.680296e-01	
2  3.56939	2.781782e-01	8.198888e-02	5.947425e-01	
2  1.84936	3.181610e-01	5.103330e-02	5.857153e-01	
4  1.67035	3.196187e-01	7.663953e-02	5.586513e-01	
5  2.12461	2.814831e-01	4.941485e-02	6.240116e-01	
1  2.33229	3.215747e-01	1.221317e-01	5.112032e-01	
6  1.65762	2.936771e-01	5.219934e-02	6.090331e-01	
13  1.60827	3.153006e-01	7.005499e-02	5.695540e-01	
2  3.08973	2.555124e-01	-1.719802e-03	7.011170e-01	
1  3.57494	2.710910e-01	6.609006e-02	6.177284e-01	
2  4.85591	2.753800e-01	-6.684022e-02	7.463697e-01	
2  7.23294	3.553477e-01	1.414950e-02	5.854124e-01	
1  2.81877	2.661112e-01	3.184934e-02	6.569490e-01	
3  4.93347	3.130879e-01	-2.652284e-02	6.683445e-01	
3  2.33178	3.132685e-01	2.279382e-02	6.188472e-01	
2  1.90986	2.815401e-01	3.637504e-02	6.369944e-01	
30  1.73438	2.859604e-01	3.346437e-02	6.354848e-01	
1  2.74418	2.750451e-01	-2.718529e-02	7.070498e-01	
1  2.80471	3.088381e-01	3.771870e-03	6.422995e-01	
2  2.35996	3.221402e-01	1.235692e-01	5.092002e-01	
1  2.33361	3.229378e-01	1.233417e-01	5.086300e-01	
2  4.55104	3.373599e-01	1.888359e-02	5.986661e-01	
2  4.21466	3.064316e-01	1.442520e-01	5.042260e-01	
8  1.62135	2.962614e-01	5.487222e-02	6.037759e-01	
5  2.01962	2.779021e-01	3.851129e-03	6.731563e-01	
10  2.73153	2.684135e-01	3.601330e-02	6.504827e-01	
5  3.27626	2.560916e-01	1.283015e-02	6.859878e-01	
2  3.07028	3.314794e-01	3.707539e-02	5.863548e-01	
1  1.60398	3.049743e-01	6.907295e-02	5.808623e-01	
6  1.82094	3.119969e-01	9.200025e-02	5.509124e-01	
4  2.19023	3.396344e-01	1.057079e-01	5.095673e-01	
33  1.64776	2.990526e-01	6.333629e-02	5.925207e-01	
1  1.65935	3.076295e-01	4.208005e-02	6.052000e-01	
3  3.65715	2.793234e-01	-4.499276e-02	7.205789e-01	
1  6.03232	2.940890e-01	-6.396540e-02	7.247860e-01	
3  3.08028	2.695438e-01	5.035998e-02	6.350058e-01	
3  3.00359	2.833316e-01	-2.904678e-02	7.006247e-01	
3  2.99898	3.246974e-01	2.556181e-02	6.046503e-01	
4  2.2002	2.968703e-01	3.998104e-03	6.540411e-01	
7  1.97212	3.033493e-01	8.770038e-02	5.638598e-01	
5  2.11578	2.781894e-01	3.915784e-02	6.375623e-01	
1  2.8176	3.446793e-01	7.691293e-02	5.333173e-01	
1  5.46774	3.064428e-01	-4.247685e-02	6.909436e-01	
1  3.03585	2.617770e-01	2.521883e-02	6.679138e-01	
2  3.07511	2.969986e-01	1.080172e-01	5.498938e-01	
1  2.34803	3.261887e-01	1.262973e-01	5.024236e-01	
3  2.06586	3.260206e-01	5.839756e-02	5.704913e-01	
18  1.62636	3.137514e-01	7.829468e-02	5.628635e-01	
5  3.17586	2.772491e-01	7.156941e-02	6.060910e-01	
5  2.0969	3.257903e-01	5.628615e-02	5.728331e-01	
4  3.0339	2.691028e-01	4.787049e-02	6.379362e-01	
2  1.8078	3.159135e-01	9.464046e-02	5.443556e-01	
13  1.63716	2.908224e-01	3.413918e-02	6.299479e-01	
3  5.01408	3.359420e-01	1.958308e-01	4.231368e-01	
7  2.43043	3.396339e-01	1.328766e-01	4.823990e-01	
20  2.15955	2.731210e-01	2.158226e-02	6.602062e-01	
24  2.7379	2.604974e-01	-1.280652e-02	7.072187e-01	
4  2.25541	3.293122e-01	1.242297e-01	5.013676e-01	
6  2.16996	3.084735e-01	1.021353e-01	5.443007e-01	
1  2.43578	3.023369e-01	1.013018e-01	5.512709e-01	
10  2.09375	3.277072e-01	6.137748e-02	5.658248e-01	
4  2.39718	3.293804e-01	5.243095e-02	5.730982e-01	
11  4.13532	2.834228e-01	-4.967616e-02	7.211629e-01	
7  3.65842	2.856995e-01	-3.978667e-02	7.089967e-01	
18  3.53084	2.783507e-01	-4.335291e-02	7.199118e-01	
7  3.57058	2.610739e-01	3.963862e-02	6.541970e-01	
3  3.56155	2.536061e-01	-4.571038e-02	7.470138e-01	
4  3.43378	2.791064e-01	-4.097323e-02	7.167764e-01	
3  4.34076	2.500861e-01	2.483580e-02	6.799877e-01	
1  5.1751	2.467060e-01	3.239154e-02	6.758120e-01	
7  4.15859	2.605096e-01	-6.297145e-02	7.573714e-01	
1  3.6409	3.580388e-01	8.725880e-02	5.096120e-01	
2  3.04848	2.757986e-01	6.519849e-02	6.139125e-01	
1  2.58684	3.407276e-01	7.488266e-02	5.392992e-01	
1  2.06375	3.354404e-01	1.058249e-01	5.136443e-01	
1  3.17677	2.880251e-01	9.396357e-02	5.729209e-01	
8  3.89451	2.523220e-01	2.040327e-02	6.821842e-01	
1  3.71112	3.113375e-01	-1.034509e-02	6.539171e-01	
9  1.6394	2.982191e-01	6.098576e-02	5.957047e-01	
2  4.19398	2.425010e-01	-4.961187e-02	7.620204e-01	
5  4.99865	2.350051e-01	-1.825111e-02	7.381556e-01	
5  4.81409	2.448661e-01	1.869229e-02	6.913511e-01	
3  2.32425	2.904059e-01	-6.116782e-03	6.706204e-01	
6  2.09704	3.048778e-01	1.731239e-02	6.327193e-01	
9  1.65779	3.031611e-01	7.110917e-02	5.806393e-01	
5  2.02177	3.111054e-01	2.954212e-02	6.142620e-01	
6  1.59733	2.964609e-01	3.508426e-02	6.233644e-01	
1  3.3756	2.976295e-01	-2.239311e-02	6.796732e-01	
1  4.69842	3.565754e-01	5.651935e-02	5.418148e-01	
1  4.56684	3.673790e-01	8.754434e-02	4.999862e-01	
3  6.49778	3.726586e-01	6.133857e-02	5.209123e-01	
17  1.76523	2.859543e-01	3.876046e-02	6.301948e-01	
8  1.67176	3.193437e-01	7.230711e-02	5.632588e-01	
3  2.9692	2.779365e-01	6.819463e-02	6.087784e-01	
6  2.36289	2.740475e-01	3.854062e-02	6.423214e-01	
7  2.49899	2.748732e-01	4.658932e-02	6.334471e-01	
2  2.62632	3.010530e-01	-2.648112e-03	6.565046e-01	
2  1.90962	3.267684e-01	7.056374e-02	5.575774e-01	
1  2.74923	3.495641e-01	1.436114e-01	4.617341e-01	
1  4.20707	3.752102e-01	1.280453e-01	4.516540e-01	
2  2.71308	2.608805e-01	-2.976285e-04	6.943266e-01	
10  1.72333	3.184187e-01	8.930432e-02	5.471865e-01	
3  2.50182	2.912039e-01	-1.038483e-02	6.740905e-01	
1  2.3883	2.805401e-01	-1.440098e-02	6.887704e-01	
1  2.03513	3.338731e-01	8.780275e-02	5.332337e-01	
2  3.72137	3.703429e-01	1.343801e-01	4.501865e-01	
2  2.01111	2.966421e-01	7.813226e-02	5.801352e-01	
6  3.22823	3.259408e-01	1.509697e-01	4.779991e-01	
3  1.7098	2.947112e-01	5.914628e-02	6.010521e-01	
1  3.33967	2.754540e-01	-4.136774e-02	7.208233e-01	
19  1.58942	3.034262e-01	4.184813e-02	6.096352e-01	
3  2.10196	3.254877e-01	1.156377e-01	5.137841e-01	
4  2.17138	3.169790e-01	3.448557e-02	6.034449e-01	
2  2.45207	3.422188e-01	1.323688e-01	4.803219e-01	
9  2.34579	3.342584e-01	1.294663e-01	4.911849e-01	
8  2.77431	3.169202e-01	1.300687e-01	5.079206e-01	
2  2.14826	3.254466e-01	1.177697e-01	5.116933e-01	
9  3.91122	2.445324e-01	-1.733026e-02	7.277074e-01	
3  2.84825	2.662223e-01	3.333686e-02	6.553504e-01	
1  1.63884	3.119950e-01	7.923283e-02	5.636817e-01	
1  2.59097	3.442871e-01	8.643289e-02	5.241895e-01	
2  4.04828	3.431656e-01	1.846073e-01	4.271367e-01	
6  3.89992	3.452493e-01	1.827781e-01	4.268821e-01	
7  2.96782	3.565220e-01	1.157347e-01	4.826528e-01	
3  4.52603	3.843077e-01	1.649503e-01	4.056515e-01	
13  3.09565	3.605140e-01	1.355154e-01	4.588801e-01	
3  2.70043	2.747447e-01	5.303700e-02	6.271278e-01	
4  2.30218	2.946541e-01	8.450206e-02	5.757534e-01	
2  1.64543	2.902381e-01	3.484542e-02	6.298260e-01	
24  1.72309	2.920647e-01	5.388111e-02	6.089637e-01	
7  3.40589	3.408372e-01	4.895102e-02	5.651213e-01	
2  3.15921	3.305954e-01	3.314558e-02	5.911686e-01	
3  3.09576	3.133501e-01	1.331348e-01	5.084247e-01	
14  2.09853	2.891415e-01	4.067153e-04	6.653613e-01	
5  1.79095	2.842434e-01	3.452011e-02	6.361460e-01	
11  2.28596	2.785237e-01	4.839535e-02	6.279905e-01	
4  1.62609	3.064198e-01	4.276347e-02	6.057262e-01	
7  1.96705	3.314145e-01	1.039534e-01	5.195417e-01	
15  1.9179	3.263624e-01	6.852964e-02	5.600175e-01	
2  4.14627	3.721597e-01	1.909779e-01	3.917719e-01	
3  3.15866	3.491138e-01	1.632651e-01	4.425307e-01	
2  1.75838	3.126757e-01	8.904661e-02	5.531872e-01	
14  2.70448	3.152810e-01	1.263175e-01	5.133111e-01	
2  2.34681	3.232459e-01	1.240546e-01	5.076091e-01	
2  4.82132	3.240684e-01	1.786744e-01	4.521668e-01	
2  3.34371	3.651755e-01	1.414726e-01	4.482614e-01	
1  2.32769	3.054981e-01	1.029605e-01	5.464510e-01	
1  2.31501	3.179554e-01	3.150429e-02	6.054499e-01	
4  2.2136	3.193074e-01	1.159064e-01	5.196958e-01	
3  2.07951	2.864345e-01	5.990692e-02	6.085681e-01	
3  1.9959	2.921129e-01	6.621528e-03	6.561751e-01	
2  3.46667	2.803618e-01	8.456329e-02	5.899844e-01	
1  2.15864	3.387114e-01	1.035996e-01	5.125986e-01	
1  3.31077	3.082140e-01	1.305188e-01	5.161767e-01	
2  3.43473	2.992802e-01	1.191082e-01	5.365212e-01	
5  2.06617	3.203483e-01	1.109394e-01	5.236219e-01	
12  2.74554	3.027238e-01	1.098896e-01	5.422962e-01	
7  1.67296	3.179321e-01	8.338929e-02	5.535881e-01	
9  2.73989	2.831016e-01	7.381448e-02	5.979935e-01	
2  2.97742	3.559947e-01	1.483928e-01	4.505220e-01	
2  3.47007	3.572187e-01	9.074654e-02	5.069443e-01	
2  2.19257	3.363920e-01	8.304762e-02	5.354699e-01	
1  3.0453	3.529315e-01	9.409431e-02	5.078837e-01	
18  2.26549	3.027514e-01	9.696794e-02	5.551902e-01	
4  2.30261	3.355656e-01	1.271511e-01	4.921928e-01	
1  3.91241	3.621528e-01	1.881342e-01	4.046225e-01	
6  2.37184	3.175742e-01	1.195253e-01	5.178101e-01	
2  2.80787	2.790533e-01	-2.723312e-02	7.030893e-01	
3  2.4472	2.671961e-01	1.632942e-02	6.713840e-01	
6  1.96891	3.000179e-01	8.230514e-02	5.725865e-01	
3  2.8611	3.516701e-01	9.930706e-02	5.039324e-01	
20  2.30648	3.202358e-01	3.608833e-02	5.985854e-01	
3  2.18003	3.271578e-01	1.199993e-01	5.077524e-01	
2  4.6534	3.540985e-01	5.168592e-02	5.491251e-01	
2  5.40469	2.727720e-01	-7.612316e-02	7.582607e-01	
1  4.58349	2.703993e-01	8.319194e-02	6.013183e-01	
3  4.37654	2.881005e-01	1.158654e-01	5.509436e-01	
2  2.20727	3.241157e-01	1.194941e-01	5.112998e-01	
5  1.74803	3.220449e-01	9.021144e-02	5.426532e-01	
1  3.59554	3.025050e-01	-2.035761e-02	6.727622e-01	
9  1.64921	3.157188e-01	6.121633e-02	5.779745e-01	
6  1.56002	2.976812e-01	4.407182e-02	6.131565e-01	
5  2.32382	2.818113e-01	-1.170932e-02	6.848075e-01	
4  1.79857	2.919826e-01	1.601654e-02	6.469104e-01	
7  3.75111	3.720735e-01	1.610402e-01	4.217959e-01	
1  2.64231	3.488402e-01	1.366288e-01	4.694406e-01	
1  2.29812	2.820455e-01	-1.071674e-02	6.835808e-01	
5  2.33197	3.009937e-01	4.932202e-03	6.489836e-01	
5  2.1448	2.740418e-01	2.498419e-02	6.558836e-01	
13  1.8725	2.833733e-01	3.991057e-02	6.316256e-01	
19  2.62821	2.952933e-01	-9.434895e-03	6.690511e-01	
15  2.01605	2.906175e-01	6.656708e-02	5.977249e-01	
16  1.56238	3.105080e-01	6.218664e-02	5.822149e-01	
2  2.99148	3.093319e-01	4.096092e-04	6.451680e-01	
4  1.87203	2.819040e-01	1.226837e-02	6.607372e-01	
2  4.30031	3.291728e-01	8.233981e-03	6.175028e-01	
15  1.93894	3.273956e-01	7.025948e-02	5.572544e-01	
4  2.69435	3.081608e-01	5.341986e-03	6.414067e-01	
1  1.94987	2.886746e-01	5.930432e-02	6.069306e-01	
7  2.3558	3.196060e-01	1.210826e-01	5.142210e-01	
6  2.13049	3.370967e-01	9.336334e-02	5.244495e-01	
4  2.22388	2.725501e-01	-4.461092e-03	6.868205e-01	
1  2.7483	3.336437e-01	1.446378e-01	4.766280e-01	
5  1.75931	2.856848e-01	2.017163e-02	6.490532e-01	
5  5.60501	2.283242e-01	-3.402220e-02	7.606076e-01	
1  6.10725	3.333514e-01	-1.075681e-02	6.323149e-01	
4  2.34167	2.966298e-01	-4.826048e-04	6.587623e-01	
10  2.21759	2.790746e-01	-8.247483e-03	6.840824e-01	
5  2.04678	2.752918e-01	7.706029e-03	6.719117e-01	
10  1.98279	3.315457e-01	8.241814e-02	5.409457e-01	
6  2.49831	3.468538e-01	1.267454e-01	4.813104e-01	
11  2.45176	2.702282e-01	2.986517e-02	6.548161e-01	
6  2.1976	2.838158e-01	5.846544e-02	6.126283e-01	
5  2.49383	3.474707e-01	1.210443e-01	4.863945e-01	
1  5.24905	3.803079e-01	1.085106e-01	4.660911e-01	
4  4.99903	3.854505e-01	2.119639e-01	3.574952e-01	
3  6.55552	4.051017e-01	1.603829e-01	3.894249e-01	
5  6.90351	4.097608e-01	1.682574e-01	3.768913e-01	
2  7.11659	4.170371e-01	2.423052e-01	2.955672e-01	
1  4.96155	3.129746e-01	1.656729e-01	4.762620e-01	
3  5.54639	3.369143e-01	2.053679e-01	4.126273e-01	
2  9.77656	4.439093e-01	3.003657e-01	2.106345e-01	
5  11.1487	4.368362e-01	3.516876e-01	1.663858e-01	
13  7.64204	3.625858e-01	2.623154e-01	3.300083e-01	
4  7.35757	3.996975e-01	2.760239e-01	2.791882e-01	
4  3.48947	3.595654e-01	1.731493e-01	4.221949e-01	
1  2.73013	3.387367e-01	6.360238e-02	5.525705e-01	
6  2.32358	3.428806e-01	1.037850e-01	5.082439e-01	
3  2.33314	3.081452e-01	1.469355e-02	6.320708e-01	
5  1.59281	3.032402e-01	4.122379e-02	6.104455e-01	
8  2.9245	3.175758e-01	1.472776e-02	6.226060e-01	
8  1.95555	2.811535e-01	3.869473e-02	6.350613e-01	
2  2.03794	3.313106e-01	7.600775e-02	5.475912e-01	
3  2.89688	3.503727e-01	9.215215e-02	5.123847e-01	
6  3.96771	3.370396e-01	1.777672e-01	4.401027e-01	
4  3.27396	3.639116e-01	1.424497e-01	4.485483e-01	
9  1.57671	3.018403e-01	4.144297e-02	6.116263e-01	
1  2.38612	2.782117e-01	5.148400e-02	6.252138e-01	
4  3.20476	2.535617e-01	-6.163774e-03	7.075117e-01	
2  5.01057	3.160182e-01	-2.337647e-02	6.622678e-01	
4  2.88079	3.393957e-01	6.020284e-02	5.553110e-01	
9  2.36845	3.443692e-01	1.095796e-01	5.009608e-01	
2  2.91266	3.134976e-01	1.291778e-01	5.122342e-01	
1  2.95568	3.571129e-01	1.415231e-01	4.562735e-01	
7  2.4658	3.157923e-01	1.203970e-01	5.187203e-01	
4  2.1701	3.386390e-01	9.791030e-02	5.183603e-01	
10  2.03321	3.105729e-01	9.989754e-02	5.444391e-01	
3  2.3449	3.257540e-01	4.612360e-02	5.830320e-01	
2  6.17034	2.471575e-01	5.068577e-02	6.570663e-01	
3  7.06153	2.951473e-01	1.641325e-01	4.956298e-01	
3  3.26575	3.595266e-01	1.087846e-01	4.865983e-01	
10  3.61898	3.630930e-01	1.761951e-01	4.156214e-01	
9  1.69796	3.211831e-01	8.025247e-02	5.534739e-01	
12  1.62172	3.035067e-01	3.875917e-02	6.126436e-01	
3  1.94643	3.319133e-01	9.427701e-02	5.287192e-01	
1  1.92546	3.139297e-01	9.909574e-02	5.418841e-01	
9  2.3686	3.147813e-01	1.163253e-01	5.238030e-01	
12  4.7288	3.799909e-01	1.247687e-01	4.501499e-01	
1  4.82527	3.734408e-01	9.865105e-02	4.828177e-01	
2  4.88749	3.493882e-01	3.701389e-02	5.685074e-01	
2  3.38638	3.588483e-01	1.690418e-01	4.270194e-01	
11  2.73089	3.423320e-01	1.467455e-01	4.658320e-01	
1  4.20445	3.041783e-01	1.405938e-01	5.101374e-01	
2  5.8532	3.217704e-01	1.908002e-01	4.423389e-01	
1  4.47822	3.311288e-01	1.814140e-01	4.423668e-01	
4  3.77117	3.723378e-01	1.623875e-01	4.201843e-01	
1  3.39473	2.954792e-01	1.119257e-01	5.475046e-01	
1  2.4601	3.228784e-01	1.275027e-01	5.045284e-01	
2  1.96682	3.292886e-01	7.457583e-02	5.510451e-01	
1  2.06009	2.780138e-01	5.697168e-04	6.763260e-01	
2  2.74643	2.783769e-01	-2.597564e-02	7.025082e-01	
4  3.22616	3.409491e-01	5.384219e-02	5.601182e-01	
4  2.00766	3.290924e-01	1.105262e-01	5.152909e-01	
1  2.05653	3.165914e-01	1.073391e-01	5.309791e-01	
2  2.03415	3.348520e-01	1.007067e-01	5.193508e-01	
5  1.62424	2.918339e-01	3.437194e-02	6.287037e-01	
2  3.01016	2.935447e-01	-1.984797e-02	6.812128e-01	
15  1.60872	2.928470e-01	3.685576e-02	6.252068e-01	
2  4.87283	2.813820e-01	1.106368e-01	5.628907e-01	
6  3.59253	3.177133e-01	1.419015e-03	6.357772e-01	
2  4.51314	2.375872e-01	-3.050272e-02	7.478251e-01	
1  2.72274	2.737773e-01	-2.684870e-02	7.079809e-01	
1  2.87519	2.714648e-01	-3.167630e-02	7.151210e-01	
3  1.83293	3.112172e-01	3.790610e-02	6.057863e-01	
2  1.75184	3.019258e-01	2.785330e-02	6.251305e-01	
4  2.76053	2.875623e-01	8.354954e-02	5.837977e-01	
4  1.99513	3.255983e-01	1.099989e-01	5.193123e-01	
4  1.88999	3.228110e-01	1.029306e-01	5.291680e-01	
3  1.55815	3.088337e-01	6.569181e-02	5.803840e-01	
13  2.12165	3.268172e-01	5.767178e-02	5.704206e-01	
1  2.48232	2.739463e-01	4.330221e-02	6.376610e-01	
8  3.28461	2.668033e-01	4.841874e-02	6.396875e-01	
1  2.94472	3.279746e-01	3.314465e-02	5.937903e-01	
1  2.50804	3.255712e-01	4.035994e-02	5.889784e-01	
1  1.61278	3.107050e-01	7.564134e-02	5.685632e-01	
4  2.37603	3.392377e-01	1.298800e-01	4.857919e-01	
3  3.27764	3.037925e-01	1.232176e-01	5.278995e-01	
5  2.35951	3.354032e-01	1.301472e-01	4.893592e-01	
3  2.80008	3.446216e-01	7.746231e-02	5.328257e-01	
4  2.14734	3.377388e-01	9.505906e-02	5.221117e-01	
4  1.65308	2.940682e-01	5.276230e-02	6.080790e-01	
1  1.83227	3.155711e-01	9.582285e-02	5.435156e-01	
3  1.8208	3.002941e-01	7.621390e-02	5.784015e-01	
2  1.72276	2.862969e-01	3.251516e-02	6.360975e-01	
4  4.36531	2.429808e-01	-1.908886e-03	7.138376e-01	
3  2.14131	2.827609e-01	-4.451786e-03	6.766005e-01	
3  2.4243	2.660320e-01	1.208412e-03	6.876691e-01	
3  2.57742	2.726786e-01	-2.215337e-02	7.043844e-01	
13  1.97938	2.996102e-01	8.204329e-02	5.732561e-01	
3  2.11056	3.351151e-01	1.136400e-01	5.061545e-01	
2  2.51113	3.294947e-01	1.342570e-01	4.911578e-01	
1  4.16541	2.711045e-01	7.761270e-02	6.061923e-01	
3  3.63468	3.121550e-01	1.424445e-01	5.003101e-01	
1  1.60577	3.094553e-01	7.399372e-02	5.714605e-01	
4  1.66519	3.020422e-01	6.990887e-02	5.829585e-01	
11  1.93241	2.814401e-01	7.177672e-03	6.662918e-01	
7  1.63561	2.912967e-01	3.227147e-02	6.313414e-01	
7  1.8173	3.186582e-01	9.682452e-02	5.394268e-01	
4  1.73386	3.202948e-01	6.567758e-02	5.689372e-01	
14  2.77279	2.620140e-01	1.338501e-02	6.795105e-01	
3  2.68326	2.879053e-01	8.227620e-02	5.847281e-01	
3  1.69038	3.113384e-01	8.323840e-02	5.603328e-01	
22  1.53958	3.058161e-01	5.668228e-02	5.924112e-01	
4  1.55916	2.988082e-01	4.268843e-02	6.134129e-01	
12  1.55211	3.080916e-01	5.659631e-02	5.902217e-01	
3  2.39179	2.844331e-01	-1.257644e-02	6.830529e-01	
2  2.2947	2.789475e-01	-1.143968e-02	6.874017e-01	
2  3.65731	3.595325e-01	9.139012e-02	5.039870e-01	
20  1.79053	3.138606e-01	9.202383e-02	5.490251e-01	
10  1.57177	3.029231e-01	4.339071e-02	6.085957e-01	
12  2.32343	3.297597e-01	1.273222e-01	4.978277e-01	
1  2.56713	3.014663e-01	1.034606e-01	5.499827e-01	
3  2.04297	3.107158e-01	2.809844e-02	6.160953e-01	
10  2.20057	2.852277e-01	6.190463e-02	6.077772e-01	
11  2.03168	3.168192e-01	3.947130e-02	5.986190e-01	
1  3.04054	3.554416e-01	1.043974e-01	4.950705e-01	
1  3.58434	2.627751e-01	4.487260e-02	6.472619e-01	
8  3.60285	3.552786e-01	1.785534e-01	4.210776e-01	
13  2.45069	2.933223e-01	8.641531e-02	5.751719e-01	
1  3.05403	2.815972e-01	7.829501e-02	5.950174e-01	
13  2.49634	3.101311e-01	1.142248e-01	5.305536e-01	
8  2.08088	2.765409e-01	3.076422e-02	6.476044e-01	
16  2.27572	3.130969e-01	2.420725e-02	6.176054e-01	
3  3.04593	3.594629e-01	1.314281e-01	4.640185e-01	
1  2.46489	3.467923e-01	1.132004e-01	4.949168e-01	
1  3.09592	3.603569e-01	1.417292e-01	4.528235e-01	
7  2.24657	3.375905e-01	1.223426e-01	4.949764e-01	
2  2.50664	3.008942e-01	1.009547e-01	5.530607e-01	
1  2.70747	3.505225e-01	1.384663e-01	4.659207e-01	
5  1.91087	3.256054e-01	6.667179e-02	5.626324e-01	
4  3.20623	3.077087e-01	1.276415e-01	5.195594e-01	
4  2.26991	3.416219e-01	1.037012e-01	5.095864e-01	
3  3.23787	3.340688e-01	3.835229e-02	5.824885e-01	
3  1.62602	3.025150e-01	6.754038e-02	5.848542e-01	
2  5.12431	3.602106e-01	5.664561e-02	5.380533e-01	
1  3.54634	3.171042e-01	1.303616e-03	6.365017e-01	
2  1.56487	3.101858e-01	5.932615e-02	5.853976e-01	
6  2.2907	3.308244e-01	1.262981e-01	4.977871e-01	
26  3.04521	3.503396e-01	1.585810e-01	4.459890e-01	
1  3.52334	2.828081e-01	9.072270e-02	5.813787e-01	
19  1.99335	2.954413e-01	9.691631e-03	6.497767e-01	
10  1.76782	2.842677e-01	2.341930e-02	6.472226e-01	
3  2.50188	3.449212e-01	9.495064e-02	5.150377e-01	
11  2.45531	2.977667e-01	9.440621e-02	5.627367e-01	
19  1.86988	3.050676e-01	8.588250e-02	5.639594e-01	
1  3.77975	3.543575e-01	1.838728e-01	4.166792e-01	
2  3.63975	3.615675e-01	1.782399e-01	4.151021e-01	
12  3.16479	3.425563e-01	1.620150e-01	4.503383e-01	
4  2.95694	3.238062e-01	1.422763e-01	4.888271e-01	
7  2.49101	3.328014e-01	5.719216e-02	5.649160e-01	
13  2.32718	3.419951e-01	1.219268e-01	4.909877e-01	
1  2.17609	3.002359e-01	8.653528e-03	6.460201e-01	
2  2.0452	2.765679e-01	2.766990e-02	6.506717e-01	
9  1.57109	2.964650e-01	4.606059e-02	6.123840e-01	
10  2.96594	2.983754e-01	1.079602e-01	5.485740e-01	
1  2.9514	2.910952e-01	9.483410e-02	5.689803e-01	
1  1.95313	3.275155e-01	6.954617e-02	5.578478e-01	
8  3.02707	3.055811e-01	-5.605655e-03	6.549341e-01	
3  1.69925	2.872930e-01	3.226342e-02	6.353531e-01	
1  1.68436	2.966227e-01	6.137459e-02	5.969123e-01	
3  1.71137	3.219348e-01	8.049763e-02	5.524771e-01	
2  1.76251	3.064257e-01	3.357831e-02	6.149055e-01	
13  1.55928	2.989322e-01	5.171502e-02	6.042623e-01	
1  2.50922	3.063492e-01	7.313411e-03	6.412469e-01	
5  1.64157	3.170615e-01	7.846049e-02	5.593876e-01	
1  1.63892	3.070537e-01	7.486162e-02	5.729942e-01	
2  2.30488	3.068045e-01	1.041462e-01	5.439588e-01	
12  1.96161	3.297675e-01	7.690915e-02	5.482329e-01	
1  3.64694	3.480431e-01	1.780618e-01	4.288046e-01	
1  3.24656	3.237311e-01	1.490298e-01	4.821486e-01	
4  4.04933	3.650240e-01	1.920483e-01	3.978372e-01	
1  4.06177	3.456956e-01	1.867542e-01	4.224598e-01	
6  3.10728	3.415986e-01	1.598618e-01	4.534491e-01	
9  2.24017	3.277047e-01	1.228977e-01	5.043071e-01	
2  1.85981	2.903347e-01	5.854465e-02	6.060302e-01	
9  2.14242	3.025448e-01	1.265052e-02	6.397142e-01	
7  3.21428	3.327141e-01	3.612047e-02	5.860750e-01	
5  3.70927	2.493712e-01	1.438335e-03	7.041000e-01	
6  2.98918	2.986949e-01	1.090032e-01	5.472114e-01	
7  2.24095	3.396885e-01	1.180939e-01	4.971271e-01	
1  2.20148	3.399305e-01	1.079327e-01	5.070464e-01	
7  3.57583	3.220718e-01	1.541178e-01	4.787199e-01	
2  2.25333	3.413809e-01	1.068758e-01	5.066528e-01	
3  2.18982	3.148771e-01	3.003363e-02	6.099988e-01	
5  1.67279	2.899634e-01	4.210268e-02	6.228435e-01	
1  1.59648	3.126902e-01	6.005782e-02	5.821615e-01	
22  1.8695	3.272445e-01	9.919341e-02	5.284717e-01	
1  1.70694	3.216399e-01	7.791893e-02	5.553508e-01	
6  1.6772	2.931317e-01	2.528121e-02	6.364966e-01	
7  5.20688	2.535666e-01	5.250053e-02	6.488424e-01	
9  1.75594	2.856497e-01	2.077005e-02	6.484898e-01	
1  3.9985	3.222892e-01	1.653220e-03	6.309671e-01	
3  3.90362	3.041353e-01	1.354431e-01	5.153312e-01	
9  2.22224	3.071220e-01	1.020136e-01	5.457740e-01	
1  2.62394	2.803441e-01	-2.166418e-02	6.962296e-01	
4  1.95037	3.292762e-01	1.055767e-01	5.200567e-01	
6  3.68752	2.466376e-01	-2.155800e-02	7.298300e-01	
6  2.49648	2.679503e-01	-1.579194e-02	7.027512e-01	
1  3.61264	3.104542e-01	-9.901115e-03	6.543564e-01	
8  3.67577	2.478436e-01	-9.681127e-03	7.167471e-01	
1  1.69203	2.911009e-01	4.847599e-02	6.153327e-01	
6  2.42864	3.074265e-01	1.097949e-02	6.365036e-01	
6  1.59876	3.125715e-01	5.923215e-02	5.831059e-01	
4  2.13452	2.789237e-01	4.252179e-02	6.334640e-01	
8  1.76884	2.918464e-01	1.779006e-02	6.452731e-01	
9  2.33839	2.997146e-01	3.177322e-03	6.520176e-01	
4  2.3397	3.058103e-01	1.037691e-01	5.453302e-01	
2  4.15357	3.253054e-01	4.051694e-03	6.255525e-01	
1  2.57445	2.637433e-01	-1.083903e-02	7.020053e-01	
5  2.35026	2.736408e-01	3.662484e-02	6.446439e-01	
10  2.51135	2.663019e-01	-1.378860e-02	7.023962e-01	
3  4.04317	2.602728e-01	4.847908e-02	6.461577e-01	
4  2.44906	3.416534e-01	8.522050e-02	5.280356e-01	
4  2.37114	3.328311e-01	1.303928e-01	4.916857e-01	
5  1.85455	3.258820e-01	7.260899e-02	5.564185e-01	
3  3.73282	3.202765e-01	2.999711e-03	6.316333e-01	
5  3.12037	2.586795e-01	-3.458765e-02	7.308177e-01	
3  1.761	3.017788e-01	7.552011e-02	5.776107e-01	
7  3.9491	3.491008e-01	1.862659e-01	4.195429e-01	
4  3.72941	3.594475e-01	1.824237e-01	4.130383e-01	
3  3.78084	3.728226e-01	1.538507e-01	4.282362e-01	
12  1.77063	3.234071e-01	9.159735e-02	5.399051e-01	
11  2.15976	2.963445e-01	8.297103e-02	5.755940e-01	
1  1.56753	3.071097e-01	5.073919e-02	5.970607e-01	
2  2.47209	3.377810e-01	1.354686e-01	4.816600e-01	
10  2.56781	3.490315e-01	1.259708e-01	4.799073e-01	
2  1.57066	3.112216e-01	6.787336e-02	5.758146e-01	
1  1.7227	2.961395e-01	6.307786e-02	5.956921e-01	
4  1.56136	2.974395e-01	4.425053e-02	6.132196e-01	
7  2.64194	2.782191e-01	5.997373e-02	6.167167e-01	
1  2.72401	2.842106e-01	7.576246e-02	5.949365e-01	
11  2.98392	2.584132e-01	8.388676e-03	6.881077e-01	
13  2.32823	2.696066e-01	-6.857612e-03	6.921606e-01	
5  1.95657	2.782431e-01	2.592438e-02	6.507421e-01	
3  3.86019	2.572443e-01	3.557513e-02	6.620901e-01	
5  1.6153	2.952476e-01	3.242669e-02	6.272353e-01	
4  1.94361	3.055605e-01	8.977143e-02	5.595777e-01	
8  2.7817	3.367290e-01	1.473313e-01	4.708492e-01	
1  2.6292	3.494719e-01	1.334490e-01	4.719886e-01	
2  1.88611	2.969136e-01	7.337973e-02	5.846162e-01	
1  4.84448	3.847438e-01	1.407126e-01	4.294532e-01	
8  3.03348	3.514462e-01	8.938866e-02	5.140747e-01	
2  2.62502	2.631807e-01	8.299615e-03	6.834292e-01	
30  2.72255	3.524329e-01	1.172189e-01	4.852577e-01	
9  1.61387	3.009214e-01	6.375631e-02	5.902319e-01	
6  2.47389	2.655981e-01	8.551957e-03	6.807595e-01	
3  2.09578	3.240161e-01	1.146332e-01	5.162603e-01	
5  1.60204	3.138507e-01	7.385697e-02	5.672018e-01	
12  1.92948	2.895873e-01	6.041863e-02	6.049037e-01	
29  1.98376	3.177261e-01	4.332059e-02	5.938628e-01	
4  5.05467	3.476803e-01	3.062227e-02	5.766069e-01	
4  2.71458	2.933069e-01	-1.359447e-02	6.751971e-01	
3  4.61914	2.370066e-01	-5.084014e-02	7.687431e-01	
1  2.49375	2.646773e-01	-2.506888e-03	6.927391e-01	
35  3.00361	2.774771e-01	-3.285306e-02	7.102855e-01	
4  1.91856	2.870372e-01	7.231825e-03	6.606405e-01	
1  3.8235	3.111611e-01	-1.251076e-02	6.562592e-01	
11  3.05599	2.625616e-01	-3.565520e-02	7.280032e-01	
10  4.40418	2.740856e-01	-6.112277e-02	7.419467e-01	
2  3.10652	2.582689e-01	1.442457e-02	6.822160e-01	
1  1.575	3.082266e-01	5.186552e-02	5.948174e-01	
1  1.56408	3.067733e-01	6.603680e-02	5.820995e-01	
5  2.52881	2.817170e-01	6.482322e-02	6.083694e-01	
1  2.22159	3.308586e-01	6.346910e-02	5.605819e-01	
7  3.3323	2.592826e-01	2.707693e-02	6.685500e-01	
12  1.7226	2.934260e-01	5.715149e-02	6.043321e-01	
6  1.74845	3.232845e-01	8.763630e-02	5.439887e-01	
6  2.83613	2.958778e-01	1.007745e-01	5.582572e-01	
3  3.4506	2.778753e-01	7.892843e-02	5.981058e-01	
1  2.7302	3.027645e-01	1.095828e-01	5.425623e-01	
9  3.07431	2.695522e-01	5.021858e-02	6.351387e-01	
4  2.38124	3.289432e-01	1.292218e-01	4.967445e-01	
1  2.06225	3.269886e-01	1.140793e-01	5.138416e-01	
5  3.53502	3.677351e-01	1.603080e-01	4.268664e-01	
2  4.0061	2.744519e-01	8.219543e-02	5.982622e-01	
1  4.1504	3.224224e-01	1.653701e-01	4.671171e-01	
1  4.00884	3.753228e-01	1.748401e-01	4.047466e-01	
5  1.96683	3.234468e-01	5.709971e-02	5.743631e-01	
3  1.58896	2.951728e-01	4.639590e-02	6.133409e-01	
15  2.09826	3.022782e-01	9.075464e-02	5.618767e-01	
1  2.30125	3.300823e-01	5.787845e-02	5.669487e-01	
8  2.12373	3.045028e-01	1.589570e-02	6.345111e-01	
22  2.88817	2.611778e-01	-2.722355e-02	7.209553e-01	
3  4.10609	2.818439e-01	9.939334e-02	5.736723e-01	
1  3.12191	2.543850e-01	-2.116432e-02	7.216889e-01	
4  2.32582	2.853221e-01	-9.958171e-03	6.795457e-01	
1  2.78862	2.809280e-01	7.033647e-02	6.036451e-01	
2  2.51115	3.084790e-01	1.123875e-01	5.340431e-01	
5  2.70851	3.516918e-01	1.128490e-01	4.903687e-01	
1  2.33441	3.118967e-01	1.118100e-01	5.312028e-01	
3  3.46256	3.622129e-01	1.093912e-01	4.833054e-01	
6  2.24323	2.889132e-01	7.147123e-02	5.945251e-01	
7  2.59084	2.832743e-01	-1.905244e-02	6.906877e-01	
7  1.86405	2.905703e-01	1.159731e-02	6.527420e-01	
4  2.40311	2.717881e-01	-1.461088e-02	6.977323e-01	
7  2.04553	2.940398e-01	6.372377e-03	6.544973e-01	
23  1.78151	2.836173e-01	2.348288e-02	6.478094e-01	
4  1.73443	2.941123e-01	5.954614e-02	6.012511e-01	
1  1.98198	3.083269e-01	2.657534e-02	6.200073e-01	
2  2.09997	2.812643e-01	4.762685e-02	6.260184e-01	
3  1.68466	2.983492e-01	2.799706e-02	6.285633e-01	
5  2.10555	3.327537e-01	1.158288e-01	5.063271e-01	
3  3.45466	2.498425e-01	-1.372155e-02	7.187886e-01	
2  3.05471	3.278387e-01	3.020176e-02	5.968691e-01	
1  4.22863	3.609318e-01	7.828628e-02	5.156915e-01	
2  3.02437	3.558227e-01	1.072077e-01	4.918791e-01	
12  3.73701	3.634357e-01	1.810777e-01	4.103962e-01	
3  5.46513	3.795349e-01	1.003100e-01	4.750647e-01	
1  4.37178	3.414566e-01	2.997804e-02	5.834750e-01	
21  2.28499	2.744488e-01	-1.029480e-02	6.907555e-01	
2  3.16477	3.046464e-01	-9.633548e-03	6.598967e-01	
7  1.58214	3.127409e-01	6.464126e-02	5.775274e-01	
9  1.7771	3.245414e-01	7.771820e-02	5.526499e-01	
1  2.42032	3.131399e-01	2.002540e-02	6.217443e-01	
1  4.35206	3.088483e-01	1.501476e-01	4.959136e-01	
1  3.63682	3.160814e-01	-1.941036e-03	6.407691e-01	
5  1.79025	3.227882e-01	6.807842e-02	5.640429e-01	
3  4.08849	3.311040e-01	1.742793e-01	4.495263e-01	
4  2.3878	3.447847e-01	1.089543e-01	5.011706e-01	
3  2.81415	3.484480e-01	1.485979e-01	4.578637e-01	
1  3.25165	3.579865e-01	1.030637e-01	4.938593e-01	
2  2.09978	2.739375e-01	1.881214e-02	6.621599e-01	
1  1.72686	3.219554e-01	8.671706e-02	5.462371e-01	
3  2.24113	3.330511e-01	6.868374e-02	5.531747e-01	
4  2.00937	2.760208e-01	1.817660e-02	6.607121e-01	
1  2.13278	2.897071e-01	6.922743e-02	5.959750e-01	
9  2.27012	2.709188e-01	-4.919969e-03	6.889107e-01	
2  1.81037	3.068535e-01	8.546845e-02	5.625876e-01	
4  1.79597	3.254536e-01	9.119465e-02	5.382613e-01	
2  4.96245	2.644066e-01	7.560167e-02	6.149013e-01	
6  3.3953	3.184722e-01	1.460689e-01	4.903684e-01	
20  1.85321	2.959287e-01	6.998587e-02	5.889950e-01	
13  2.09548	2.749687e-01	2.478332e-02	6.551575e-01	
8  2.08226	2.739632e-01	9.544958e-03	6.714014e-01	
5  2.55169	3.214843e-01	3.101837e-02	6.024068e-01	
1  2.88755	2.953202e-01	1.009898e-01	5.585995e-01	
1  3.00392	3.351251e-01	1.532440e-01	4.665404e-01	
6  1.69608	3.163686e-01	8.651166e-02	5.520293e-01	
5  2.44563	3.408405e-01	1.330890e-01	4.809800e-01	
4  1.8604	2.998696e-01	7.739652e-02	5.776434e-01	
3  1.57727	2.989248e-01	3.894088e-02	6.170438e-01	
5  1.74199	3.212363e-01	6.804991e-02	5.656233e-01	
4  2.51886	2.644939e-01	5.203661e-03	6.852120e-01	
2  2.16139	2.733681e-01	2.314651e-02	6.583950e-01	
1  1.79389	3.247614e-01	7.569912e-02	5.544490e-01	
4  1.5527	3.046543e-01	6.162262e-02	5.886326e-01	
8  2.57905	2.631883e-01	1.528826e-03	6.901924e-01	
25  2.87347	2.657279e-01	-3.086395e-02	7.200456e-01	
8  3.18885	2.564348e-01	-3.421814e-02	7.326929e-01	
1  1.97066	2.863976e-01	4.367089e-03	6.641448e-01	
4  1.75315	2.847523e-01	2.811231e-02	6.420450e-01	
3  1.74186	2.999438e-01	7.138955e-02	5.835762e-01	
3  1.5667	3.099754e-01	6.782071e-02	5.771134e-01	
13  2.38618	3.169699e-01	2.754047e-02	6.103991e-01	
5  2.30135	3.336933e-01	6.750953e-02	5.537067e-01	
2  2.76085	3.079276e-01	1.180017e-01	5.289802e-01	
6  2.06769	3.106767e-01	1.013338e-01	5.428991e-01	
2  1.70264	2.870860e-01	3.116255e-02	6.366610e-01	
2  1.89691	3.013538e-01	2.016809e-02	6.333876e-01	
3  3.93778	2.496809e-01	-5.400005e-02	7.592287e-01	
5  8.53878	2.064844e-01	-7.742972e-02	8.258549e-01	
4  5.3762	2.917463e-01	-5.867985e-02	7.218431e-01	
2  3.14947	2.883512e-01	-2.785616e-02	6.944145e-01	
8  3.18837	2.966853e-01	-1.995406e-02	6.781783e-01	
1  3.61193	3.445802e-01	5.248059e-02	5.578487e-01	
12  1.62037	3.036770e-01	6.881615e-02	5.824164e-01	
8  2.17175	3.292572e-01	6.157871e-02	5.640736e-01	
17  3.1287	3.187323e-01	1.406522e-01	4.955250e-01	
8  3.05281	3.548173e-01	1.010039e-01	4.990883e-01	
2  3.0626	2.667429e-01	4.205497e-02	6.461116e-01	
3  2.83333	2.589914e-01	-1.593625e-02	7.118544e-01	
4  2.07104	2.746399e-01	6.692088e-03	6.735776e-01	
4  3.00493	3.174698e-01	1.363075e-01	5.011322e-01	
4  4.04212	3.735441e-01	1.292585e-01	4.521070e-01	
7  1.85612	2.836907e-01	1.177063e-02	6.594482e-01	
4  4.1402	3.397036e-01	3.077107e-02	5.844349e-01	
1  6.42833	2.774567e-01	1.237368e-01	5.537160e-01	
4  2.07481	3.234259e-01	1.133376e-01	5.181461e-01	
5  2.67823	2.613109e-01	-8.480762e-03	7.020794e-01	
1  3.91549	2.614217e-01	4.883498e-02	6.446529e-01	
12  1.76936	3.247440e-01	8.614806e-02	5.440175e-01	
5  1.64366	3.082936e-01	7.663245e-02	5.699835e-01	
2  2.48875	3.025352e-01	2.668643e-03	6.497057e-01	
4  1.56046	2.989510e-01	4.229002e-02	6.136685e-01	
1  3.39847	3.360226e-01	3.866682e-02	5.802201e-01	
4  1.7951	3.255914e-01	8.049539e-02	5.488228e-01	
15  2.19729	2.786455e-01	-7.321689e-03	6.835857e-01	
6  4.02165	2.525307e-01	-5.877463e-02	7.611534e-01	
3  5.52765	2.422097e-01	-8.654311e-02	7.992429e-01	
2  3.86121	2.772239e-01	-5.010071e-02	7.277864e-01	
4  2.1252	3.043429e-01	9.481726e-02	5.557493e-01	
7  2.14494	3.237423e-01	1.166623e-01	5.145050e-01	
3  2.11176	3.329483e-01	1.161602e-01	5.058010e-01	
6  1.75361	3.170536e-01	5.468989e-02	5.831660e-01	
15  3.78448	2.459385e-01	-3.647381e-02	7.454449e-01	
1  2.42195	2.706380e-01	2.979934e-02	6.544722e-01	
5  1.94829	2.809840e-01	6.297691e-03	6.676279e-01	
4  2.24084	2.754351e-01	3.699876e-02	6.424756e-01	
9  2.04871	2.849436e-01	2.239345e-04	6.697420e-01	
6  1.84444	3.154623e-01	4.546025e-02	5.939870e-01	
6  1.92417	2.841138e-01	4.604851e-02	6.247472e-01	
8  2.11262	2.964261e-01	6.376617e-03	6.521068e-01	
2  3.41381	3.435319e-01	5.497830e-02	5.563993e-01	
4  3.61509	2.519915e-01	9.518981e-03	6.933991e-01	
5  3.52182	3.230544e-01	1.155846e-02	6.202967e-01	
11  2.82556	3.257768e-01	3.186226e-02	5.972705e-01	
2  3.40524	2.899023e-01	-3.128362e-02	6.962908e-01	
1  2.94841	3.053794e-01	1.186442e-01	5.308859e-01	
1  2.92608	3.324209e-01	1.491451e-01	4.733435e-01	
13  2.50104	3.465028e-01	1.285266e-01	4.798801e-01	
14  1.78309	3.214529e-01	6.437433e-02	5.690823e-01	
13  1.65635	3.110703e-01	4.881768e-02	5.950215e-01	
12  2.21696	3.066428e-01	1.011744e-01	5.470924e-01	
28  2.30045	3.203659e-01	3.654020e-02	5.980034e-01	
5  6.885	3.003151e-01	-6.619635e-02	7.207908e-01	
4  8.18169	2.123132e-01	-1.036253e-01	8.462216e-01	
4  7.49455	2.528162e-01	-1.119960e-01	8.140894e-01	
3  4.14357	3.277423e-01	1.715957e-01	4.555715e-01	
5  4.4596	3.240627e-01	1.727516e-01	4.580952e-01	
8  7.23697	3.819193e-01	2.699291e-01	3.030612e-01	
3  7.18468	3.304190e-01	2.197735e-01	4.047170e-01	
8  4.87222	2.625040e-01	6.960851e-02	6.227970e-01	
2  3.44598	3.590362e-01	9.789883e-02	4.979745e-01	
2  3.16859	3.569764e-01	1.034153e-01	4.945179e-01	
2  2.39638	3.421685e-01	9.102175e-02	5.217193e-01	
4  2.12484	3.344932e-01	1.158457e-01	5.045706e-01	
3  4.81018	3.886403e-01	1.820938e-01	3.841755e-01	
11  1.70215	2.977620e-01	2.625257e-02	6.308950e-01	
4  4.60953	3.635842e-01	7.595284e-02	5.153725e-01	
1  5.16629	3.407975e-01	1.543795e-02	5.986741e-01	
6  3.5832	3.016138e-01	-2.126818e-02	6.745639e-01	
1  2.92186	2.743669e-01	5.847354e-02	6.220691e-01	
2  3.0313	2.840679e-01	-2.908230e-02	6.999239e-01	
3  3.47818	3.577974e-01	9.234056e-02	5.047716e-01	
2  3.11055	3.168059e-01	1.378944e-01	5.002093e-01	
3  4.58181	2.927102e-01	1.274120e-01	5.347874e-01	
5  3.08733	3.295162e-01	1.510477e-01	4.743456e-01	
3  3.24939	3.134977e-01	1.366274e-01	5.047844e-01	
2  3.55014	3.144495e-01	1.439676e-01	4.964924e-01	
1  1.74168	2.852487e-01	2.710548e-02	6.425554e-01	
3  5.36418	3.628232e-01	5.823413e-02	5.338522e-01	
1  4.67264	3.657738e-01	8.033899e-02	5.087967e-01	
4  2.73019	3.417207e-01	7.174812e-02	5.414407e-01	
4  2.37033	3.003874e-01	3.107322e-03	6.514148e-01	
12  1.59501	2.945522e-01	3.652526e-02	6.238321e-01	
1  1.60908	2.991570e-01	5.994485e-02	5.958077e-01	
14  1.62192	2.954111e-01	5.278604e-02	6.067124e-01	
1  1.5605	3.103313e-01	6.269328e-02	5.818849e-01	
2  2.83818	2.622124e-01	-2.625153e-02	7.189487e-01	
1  3.40925	2.562095e-01	1.869001e-02	6.800101e-01	
1  2.62095	2.838360e-01	-1.948927e-02	6.905628e-01	
7  3.21388	2.894523e-01	-2.809089e-02	6.935481e-01	
4  2.58567	3.019323e-01	-5.468032e-04	6.535240e-01	
12  2.09457	2.738469e-01	6.874447e-03	6.741882e-01	
12  2.5581	2.812578e-01	-1.932426e-02	6.929760e-01	
1  1.7455	3.227615e-01	8.853890e-02	5.436091e-01	
11  3.51662	3.037973e-01	-1.731158e-02	6.684238e-01	
2  3.57432	3.136253e-01	1.433210e-01	4.979633e-01	
7  2.28949	3.411587e-01	1.197932e-01	4.939576e-01	
7  2.1107	3.115236e-01	2.699857e-02	6.163873e-01	
1  3.82424	2.943763e-01	1.179494e-01	5.425838e-01	
4  4.24636	2.424288e-01	-5.214338e-02	7.646241e-01	
3  7.86598	3.074179e-01	-6.746462e-02	7.149563e-01	
1  7.71329	2.864498e-01	-8.953248e-02	7.579922e-01	
3  7.09402	2.362438e-01	-1.097561e-01	8.284219e-01	
1  4.37363	3.502097e-01	4.849490e-02	5.562049e-01	
2  5.19993	3.907657e-01	1.529575e-01	4.111864e-01	
4  3.659	3.122358e-01	1.430147e-01	4.996591e-01	
1  2.78567	3.541107e-01	1.307350e-01	4.700638e-01	
6  2.95004	2.888217e-01	9.051507e-02	5.755728e-01	
1  1.66961	3.029449e-01	3.425542e-02	6.177092e-01	
9  1.90559	3.208127e-01	5.402484e-02	5.800720e-01	
10  1.66947	3.122336e-01	5.017142e-02	5.925046e-01	
2  2.97451	2.608593e-01	1.912228e-02	6.749280e-01	
4  3.95914	3.303691e-01	1.629688e-02	6.082436e-01	
4  1.85314	2.816647e-01	3.032739e-02	6.429174e-01	
20  1.95936	3.049451e-01	2.241993e-02	6.275445e-01	
1  1.82692	2.850964e-01	4.197064e-02	6.278425e-01	
3  3.53021	2.665394e-01	-4.891528e-02	7.372854e-01	
27  1.59887	3.096007e-01	5.154704e-02	5.937618e-01	
2  2.95073	2.943660e-01	1.007409e-01	5.598027e-01	
4  3.43186	3.604268e-01	1.037047e-01	4.907781e-01	
9  2.7451	3.532935e-01	1.279549e-01	4.736612e-01	
14  2.89165	3.400006e-01	1.523326e-01	4.625764e-01	
3  2.33887	3.416552e-01	1.240709e-01	4.891834e-01	
4  1.82608	3.209393e-01	5.939657e-02	5.745737e-01	
9  1.65888	3.100018e-01	7.957677e-02	5.653309e-01	
9  1.78274	2.991344e-01	7.227201e-02	5.835031e-01	
10  1.59285	3.136218e-01	6.495090e-02	5.763368e-01	
10  1.53835	3.051182e-01	5.624715e-02	5.935442e-01	
3  1.94496	3.107008e-01	9.646382e-02	5.477449e-01	
1  2.12445	3.376303e-01	1.056793e-01	5.115999e-01	
8  1.71205	2.905427e-01	4.880887e-02	6.155579e-01	
1  2.31905	2.783441e-01	-1.246406e-02	6.890295e-01	
9  1.82195	3.032734e-01	2.602273e-02	6.256135e-01	
28  1.7312	2.866326e-01	3.679038e-02	6.314866e-01	
1  2.3362	2.783169e-01	-1.312691e-02	6.897196e-01	
5  2.52534	2.728785e-01	4.183113e-02	6.401999e-01	
26  1.68285	2.933329e-01	5.372834e-02	6.078483e-01	
4  2.79017	2.600599e-01	2.861470e-03	6.919881e-01	
17  2.98702	2.844535e-01	-2.781497e-02	6.982710e-01	
2  2.10738	2.763534e-01	-1.135991e-03	6.796922e-01	
16  1.85756	3.155708e-01	4.498667e-02	5.943521e-01	
1  2.41271	3.331846e-01	1.322644e-01	4.894606e-01	
1  1.93995	3.300235e-01	8.042285e-02	5.444632e-01	
1  2.56854	3.299333e-01	4.781407e-02	5.771622e-01	
3  2.79719	3.368595e-01	5.662420e-02	5.614258e-01	
1  3.22476	3.554467e-01	9.477268e-02	5.046901e-01	
1  2.40125	2.980698e-01	-5.085394e-04	6.573483e-01	
12  1.75766	3.097055e-01	3.925030e-02	6.059538e-01	
1  1.8826	2.800093e-01	1.680267e-02	6.580976e-01	
5  2.26481	3.311545e-01	1.251955e-01	4.985596e-01	
2  2.87378	2.872648e-01	8.571104e-02	5.819337e-01	
2  3.51054	3.449596e-01	5.588314e-02	5.540668e-01	
1  1.672	2.923566e-01	2.570779e-02	6.368452e-01	
5  2.49711	3.475299e-01	1.214661e-01	4.859135e-01	
12  2.04513	2.804845e-01	4.238508e-02	6.320400e-01	
4  2.362	2.958503e-01	8.843760e-02	5.706217e-01	
4  2.25068	3.342590e-01	7.180897e-02	5.488415e-01	
7  2.0431	3.351037e-01	1.018595e-01	5.179463e-01	
5  2.53778	2.647872e-01	-1.148365e-02	7.016060e-01	
2  4.56184	2.455941e-01	1.492735e-02	6.943881e-01	
8  2.68337	2.622107e-01	7.504363e-03	6.851945e-01	
3  2.17838	3.392601e-01	1.034621e-01	5.121873e-01	
8  2.18297	3.129855e-01	2.698930e-02	6.149348e-01	
1  3.76607	3.221455e-01	1.579465e-01	4.748176e-01	
16  2.21407	3.320544e-01	6.719387e-02	5.556613e-01	
14  2.38909	3.236575e-01	4.020092e-02	5.910511e-01	
8  2.99574	2.572988e-01	2.660236e-03	6.949505e-01	
1  2.27918	3.117236e-01	2.184255e-02	6.213434e-01	
4  1.6298	3.122162e-01	5.395608e-02	5.887373e-01	
13  1.81458	3.259032e-01	9.364053e-02	5.353658e-01	
1  2.48536	3.185380e-01	1.240137e-01	5.123579e-01	
10  1.63973	3.120425e-01	5.249061e-02	5.903764e-01	
3  3.26427	3.634121e-01	1.335188e-01	4.579786e-01	
3  4.23106	3.181510e-01	1.612769e-01	4.754816e-01	
6  2.70588	3.384136e-01	1.452699e-01	4.712261e-01	
3  3.75751	3.655663e-01	1.086407e-01	4.807025e-01	
6  3.42283	3.454193e-01	5.927963e-02	5.502107e-01	
2  2.91997	3.122615e-01	1.277253e-01	5.149227e-01	
2  1.99905	3.315191e-01	8.042896e-02	5.429615e-01	
5  1.87489	2.863718e-01	4.938879e-02	6.191490e-01	
3  2.04903	3.352799e-01	9.666880e-02	5.229608e-01	
19  2.02839	2.757852e-01	8.558578e-03	6.705657e-01	
3  2.50653	2.665332e-01	1.759168e-02	6.707847e-01	
6  1.78812	2.849757e-01	1.742949e-02	6.525043e-01	
1  1.91099	2.805332e-01	3.223310e-02	6.421433e-01	
7  1.56805	2.973992e-01	4.083417e-02	6.166762e-01	
7  2.72985	2.706300e-01	4.269066e-02	6.415888e-01	
10  1.61628	3.013501e-01	6.473481e-02	5.888247e-01	
16  1.54648	3.003184e-01	4.694602e-02	6.076451e-01	
7  1.77218	2.863057e-01	4.094892e-02	6.276549e-01	
4  2.12431	3.249080e-01	1.164112e-01	5.135904e-01	
12  1.71891	3.216504e-01	7.368243e-02	5.595767e-01	
1  2.21531	2.776502e-01	4.272666e-02	6.345326e-01	
1  1.7146	3.144908e-01	5.157166e-02	5.888471e-01	
1  3.34085	2.542878e-01	-3.755485e-02	7.381767e-01	
3  2.61602	3.070182e-01	5.585004e-03	6.423063e-01	
1  2.32599	3.393381e-01	8.461488e-02	5.309565e-01	
9  2.11406	3.218808e-01	1.141101e-01	5.189187e-01	
14  1.70487	3.210245e-01	7.342989e-02	5.604552e-01	
9  2.15353	3.066240e-01	9.905857e-02	5.492270e-01	
17  1.96325	3.140842e-01	3.713124e-02	6.036941e-01	
7  1.87302	3.176941e-01	4.866308e-02	5.885524e-01	
8  3.00163	2.739020e-01	5.944305e-02	6.215645e-01	
2  3.89058	2.958066e-01	-3.333038e-02	6.924333e-01	
1  2.56023	3.195393e-01	2.718680e-02	6.081834e-01	
4  2.47794	3.427695e-01	1.335532e-01	4.785869e-01	
3  3.55874	3.405819e-01	4.473413e-02	5.695935e-01	
2  1.65424	3.069747e-01	4.136563e-02	6.065692e-01	
3  3.20989	2.636836e-01	3.738242e-02	6.538435e-01	
3  2.26511	3.191056e-01	1.175481e-01	5.182558e-01	
4  1.76031	2.846149e-01	3.024372e-02	6.400510e-01	
4  2.3725	2.709684e-01	-1.227620e-02	6.962174e-01	
9  2.26476	2.753034e-01	-9.693509e-03	6.892996e-01	
1  1.80129	2.839653e-01	1.742388e-02	6.535204e-01	
1  4.94813	3.398032e-01	1.698455e-02	5.981218e-01	
1  3.06945	3.092652e-01	-1.310918e-03	6.469553e-01	
2  1.78305	3.242107e-01	9.211052e-02	5.385883e-01	
1  1.66833	3.177688e-01	6.546156e-02	5.716791e-01	
4  3.57094	2.759064e-01	7.706866e-02	6.019344e-01	
10  1.87241	3.172019e-01	9.926409e-02	5.384435e-01	
13  1.74808	3.025420e-01	7.599754e-02	5.763700e-01	
1  2.52494	3.322532e-01	1.362829e-01	4.863735e-01	
12  3.20562	3.472398e-01	1.647388e-01	4.429310e-01	
20  1.98233	2.841735e-01	3.282594e-03	6.674534e-01	
1  1.86118	2.981404e-01	1.800312e-02	6.387660e-01	
22  4.58108	2.383476e-01	-5.525660e-02	7.718185e-01	
5  4.97254	2.867176e-01	-5.863246e-02	7.268244e-01	
2  4.71343	2.881328e-01	-5.372867e-02	7.205054e-01	
3  4.92421	3.400852e-01	1.789645e-02	5.969279e-01	
12  1.8699	3.286770e-01	8.454825e-02	5.416843e-01	
5  2.27732	3.419754e-01	1.062930e-01	5.066412e-01	
12  2.74336	3.485301e-01	9.364396e-02	5.127355e-01	
6  1.93589	2.841317e-01	4.683270e-02	6.239451e-01	
2  1.92727	2.794640e-01	1.063052e-02	6.648151e-01	
17  2.38259	2.693082e-01	2.188933e-02	6.637121e-01	
24  2.16709	3.383647e-01	9.620348e-02	5.203414e-01	
2  2.34636	3.275427e-01	1.270941e-01	5.002728e-01	
8  3.55826	3.685178e-01	1.387797e-01	4.476120e-01	
7  4.60457	3.673963e-01	8.659941e-02	5.009138e-01	
6  2.29731	3.413699e-01	1.201267e-01	4.934129e-01	
2  2.40374	3.425118e-01	1.283767e-01	4.840210e-01	
1  3.26372	3.634253e-01	1.481913e-01	4.432930e-01	
9  3.7155	3.530318e-01	1.817122e-01	4.201655e-01	
1  4.67645	3.777765e-01	1.181419e-01	4.589911e-01	
1  2.85413	3.441211e-01	1.517381e-01	4.590503e-01	
4  2.339	3.233146e-01	4.115963e-02	5.904353e-01	
3  2.67813	2.718190e-01	4.434140e-02	6.387491e-01	
1  2.01618	3.077494e-01	2.438167e-02	6.227784e-01	
3  3.66721	3.364854e-01	1.708413e-01	4.475828e-01	
1  3.52743	3.531198e-01	7.644135e-02	5.253484e-01	
2  4.59865	3.312144e-01	1.835997e-01	4.400955e-01	
6  5.01903	3.914427e-01	1.901148e-01	3.733520e-01	
1  4.43181	3.400899e-01	2.618787e-02	5.886318e-01	
3  2.88054	3.466824e-01	8.044961e-02	5.277776e-01	
7  3.00504	3.161217e-01	1.346550e-01	5.041328e-01	
2  2.59659	3.499879e-01	1.222302e-01	4.826915e-01	
1  2.40206	3.446695e-01	1.220704e-01	4.881696e-01	
12  3.04243	3.427786e-01	6.366161e-02	5.484693e-01	
13  3.88166	3.741273e-01	1.483022e-01	4.324800e-01	
9  2.82623	3.165315e-01	1.309005e-01	5.074776e-01	
1  3.97754	3.757812e-01	1.670353e-01	4.120930e-01	
5  4.91908	3.895600e-01	1.931250e-01	3.722245e-01	
3  3.24419	3.173719e-01	1.415199e-01	4.960177e-01	
5  2.28847	3.192504e-01	1.184910e-01	5.171681e-01	
12  1.59318	2.943478e-01	3.764361e-02	6.229181e-01	
4  1.78592	3.149924e-01	9.263415e-02	5.472830e-01	
1  1.78545	2.914529e-01	5.678354e-02	6.066731e-01	
2  1.88656	2.858190e-01	4.858417e-02	6.205064e-01	
4  2.16658	3.070465e-01	1.000844e-01	5.477786e-01	
1  3.65562	2.476199e-01	-3.494710e-02	7.422368e-01	
2  3.18765	2.631211e-01	3.496803e-02	6.568204e-01	
2  2.35397	3.231318e-01	4.028280e-02	5.914949e-01	
3  2.31647	2.684406e-01	4.563256e-04	6.860126e-01	
8  3.7651	3.266633e-01	1.323050e-02	6.150157e-01	
6  2.75626	3.502203e-01	1.431021e-01	4.615871e-01	
3  3.06755	3.034544e-01	1.183254e-01	5.331297e-01	
5  5.79713	2.634873e-01	8.586980e-02	6.055525e-01	
11  2.64507	3.485087e-01	1.375908e-01	4.688100e-01	
6  2.03538	3.004348e-01	1.363832e-02	6.408364e-01	
19  3.03062	2.879235e-01	-2.580391e-02	6.927900e-01	
1  1.54763	3.077618e-01	6.197692e-02	5.851708e-01	
13  4.19992	3.066870e-01	-2.472466e-02	6.729472e-01	
11  6.37714	2.294924e-01	-9.366283e-02	8.190800e-01	
5  3.4129	2.581466e-01	-4.477101e-02	7.415340e-01	
16  1.6128	2.924553e-01	3.768051e-02	6.247738e-01	
15  3.35075	2.509044e-01	-2.046151e-02	7.244666e-01	
4  1.59141	2.983946e-01	5.623078e-02	6.002842e-01	
10  1.82926	3.144752e-01	4.426943e-02	5.961649e-01	
1  2.9149	3.402044e-01	6.114366e-02	5.535615e-01	
3  2.35163	3.393667e-01	1.282175e-01	4.873254e-01	
5  4.47377	3.457493e-01	3.688867e-02	5.722716e-01	
1  4.35682	3.526787e-01	5.448756e-02	5.477433e-01	
25  2.39955	3.400068e-01	1.308289e-01	4.840738e-01	
15  1.78471	2.976553e-01	6.971396e-02	5.875403e-01	
2  2.83525	2.613858e-01	1.419212e-02	6.793316e-01	
4  1.75972	2.866371e-01	1.882433e-02	6.494481e-01	
1  2.76132	3.207856e-01	2.416907e-02	6.099549e-01	
14  2.82489	3.478344e-01	8.671709e-02	5.203581e-01	
13  3.32392	2.652496e-01	4.515804e-02	6.445019e-01	
3  2.10251	2.735688e-01	7.166885e-03	6.741739e-01	
2  2.83254	2.586753e-01	-1.196846e-02	7.082027e-01	
4  2.73328	2.635856e-01	-2.278769e-02	7.141117e-01	
1  2.9987	3.273707e-01	3.063768e-02	5.969011e-01	
18  2.64223	2.623466e-01	3.690461e-03	6.888725e-01	
1  1.64516	3.164272e-01	8.011796e-02	5.583644e-01	
11  2.13948	2.848844e-01	5.871910e-02	6.113060e-01	
7  1.5652	3.015155e-01	5.890484e-02	5.944892e-01	
1  1.657	2.943308e-01	5.383538e-02	6.067434e-01	
11  1.61446	3.021702e-01	6.593567e-02	5.868037e-01	
8  1.63395	3.036832e-01	3.795883e-02	6.132675e-01	
14  2.98561	3.417281e-01	6.276149e-02	5.504199e-01	
2  5.59675	2.759022e-01	1.099091e-01	5.690983e-01	
3  5.98671	3.853360e-01	1.050480e-01	4.645256e-01	
6  2.87646	3.120890e-01	1.264791e-01	5.163415e-01	
4  2.39506	3.444987e-01	1.217610e-01	4.886499e-01	
1  2.7855	3.537750e-01	1.188843e-01	4.822503e-01	
2  4.88037	2.923230e-01	1.311854e-01	5.314011e-01	
2  4.57741	3.162669e-01	1.644339e-01	4.742088e-01	
5  4.58138	3.842417e-01	1.561056e-01	4.145622e-01	
7  4.79835	3.303145e-01	1.859259e-01	4.386691e-01	
2  5.06446	3.907441e-01	1.624644e-01	4.017010e-01	
2  5.58967	3.061453e-01	1.641944e-01	4.845699e-01	
3  2.29666	3.142595e-01	2.552425e-02	6.151258e-01	
1  1.69465	2.903690e-01	2.365167e-02	6.408889e-01	
6  2.67312	3.478279e-01	1.408168e-01	4.662648e-01	
2  2.37532	3.249433e-01	1.263864e-01	5.035798e-01	
9  2.4187	3.307358e-01	1.315706e-01	4.926031e-01	
19  1.57714	3.001634e-01	3.978108e-02	6.149650e-01	
2  1.87357	3.270396e-01	9.998270e-02	5.278872e-01	
4  2.69446	3.491075e-01	1.403997e-01	4.654023e-01	
9  2.62432	3.481499e-01	1.365737e-01	4.701860e-01	
2  5.72646	3.603124e-01	2.300724e-01	3.645247e-01	
1  3.11803	3.372257e-01	1.578164e-01	4.598675e-01	
2  1.77234	3.221391e-01	9.318300e-02	5.395874e-01	
1  1.62754	2.928118e-01	3.143826e-02	6.306595e-01	
15  2.36904	3.270242e-01	4.806716e-02	5.798182e-01	
20  2.46095	2.752756e-01	-1.801961e-02	6.976535e-01	
4  2.97889	3.318848e-01	4.023171e-02	5.827930e-01	
2  1.70376	3.078537e-01	3.934723e-02	6.077086e-01	
6  2.94429	2.578820e-01	2.157563e-03	6.948700e-01	
6  1.92205	2.829929e-01	4.244935e-02	6.294673e-01	
4  2.3288	3.072550e-01	1.054987e-01	5.421558e-01	
2  2.78587	3.073287e-01	1.177471e-01	5.298338e-01	
20  2.01324	2.919012e-01	6.912155e-02	5.938868e-01	
2  4.36698	3.278740e-01	1.757510e-01	4.512846e-01	
2  3.93122	3.694686e-01	1.840748e-01	4.013662e-01	
9  4.42676	3.230483e-01	1.709288e-01	4.609325e-01	
5  5.09471	2.772722e-01	1.056649e-01	5.719724e-01	
1  3.60323	2.589638e-01	3.413844e-02	6.618073e-01	
4  2.93641	3.567088e-01	1.211040e-01	4.770967e-01	
1  5.7688	3.843047e-01	1.072706e-01	4.633342e-01	
5  3.13399	3.595800e-01	1.187247e-01	4.766048e-01	
1  3.9835	3.076571e-01	1.422127e-01	5.050398e-01	
4  6.12768	4.051048e-01	1.851590e-01	3.646458e-01	
10  3.19312	3.411998e-01	1.622195e-01	4.514902e-01	
2  5.85927	4.026640e-01	1.919625e-01	3.602830e-01	
2  3.55019	3.688704e-01	1.510640e-01	4.349752e-01	
29  2.34394	3.349010e-01	1.293910e-01	4.906176e-01	
4  4.02782	3.632510e-01	1.917552e-01	3.999034e-01	
4  1.67261	3.170361e-01	8.386290e-02	5.540105e-01	
2  2.51364	3.479323e-01	1.219790e-01	4.849983e-01	
4  2.77848	3.371800e-01	1.474192e-01	4.703104e-01	
3  1.98569	3.277297e-01	1.093661e-01	5.178137e-01	
5  1.63542	3.146730e-01	7.947196e-02	5.607646e-01	
11  1.56597	3.065667e-01	4.993623e-02	5.984066e-01	
1  1.62998	3.161904e-01	6.644030e-02	5.722789e-01	
6  1.9884	3.028587e-01	8.759609e-02	5.644548e-01	
17  2.99315	3.583935e-01	1.294871e-01	4.670290e-01	
1  2.33995	3.432208e-01	1.187531e-01	4.929357e-01	
3  2.26167	2.926891e-01	7.957965e-02	5.826407e-01	
1  1.53914	3.051088e-01	5.744944e-02	5.923514e-01	
2  3.50188	3.679460e-01	1.435000e-01	4.434636e-01	
1  2.93721	2.983230e-01	1.072338e-01	5.493527e-01	
21  1.67779	2.886072e-01	3.590925e-02	6.303931e-01	
13  1.55892	2.979098e-01	4.744716e-02	6.095526e-01	
4  1.71715	2.981616e-01	2.565657e-02	6.310913e-01	
7  3.11197	3.155442e-01	7.341479e-03	6.320238e-01	
5  2.57458	3.347391e-01	1.391876e-01	4.809828e-01	
3  2.64888	3.024500e-01	-1.409412e-03	6.538690e-01	
6  2.40966	3.416225e-01	8.772500e-02	5.255620e-01	
3  2.46634	2.661392e-01	1.173235e-02	6.770380e-01	
11  2.23685	2.844722e-01	-7.444751e-03	6.778821e-01	
7  1.82203	2.835695e-01	1.541037e-02	6.559297e-01	
5  2.03895	2.903760e-01	3.576154e-03	6.609574e-01	
9  2.10261	2.842477e-01	5.562002e-02	6.150418e-01	
3  1.62831	3.062738e-01	7.301794e-02	5.756178e-01	
1  2.67076	3.112935e-01	1.058217e-02	6.330338e-01	
6  2.87928	3.019610e-01	-7.259976e-03	6.602085e-01	
4  3.05423	2.741115e-01	-3.563029e-02	7.164284e-01	
5  2.69989	2.988271e-01	-7.109271e-03	6.631917e-01	
1  2.89103	3.314407e-01	4.162107e-02	5.818478e-01	
1  3.39308	3.432398e-01	5.482510e-02	5.568446e-01	
11  2.17325	2.980363e-01	6.152000e-03	6.507212e-01	
4  1.95387	2.885109e-01	5.911569e-02	6.072830e-01	
3  2.07051	2.794128e-01	4.048087e-02	6.350159e-01	
16  2.16874	3.297503e-01	6.305475e-02	5.621045e-01	
17  1.73429	2.873082e-01	4.030277e-02	6.272986e-01	
15  1.83865	2.865094e-01	4.734053e-02	6.210596e-01	
6  1.73966	3.192809e-01	6.184649e-02	5.737822e-01	
4  1.98859	3.053033e-01	2.180178e-02	6.278045e-01	
6  1.64546	3.035762e-01	7.078197e-02	5.805514e-01	
10  2.21234	3.348171e-01	1.220341e-01	4.980583e-01	
3  1.62291	3.046932e-01	4.034016e-02	6.098762e-01	
10  1.77104	3.143734e-01	9.123533e-02	5.493009e-01	
3  1.74228	2.852911e-01	2.999564e-02	6.396228e-01	
5  2.64958	2.723390e-01	4.483520e-02	6.377353e-01	
1  3.15566	2.582825e-01	1.672761e-02	6.798994e-01	
9  4.77291	3.477704e-01	3.566063e-02	5.714786e-01	
2  1.61843	2.995405e-01	6.164777e-02	5.937213e-01	
4  1.80587	3.134116e-01	4.343680e-02	5.980611e-01	
6  3.99091	3.742087e-01	1.365858e-01	4.441151e-01	
2  4.01328	3.688479e-01	1.884984e-01	3.975633e-01	
7  4.15826	2.621687e-01	5.588834e-02	6.368525e-01	
5  2.30715	2.834089e-01	-1.041654e-02	6.819172e-01	
1  4.00955	2.835646e-01	-4.755627e-02	7.189012e-01	
4  1.98416	3.223853e-01	1.083179e-01	5.242064e-01	
3  2.40912	2.930719e-01	-6.086381e-03	6.679241e-01	
4  2.07931	3.346077e-01	1.111645e-01	5.091374e-01	
3  2.73205	3.508419e-01	1.049111e-01	4.991565e-01	
6  2.91277	3.059565e-01	-2.687293e-03	6.516404e-01	
15  2.05625	3.225374e-01	5.045108e-02	5.819211e-01	
17  2.56932	3.216553e-01	1.296789e-01	5.035753e-01	
13  2.23487	3.208943e-01	1.180914e-01	5.159238e-01	
3  2.80334	3.279722e-01	1.421643e-01	4.847731e-01	
12  2.75173	3.044135e-01	-1.218506e-03	6.517145e-01	
2  2.47427	3.372818e-01	6.975508e-02	5.478726e-01	
5  3.89377	3.628733e-01	9.392428e-02	4.981120e-01	
1  4.06867	3.272869e-01	1.696951e-01	4.579275e-01	
5  2.41357	2.865616e-01	7.200110e-02	5.963468e-01	
7  1.90156	3.252730e-01	6.634632e-02	5.632902e-01	
3  2.45075	3.116117e-01	1.148817e-01	5.284162e-01	
5  3.23914	3.355603e-01	1.598869e-01	4.594624e-01	
10  2.56918	2.771257e-01	5.500542e-02	6.227784e-01	
2  1.68078	3.016868e-01	3.188619e-02	6.213366e-01	
1  2.73206	2.622018e-01	1.155574e-02	6.811520e-01	
4  2.35719	3.165119e-01	2.759620e-02	6.108015e-01	
1  2.49538	3.357064e-01	6.448534e-02	5.547178e-01	
1  4.62452	3.154929e-01	-1.869891e-02	6.581156e-01	
2  2.3055	2.690737e-01	-2.275192e-03	6.881110e-01	
7  1.53891	3.054198e-01	5.583116e-02	5.936586e-01	
6  2.62758	2.855755e-01	7.606759e-02	5.932664e-01	
13  2.37018	3.197728e-01	1.217129e-01	5.134238e-01	
1  3.33446	3.650222e-01	1.446509e-01	4.452365e-01	
5  4.95002	3.032009e-01	-3.992701e-02	6.916357e-01	
4  5.82174	2.310757e-01	-8.257947e-02	8.064133e-01	
1  8.1776	2.765514e-01	-1.030806e-01	7.814387e-01	
6  4.28724	2.449368e-01	4.106959e-03	7.058658e-01	
2  1.93942	3.111325e-01	9.672516e-02	5.470518e-01	
4  3.8258	3.336047e-01	1.716198e-01	4.496850e-01	
11  4.10597	3.728130e-01	1.881535e-01	3.939430e-01	
3  2.90154	3.556745e-01	1.174564e-01	4.817786e-01	
9  1.76348	3.235877e-01	7.504038e-02	5.562814e-01	
1  3.21881	3.358632e-01	4.260816e-02	5.764382e-01	
5  2.77156	2.734443e-01	5.181780e-02	6.296474e-01	
3  3.69206	3.078912e-01	1.373779e-01	5.096404e-01	
9  6.65424	3.103660e-01	1.844172e-01	4.601264e-01	
1  2.40838	3.444028e-01	1.242198e-01	4.862869e-01	
2  2.18154	3.352693e-01	1.196101e-01	5.000301e-01	
3  3.0053	3.063224e-01	-4.140003e-03	6.527271e-01	
4  1.99496	2.959641e-01	1.014885e-02	6.487966e-01	
10  1.60617	3.048765e-01	6.916259e-02	5.808705e-01	
7  3.54679	2.913054e-01	1.074428e-01	5.561614e-01	
17  1.74808	3.036583e-01	7.769013e-02	5.735611e-01	
4  3.20971	3.569022e-01	1.009249e-01	4.970825e-01	
3  4.51176	3.737603e-01	1.094128e-01	4.717365e-01	
3  5.71841	3.855544e-01	1.125756e-01	4.567795e-01	
4  2.31535	3.313514e-01	6.051294e-02	5.630452e-01	
5  2.21962	3.335504e-01	1.229118e-01	4.984473e-01	
17  1.86914	3.097082e-01	9.189038e-02	5.533110e-01	
2  1.90945	3.304558e-01	8.945569e-02	5.349981e-01	
11  3.3864	2.653698e-01	-4.574543e-02	7.352852e-01	
2  3.42439	2.685018e-01	5.634634e-02	6.300614e-01	
3  3.84631	2.532852e-01	2.236940e-02	6.792550e-01	
4  4.26678	3.170292e-01	-1.101414e-02	6.488945e-01	
3  4.12748	2.533481e-01	-6.175472e-02	7.633162e-01	
3  3.47275	2.861225e-01	-3.609060e-02	7.048776e-01	
14  2.21123	2.757107e-01	3.630689e-02	6.428919e-01	
1  2.9719	2.572417e-01	5.779492e-05	6.976100e-01	
8  1.7816	2.928831e-01	1.754775e-02	6.444787e-01	
3  2.07298	3.016289e-01	1.379839e-02	6.394823e-01	
2  2.53123	3.308892e-01	5.121289e-02	5.728075e-01	
5  2.60755	3.422664e-01	1.411779e-01	4.714652e-01	
14  1.56794	3.061420e-01	4.883468e-02	5.999329e-01	
8  1.59248	2.966871e-01	5.212632e-02	6.060961e-01	
3  1.644	2.913078e-01	3.017109e-02	6.334306e-01	
14  1.77151	3.245032e-01	7.888144e-02	5.515249e-01	
10  4.25834	3.683091e-01	1.980811e-01	3.885194e-01	
5  4.25646	3.764589e-01	1.314002e-01	4.470505e-01	
11  5.51655	3.786438e-01	2.329312e-01	3.433345e-01	
13  3.62798	3.244146e-01	1.578966e-01	4.725984e-01	
5  3.65914	2.474611e-01	-1.448198e-02	7.219305e-01	
20  2.22602	2.749942e-01	3.466480e-02	6.452505e-01	
4  6.64975	2.293403e-01	-9.903853e-02	8.246077e-01	
3  6.69961	2.277528e-01	-9.835580e-02	8.255126e-01	
13  3.42761	2.604779e-01	-4.628138e-02	7.407131e-01	
29  2.63269	2.921786e-01	8.918500e-02	5.735459e-01	
13  2.10614	3.270123e-01	1.164015e-01	5.114958e-01	
1  1.75523	2.873863e-01	4.303013e-02	6.244931e-01	
4  2.80125	2.752533e-01	5.732846e-02	6.223278e-01	
4  1.61502	2.935187e-01	3.312935e-02	6.282615e-01	
3  1.56351	3.000455e-01	4.193515e-02	6.129289e-01	
7  3.55579	2.510370e-01	-4.112547e-02	7.449980e-01	
8  2.79891	3.170049e-01	1.668847e-02	6.212162e-01	
3  1.92454	3.256164e-01	6.570142e-02	5.635917e-01	
1  3.1326	3.576343e-01	1.084629e-01	4.888124e-01	
4  2.50297	3.154446e-01	1.210642e-01	5.184008e-01	
4  3.67394	3.145591e-01	1.464853e-01	4.938652e-01	
7  2.2763	2.863062e-01	6.703122e-02	6.015721e-01	
14  2.28374	3.218496e-01	1.206726e-01	5.123874e-01	
7  2.67485	3.478187e-01	1.409465e-01	4.661443e-01	
4  1.60858	3.091784e-01	4.952083e-02	5.962103e-01	
5  3.07614	2.551710e-01	-2.123951e-02	7.209781e-01	
4  3.03389	3.439788e-01	6.707168e-02	5.438591e-01	
7  2.16321	2.744233e-01	2.830812e-02	6.521781e-01	
1  2.50642	2.666351e-01	-1.416852e-02	7.024430e-01	
1  1.71834	2.867553e-01	3.476313e-02	6.333911e-01	
1  3.30743	3.163669e-01	4.688482e-03	6.338542e-01	
14  3.62531	2.477186e-01	-1.573665e-02	7.229276e-01	
44  1.60555	3.019774e-01	6.475072e-02	5.881814e-01	
13  2.14797	3.375316e-01	9.347724e-02	5.239007e-01	
2  3.61197	3.442161e-01	1.751635e-01	4.355299e-01	
1  3.37794	3.482323e-01	1.704528e-01	4.362245e-01	
1  1.94191	2.949775e-01	1.132023e-02	6.486118e-01	
30  1.78393	2.837811e-01	2.128407e-02	6.498444e-01	
11  1.88071	3.010758e-01	2.051970e-02	6.333141e-01	
3  2.6459	2.780011e-01	-2.336004e-02	7.002685e-01	
4  1.86175	2.815242e-01	3.087866e-02	6.425067e-01	
1  2.01369	2.759014e-01	1.806635e-02	6.609418e-01	
1  2.98802	2.804996e-01	7.438046e-02	6.000295e-01	
10  2.46123	3.172751e-01	2.590018e-02	6.117343e-01	
1  2.8851	2.731225e-01	5.431304e-02	6.274740e-01	
8  1.80977	2.878884e-01	4.922324e-02	6.177979e-01	
5  2.16286	2.741327e-01	2.700111e-02	6.537757e-01	
5  2.22772	3.253642e-01	1.211166e-01	5.084287e-01	
3  3.5402	2.897539e-01	1.044753e-01	5.606804e-01	
15  2.00222	3.233003e-01	1.096849e-01	5.219243e-01	
2  3.27454	3.288080e-01	2.703968e-02	5.990619e-01	
6  2.81601	3.402040e-01	6.443093e-02	5.502746e-01	
1  2.22675	3.035077e-01	9.691250e-02	5.544893e-01	
11  1.84086	3.245986e-01	6.929981e-02	5.610111e-01	
1  1.62813	3.166874e-01	7.017885e-02	5.680433e-01	
3  2.67024	2.915542e-01	8.897906e-02	5.743763e-01	
1  1.64853	3.081937e-01	7.693454e-02	5.697813e-01	
13  2.09421	3.288208e-01	6.440908e-02	5.616796e-01	
1  1.74553	3.184672e-01	5.899380e-02	5.774485e-01	
1  1.83251	2.819767e-01	2.837340e-02	6.445595e-01	
4  1.69221	2.955286e-01	5.963972e-02	5.997413e-01	
2  2.37011	3.443181e-01	1.174030e-01	4.931885e-01	
3  1.77575	3.027405e-01	7.782820e-02	5.743409e-01	
9  2.37035	2.731862e-01	3.609721e-02	6.456261e-01	
3  2.32722	2.725724e-01	-1.125089e-02	6.935881e-01	
3  2.89301	2.979713e-01	-1.243730e-02	6.693755e-01	
9  1.94607	2.787605e-01	2.749981e-02	6.486493e-01	
4  4.2886	2.416489e-01	-1.252569e-02	7.257863e-01	
4  3.15236	3.131071e-01	2.708945e-03	6.390935e-01	
3  2.54787	3.474815e-01	1.307864e-01	4.766417e-01	
3  2.66485	3.360755e-01	1.430067e-01	4.758274e-01	
5  2.17842	2.736334e-01	2.601672e-02	6.552594e-01	
12  2.38742	2.772445e-01	4.893872e-02	6.287264e-01	
3  2.7038	3.519169e-01	1.323257e-01	4.706670e-01	
4  1.93119	2.787126e-01	2.472130e-02	6.514757e-01	
2  5.18088	2.906959e-01	1.325744e-01	5.316393e-01	
1  1.90762	3.120828e-01	9.636404e-02	5.464627e-01	
3  2.23863	3.375393e-01	8.400364e-02	5.333666e-01	
10  2.16364	2.839990e-01	-4.936520e-03	6.758470e-01	
2  2.48002	3.101841e-01	1.371855e-02	6.310069e-01	
3  1.95184	3.210409e-01	5.206224e-02	5.818064e-01	
2  3.5559	3.603137e-01	9.784387e-02	4.967520e-01	
8  1.98806	2.886358e-01	4.570880e-03	6.617029e-01	
5  1.84678	2.865362e-01	1.145454e-02	6.569188e-01	
1  2.23426	3.332325e-01	1.237853e-01	4.978917e-01	
1  2.86506	2.848123e-01	8.055884e-02	5.895384e-01	
3  3.52723	2.531429e-01	-4.378142e-02	7.455480e-01	
5  2.9474	2.940895e-01	-1.795159e-02	6.787717e-01	
13  3.04231	3.366274e-01	4.886728e-02	5.694148e-01	
1  2.73837	2.911721e-01	8.996348e-02	5.737739e-01	
2  1.89202	3.205184e-01	5.409255e-02	5.802986e-01	
9  2.94076	3.113186e-01	4.434440e-03	6.391565e-01	
3  2.84204	3.540372e-01	1.412660e-01	4.596064e-01	
2  3.14163	3.519540e-01	1.621150e-01	4.408405e-01	
6  3.294	3.243969e-01	1.508155e-01	4.796971e-01	
23  2.40043	3.415182e-01	1.294984e-01	4.838929e-01	
6  3.05609	3.584583e-01	1.192918e-01	4.771595e-01	
2  2.54271	3.357488e-01	1.382813e-01	4.808794e-01	
9  1.97632	3.315192e-01	1.049974e-01	5.183929e-01	
2  2.35717	3.154905e-01	1.167839e-01	5.226351e-01	
2  1.88685	3.192772e-01	1.013944e-01	5.342380e-01	
4  2.46733	2.726530e-01	3.877966e-02	6.434769e-01	
3  1.96931	2.785798e-01	2.943797e-02	6.468918e-01	
25  1.63597	2.913340e-01	3.204925e-02	6.315263e-01	
8  1.94103	2.780085e-01	1.521535e-02	6.616857e-01	
3  2.15501	2.724302e-01	1.609014e-02	6.663892e-01	
7  3.21	3.544130e-01	1.639813e-01	4.365152e-01	
10  1.95685	3.278963e-01	1.071611e-01	5.198521e-01	
2  6.00387	3.165301e-01	1.854275e-01	4.529519e-01	
3  2.58795	3.225420e-01	3.200425e-02	6.003632e-01	
3  2.75973	3.456025e-01	8.232205e-02	5.269850e-01	
5  2.40804	2.914577e-01	8.169048e-02	5.817614e-01	
4  1.99349	3.127054e-01	1.007799e-01	5.414242e-01	
2  3.17311	3.618111e-01	1.444619e-01	4.486365e-01	
9  2.46871	3.432476e-01	9.016307e-02	5.214989e-01	
17  2.30968	3.157253e-01	1.155447e-01	5.236396e-01	
9  1.98834	3.211634e-01	5.051402e-02	5.832321e-01	
2  1.87959	2.856527e-01	4.765965e-02	6.215972e-01	
4  2.11631	2.792314e-01	-3.436235e-03	6.791144e-01	
5  1.57286	2.985124e-01	3.952892e-02	6.168682e-01	
1  2.30998	3.345555e-01	1.276918e-01	4.926623e-01	
5  2.43908	3.418816e-01	8.673330e-02	5.262946e-01	
3  2.18593	3.034961e-01	9.558282e-02	5.558306e-01	
3  1.85373	3.240005e-01	1.001857e-01	5.307234e-01	
4  1.64425	2.939440e-01	2.877318e-02	6.321924e-01	
4  2.52762	2.761952e-01	5.120767e-02	6.275067e-01	
8  1.88156	2.823993e-01	3.710888e-02	6.354014e-01	
2  3.91863	2.503102e-01	1.368896e-02	6.909103e-01	
1  2.96191	2.613588e-01	-3.097648e-02	7.245272e-01	
1  2.37308	2.948589e-01	8.699232e-02	5.730583e-01	
1  5.24848	2.595365e-01	6.844519e-02	6.269279e-01	
1  5.96845	2.527648e-01	6.244783e-02	6.396969e-01	
6  2.67751	3.029651e-01	1.086042e-01	5.433403e-01	
1  3.85852	2.850277e-01	1.013521e-01	5.685297e-01	
26  1.89201	2.800996e-01	1.405675e-02	6.607532e-01	
16  1.74974	2.857232e-01	3.536217e-02	6.338242e-01	
5  1.58009	2.958713e-01	3.890303e-02	6.201353e-01	
21  1.89188	3.213746e-01	5.620585e-02	5.773291e-01	
11  2.17835	3.113767e-01	2.446631e-02	6.190666e-01	
2  3.02149	3.563590e-01	1.100658e-01	4.884848e-01	
1  6.08899	3.543757e-01	2.792340e-02	5.726104e-01	
1  5.29153	2.360246e-01	-2.803634e-03	7.216886e-01	
17  3.22991	2.607268e-01	-4.046123e-02	7.346440e-01	
6  2.38687	2.709682e-01	-1.309000e-02	6.970314e-01	
1  1.96226	3.322677e-01	9.099209e-02	5.316498e-01	
9  2.79413	3.350349e-01	1.468900e-01	4.729846e-01	
2  2.05524	3.348057e-01	9.048127e-02	5.296225e-01	
2  2.60853	2.811794e-01	6.595128e-02	6.077789e-01	
15  1.61932	3.004258e-01	6.338768e-02	5.910961e-01	
9  1.84036	3.277892e-01	9.123670e-02	5.358836e-01	
3  3.86809	3.705201e-01	1.789067e-01	4.054828e-01	
1  3.00898	3.191939e-01	1.384529e-01	4.972628e-01	
10  1.65034	3.136524e-01	8.117764e-02	5.600795e-01	
2  1.77874	2.935817e-01	6.121069e-02	6.001171e-01	
1  2.44038	3.460137e-01	1.208766e-01	4.880193e-01	
9  1.80002	3.255442e-01	9.180003e-02	5.375654e-01	
6  2.03788	3.261217e-01	1.125507e-01	5.162372e-01	
1  2.36963	2.877205e-01	7.307944e-02	5.941096e-01	
1  3.38277	2.855007e-01	9.330534e-02	5.761035e-01	
3  3.48533	3.677465e-01	1.481912e-01	4.389718e-01	
3  2.19599	2.819544e-01	5.378369e-02	6.191715e-01	
13  2.60248	3.482796e-01	1.342588e-01	4.723712e-01	
2  2.49849	3.210614e-01	1.269882e-01	5.068600e-01	
3  3.01824	2.928993e-01	9.961780e-02	5.623924e-01	
4  1.85573	2.906513e-01	1.208300e-02	6.521753e-01	
3  3.22094	3.549732e-01	9.327175e-02	5.066646e-01	
10  2.68969	3.490795e-01	1.400839e-01	4.657462e-01	
1  3.16524	3.498090e-01	7.892139e-02	5.261792e-01	
5  1.564	2.994493e-01	4.155399e-02	6.139062e-01	
7  2.05947	2.921271e-01	7.141551e-02	5.913669e-01	
3  3.19358	3.397125e-01	5.183365e-02	5.633634e-01	
5  2.16525	2.717864e-01	9.619880e-03	6.735033e-01	
2  2.38177	3.224145e-01	1.245411e-01	5.079539e-01	
2  1.61944	2.977379e-01	3.294516e-02	6.242265e-01	
1  6.21125	2.352847e-01	1.556026e-02	7.040646e-01	
1  4.03234	2.523964e-01	-5.897700e-02	7.614902e-01	
2  2.70784	2.622549e-01	-1.816995e-02	7.108245e-01	
14  2.0246	2.778717e-01	3.463114e-03	6.735747e-01	
1  3.95787	2.512004e-01	-5.612239e-02	7.598315e-01	
3  4.1974	2.533685e-01	3.188766e-02	6.696534e-01	
9  2.22496	2.703696e-01	5.914947e-03	6.786250e-01	
9  2.10877	2.797847e-01	4.377783e-02	6.313470e-01	
5  3.48695	3.456466e-01	5.813876e-02	5.511242e-01	
9  2.5182	3.394850e-01	7.426459e-02	5.411600e-01	
13  3.26033	3.587416e-01	1.627030e-01	4.334649e-01	
1  2.62493	3.395480e-01	1.422645e-01	4.730971e-01	
2  2.42282	3.395108e-01	1.325029e-01	4.828958e-01	
16  2.47706	2.905854e-01	-1.029344e-02	6.746176e-01	
1  4.46501	3.649878e-01	8.339478e-02	5.065269e-01	
1  2.09169	3.065891e-01	9.686781e-02	5.514526e-01	
15  1.63067	2.988175e-01	6.139286e-02	5.946992e-01	
3  3.89087	2.904506e-01	-3.910821e-02	7.035672e-01	
5  2.73282	3.347117e-01	5.353335e-02	5.666645e-01	
2  2.38836	2.907302e-01	7.970488e-02	5.844745e-01	
3  2.20321	2.789040e-01	-7.608170e-03	6.836137e-01	
3  3.01422	2.862162e-01	8.688393e-02	5.818095e-01	
5  2.4101	2.769112e-01	4.889502e-02	6.291033e-01	
5  2.26401	3.263144e-01	5.036674e-02	5.782284e-01	
4  1.99222	3.178430e-01	4.318472e-02	5.938818e-01	
7  1.90979	2.795691e-01	2.682632e-02	6.485142e-01	
3  2.53417	3.288048e-01	4.642265e-02	5.796821e-01	
1  1.69271	3.090834e-01	8.123196e-02	5.645942e-01	
1  1.93684	3.127984e-01	3.591887e-02	6.061922e-01	
27  2.31127	2.691222e-01	-3.353120e-03	6.891405e-01	
4  2.83783	3.191937e-01	1.343050e-01	5.014109e-01	
2  2.39529	2.904681e-01	7.939867e-02	5.850428e-01	
3  3.90866	3.643375e-01	9.821125e-02	4.923608e-01	
8  2.79739	3.531123e-01	1.118256e-01	4.899716e-01	
5  3.96208	2.498190e-01	1.320295e-02	6.918876e-01	
12  1.97677	2.782226e-01	2.849685e-02	6.481901e-01	
2  2.16674	2.913141e-01	-3.367792e-04	6.639323e-01	
10  2.1528	2.960807e-01	4.670245e-03	6.541586e-01	
4  2.94478	2.985964e-01	-1.280150e-02	6.691147e-01	
39  2.17205	2.944470e-01	2.369746e-03	6.580928e-01	
8  2.37283	2.671686e-01	5.545473e-03	6.821955e-01	
16  1.57611	2.961139e-01	4.645116e-02	6.123445e-01	
7  1.80769	2.945137e-01	6.483959e-02	5.955563e-01	
1  2.70787	3.415334e-01	1.457952e-01	4.675809e-01	
1  1.72375	3.217094e-01	8.667486e-02	5.465253e-01	
1  3.41121	3.219122e-01	1.505436e-01	4.824537e-01	
5  2.06631	3.286541e-01	6.552170e-02	5.607338e-01	
2  2.14467	2.879624e-01	6.594346e-02	6.010037e-01	
11  2.72371	3.493247e-01	9.823495e-02	5.073499e-01	
4  3.39497	3.558059e-01	1.710680e-01	4.280356e-01	
1  3.16569	3.480776e-01	1.634858e-01	4.433462e-01	
7  1.97816	3.329457e-01	9.356490e-02	5.283989e-01	
6  2.31832	2.706223e-01	2.321835e-02	6.610689e-01	
10  1.60557	2.998634e-01	6.096408e-02	5.940820e-01	
5  1.53768	3.039129e-01	5.498079e-02	5.960158e-01	
8  4.40901	2.450959e-01	8.701843e-03	7.011118e-01	
7  3.16027	3.589181e-01	1.128166e-01	4.831748e-01	
2  3.86254	3.739762e-01	1.632362e-01	4.176972e-01	
2  2.77942	2.992805e-01	1.051902e-01	5.504388e-01	
8  1.54706	3.021491e-01	5.631062e-02	5.964498e-01	
5  1.61696	3.111569e-01	7.638260e-02	5.673701e-01	
4  1.77117	3.237950e-01	7.471185e-02	5.564027e-01	
14  1.90065	3.098368e-01	3.236085e-02	6.127119e-01	
3  2.31662	3.179741e-01	3.148765e-02	6.054478e-01	
2  1.67208	3.077337e-01	4.131240e-02	6.058634e-01	
1  2.00968	2.775274e-01	5.441346e-03	6.719408e-01	
2  1.58447	2.959682e-01	3.757629e-02	6.213651e-01	
1  1.74921	3.230565e-01	8.853723e-02	5.433159e-01	
14  1.72737	3.224207e-01	7.644797e-02	5.560409e-01	
4  3.1757	3.050892e-01	1.231133e-01	5.267070e-01	
4  2.88211	3.562244e-01	1.313083e-01	4.673768e-01	
1  2.13805	2.772839e-01	3.744111e-02	6.401845e-01	
1  2.28765	3.147921e-01	1.137889e-01	5.263285e-01	
6  1.77994	2.848515e-01	3.586103e-02	6.341970e-01	
4  2.65526	2.748983e-01	-2.458269e-02	7.045939e-01	
2  1.89251	3.073656e-01	2.874969e-02	6.187943e-01	
6  3.72033	2.953831e-01	1.178483e-01	5.416782e-01	
3  2.82836	3.444425e-01	1.506817e-01	4.597853e-01	
3  4.41144	3.822959e-01	1.583327e-01	4.142809e-01	
5  6.62427	3.808689e-01	7.931736e-02	4.947233e-01	
15  1.54044	3.054898e-01	5.447752e-02	5.949422e-01	
1  3.47949	3.511802e-01	7.253028e-02	5.311990e-01	
2  2.22489	3.373732e-01	1.208604e-01	4.966759e-01	
5  3.057	3.355260e-01	4.601445e-02	5.733691e-01	
26  3.3952	3.618564e-01	1.660367e-01	4.270164e-01	
2  1.96048	3.127567e-01	9.944196e-02	5.427109e-01	
6  2.72051	3.527503e-01	1.273449e-01	4.748143e-01	
2  1.80284	3.140876e-01	9.293832e-02	5.478836e-01	
1  1.948	2.943338e-01	1.047645e-02	6.500993e-01	
1  2.49893	3.423625e-01	1.352382e-01	4.773089e-01	
5  1.79154	2.959761e-01	6.688844e-02	5.920450e-01	
4  1.93533	3.023170e-01	1.980674e-02	6.327858e-01	
7  1.98435	2.887510e-01	6.109540e-02	6.050631e-01	
4  3.11902	3.222610e-01	1.445061e-01	4.881425e-01	
3  5.36566	3.483544e-01	2.691942e-02	5.796357e-01	
8  3.26706	3.623378e-01	1.236734e-01	4.688984e-01	
9  4.4957	2.539323e-01	4.020130e-02	6.607760e-01	
5  3.20597	3.101139e-01	1.310810e-01	5.137146e-01	
3  3.46972	3.337770e-01	3.248096e-02	5.886516e-01	
5  3.3011	2.680861e-01	5.227595e-02	6.345475e-01	
5  2.14422	2.828827e-01	5.397876e-02	6.180480e-01	
5  2.38222	2.839135e-01	-1.258750e-02	6.835835e-01	
2  2.58686	3.441243e-01	1.391465e-01	4.716388e-01	
1  4.57907	3.849088e-01	1.633350e-01	4.066657e-01	
23  3.93553	3.574453e-01	1.889408e-01	4.085234e-01	
6  4.12861	3.572339e-01	1.942197e-01	4.034560e-01	
1  2.47488	3.450569e-01	9.797272e-02	5.118800e-01	
11  1.70091	3.030957e-01	7.399894e-02	5.778149e-01	
3  2.07662	3.227063e-01	4.991924e-02	5.822840e-01	
10  2.00975	2.889782e-01	6.273682e-02	6.031946e-01	
1  1.75338	2.928232e-01	5.790155e-02	6.041848e-01	
13  1.55175	3.030731e-01	5.913839e-02	5.926981e-01	
18  1.62506	3.164243e-01	7.482404e-02	5.636613e-01	
1  1.7699	3.248257e-01	8.488647e-02	5.451974e-01	
2  2.2377	3.161200e-01	1.135898e-01	5.251998e-01	
4  3.42918	3.664858e-01	1.386455e-01	4.497782e-01	
3  2.73139	3.407002e-01	1.466921e-01	4.675172e-01	
1  2.68037	3.463124e-01	8.880744e-02	5.197897e-01	
2  5.18096	3.040492e-01	1.552266e-01	4.956338e-01	
1  4.01642	3.761277e-01	1.707601e-01	4.080217e-01	
11  2.14372	3.182105e-01	1.122918e-01	5.244072e-01	
1  1.92783	3.126381e-01	9.787719e-02	5.443943e-01	
17  1.75947	2.997890e-01	2.488434e-02	6.302362e-01	
2  1.95679	2.860876e-01	5.333529e-02	6.154867e-01	
9  1.93816	3.093562e-01	9.455729e-02	5.509960e-01	
17  1.99957	3.150380e-01	3.738555e-02	6.024860e-01	
15  1.66319	3.136077e-01	5.387921e-02	5.874226e-01	
14  1.85542	3.276277e-01	9.624186e-02	5.310400e-01	
1  2.88304	3.319421e-01	4.290627e-02	5.800612e-01	
4  3.05286	3.518935e-01	9.005304e-02	5.129630e-01	
10  2.55897	2.790668e-01	-2.038029e-02	6.962231e-01	
1  4.94546	2.370201e-01	-6.714802e-02	7.850374e-01	
1  3.84319	2.553676e-01	-5.553563e-02	7.550776e-01	
2  3.12725	3.383209e-01	5.041339e-02	5.661753e-01	
4  2.10363	3.368227e-01	9.682639e-02	5.212604e-01	
2  2.53922	3.277485e-01	1.340142e-01	4.931468e-01	
6  3.36003	3.534547e-01	8.292063e-02	5.185342e-01	
1  2.01423	3.303171e-01	7.432601e-02	5.502664e-01	
2  2.23196	3.256476e-01	1.214604e-01	5.078016e-01	
1  2.98155	2.565133e-01	-1.830367e-02	7.166999e-01	
10  2.68359	3.311045e-01	4.682166e-02	5.769834e-01	
1  6.26679	2.233604e-01	-3.739483e-02	7.689440e-01	
11  2.90775	2.574726e-01	-7.458255e-03	7.048952e-01	
6  2.76608	3.475807e-01	8.878714e-02	5.185417e-01	
1  3.57289	2.487704e-01	-1.099602e-02	7.171351e-01	
5  1.66769	2.959508e-01	2.736065e-02	6.315981e-01	
6  1.75519	3.206517e-01	9.208169e-02	5.421762e-01	
9  2.50921	3.467699e-01	1.285882e-01	4.795514e-01	
5  3.70288	3.675875e-01	1.200964e-01	4.672256e-01	
14  3.33743	3.643137e-01	1.540024e-01	4.365934e-01	
7  2.76487	3.089695e-01	1.195668e-01	5.263732e-01	
5  1.60047	2.991529e-01	5.898773e-02	5.967689e-01	
7  1.58683	3.058658e-01	6.831418e-02	5.807296e-01	
10  1.57095	2.972000e-01	4.928043e-02	6.084291e-01	
30  2.44251	2.677250e-01	1.872797e-02	6.684566e-01	
1  4.54481	2.600926e-01	5.791916e-02	6.368977e-01	
2  4.549	3.382571e-01	2.061495e-02	5.960375e-01	
1  3.98526	3.226766e-01	2.516279e-03	6.297167e-01	
13  1.61244	2.980825e-01	5.806340e-02	5.987636e-01	
2  2.63943	3.020187e-01	-1.738718e-03	6.546296e-01	
3  3.18089	3.620602e-01	1.431415e-01	4.497078e-01	
2  2.80339	3.072540e-01	1.180567e-01	5.295988e-01	
3  3.72977	3.712790e-01	1.643788e-01	4.192518e-01	
1  2.18467	3.387587e-01	1.132098e-01	5.029411e-01	
1  1.61688	2.927814e-01	3.380934e-02	6.283188e-01	
1  2.35479	2.686178e-01	1.582969e-02	6.704621e-01	
3  2.17528	2.718066e-01	1.418238e-02	6.689205e-01	
5  2.33267	3.106276e-01	1.850179e-02	6.257802e-01	
2  2.53357	2.953748e-01	9.238301e-02	5.671517e-01	
15  1.559	3.019849e-01	4.433377e-02	6.085909e-01	
5  1.5516	3.001702e-01	4.484859e-02	6.098908e-01	
4  2.92553	3.156929e-01	1.322691e-01	5.069475e-01	
1  6.06373	3.182124e-01	1.886423e-01	4.480549e-01	
4  5.78272	3.378391e-01	2.099889e-01	4.070815e-01	
3  3.34123	3.637647e-01	1.571584e-01	4.339865e-01	
4  4.32735	3.809682e-01	1.786016e-01	3.953397e-01	
3  2.67774	3.183395e-01	1.292003e-01	5.073697e-01	
12  2.77106	2.905302e-01	-1.766408e-02	6.820434e-01	
2  2.9665	2.857232e-01	-2.633691e-02	6.955232e-01	
26  3.78174	2.478108e-01	-4.437007e-02	7.514688e-01	
3  4.18024	3.287333e-01	9.488867e-03	6.166873e-01	
2  2.32719	3.390334e-01	8.336259e-02	5.325136e-01	
2  2.80957	3.011777e-01	1.089737e-01	5.447582e-01	
1  3.46006	3.580384e-01	9.385532e-02	5.030158e-01	
6  2.01657	2.856436e-01	1.924849e-03	6.673411e-01	
2  3.94356	2.616480e-01	5.005944e-02	6.432021e-01	
12  2.14344	3.191345e-01	3.964931e-02	5.961257e-01	
1  2.18362	3.311583e-01	6.621501e-02	5.575362e-01	
1  2.21647	2.744277e-01	3.203034e-02	6.484515e-01	
4  1.79123	2.837875e-01	3.201435e-02	6.391077e-01	
2  2.30577	2.694232e-01	1.550238e-02	6.699840e-01	
1  2.42982	2.733789e-01	-1.655884e-02	6.980895e-01	
3  1.60302	2.933858e-01	3.694073e-02	6.245830e-01	
5  2.16481	2.864205e-01	-3.784575e-03	6.722737e-01	
3  2.35908	2.690201e-01	1.856513e-02	6.673243e-01	
3  1.81648	2.861807e-01	1.374874e-02	6.549801e-01	
5  1.79221	3.031197e-01	2.727635e-02	6.245135e-01	
4  1.65633	3.010667e-01	6.763555e-02	5.862073e-01	
2  1.83533	3.252524e-01	7.227733e-02	5.573799e-01	
7  1.98075	3.165496e-01	1.040670e-01	5.342929e-01	
1  4.49501	3.587311e-01	6.608253e-02	5.300960e-01	
1  5.89886	3.957667e-01	2.354355e-01	3.237073e-01	
2  5.32822	3.952608e-01	1.759651e-01	3.836837e-01	
4  5.1711	2.909465e-01	1.328877e-01	5.310754e-01	
2  4.06217	2.739611e-01	8.213158e-02	5.988169e-01	
2  3.91726	2.504486e-01	1.417947e-02	6.902814e-01	
10  2.45859	2.799935e-01	-1.690834e-02	6.918244e-01	
9  2.57604	3.295423e-01	4.670761e-02	5.786596e-01	
3  1.85863	2.809209e-01	1.739195e-02	6.565967e-01	
1  2.51571	2.659640e-01	-1.328937e-02	7.022350e-01	
2  2.8108	2.781050e-01	6.448514e-02	6.123194e-01	
3  1.56032	2.984303e-01	4.250916e-02	6.139700e-01	
4  2.15382	3.080777e-01	1.010603e-01	5.457716e-01	
1  1.61812	3.133647e-01	5.846604e-02	5.830788e-01	
4  2.15109	3.245017e-01	1.173825e-01	5.130253e-01	
12  1.54672	3.062117e-01	5.344186e-02	5.952560e-01	
2  2.47274	3.407919e-01	8.076094e-02	5.333567e-01	
4  2.0781	3.177542e-01	1.092922e-01	5.278632e-01	
5  2.93833	2.677871e-01	4.126513e-02	6.458573e-01	
2  4.06168	3.043499e-01	1.384858e-01	5.120739e-01	
1  3.77828	3.578581e-01	8.231057e-02	5.147409e-01	
4  2.99071	3.575283e-01	1.202527e-01	4.771285e-01	
8  3.22502	3.307286e-01	3.188114e-02	5.922998e-01	
5  3.38707	3.491213e-01	6.974224e-02	5.360460e-01	
2  3.92336	3.738007e-01	1.397864e-01	4.413225e-01	
5  4.81053	3.756216e-01	2.134937e-01	3.657942e-01	
12  5.6303	3.495970e-01	2.527128e-02	5.800412e-01	
3  2.82386	3.299842e-01	1.443904e-01	4.805349e-01	
11  2.10873	3.308329e-01	1.168291e-01	5.072475e-01	
5  2.04342	3.106823e-01	1.004228e-01	5.438044e-01	
1  3.16661	3.151618e-01	1.370454e-01	5.027024e-01	
1  2.45247	3.278717e-01	1.311695e-01	4.958684e-01	
3  3.20579	3.053299e-01	1.241012e-01	5.254784e-01	
1  3.23649	2.997164e-01	1.159031e-01	5.392900e-01	
6  2.5058	3.387985e-01	7.277136e-02	5.433397e-01	
2  3.71192	3.372931e-01	3.442224e-02	5.831942e-01	
4  3.06118	3.279735e-01	3.030926e-02	5.966267e-01	
2  3.26239	3.235359e-01	1.761880e-02	6.137548e-01	
5  3.35292	2.546078e-01	-3.871540e-02	7.390171e-01	
5  3.00959	3.583263e-01	1.245340e-01	4.720492e-01	
1  1.6639	3.192219e-01	7.582477e-02	5.598629e-01	
4  2.17746	3.382901e-01	9.394298e-02	5.226764e-01	
3  2.55546	3.363613e-01	6.384410e-02	5.547042e-01	
1  2.57046	2.651979e-01	1.553829e-02	6.741734e-01	
3  1.57605	3.079251e-01	6.893283e-02	5.780516e-01	
1  2.66805	2.661971e-01	-2.277503e-02	7.114874e-01	
9  1.59877	2.968885e-01	5.360166e-02	6.044194e-01	
3  2.98274	2.562881e-01	-9.237636e-03	7.078591e-01	
1  1.9295	3.168365e-01	1.019215e-01	5.361516e-01	
3  1.80068	2.836271e-01	1.833175e-02	6.529507e-01	
3  3.27403	3.166871e-01	5.860145e-03	6.323623e-01	
2  2.28421	3.115861e-01	2.146739e-02	6.218561e-01	
2  3.36915	2.925129e-01	-2.795574e-02	6.903524e-01	
11  4.49431	3.210154e-01	-8.368855e-03	6.422630e-01	
2  3.11952	3.239285e-01	2.140513e-02	6.095759e-01	
5  2.8268	3.547799e-01	1.347687e-01	4.653610e-01	
3  4.78274	3.572368e-01	2.096542e-01	3.880186e-01	
12  3.51501	3.587273e-01	1.746725e-01	4.215097e-01	
2  3.92798	3.737113e-01	1.386906e-01	4.425076e-01	
1  4.54467	2.549590e-01	4.413034e-02	6.558202e-01	
3  3.2821	2.951744e-01	1.091700e-01	5.505652e-01	
1  3.54509	3.488879e-01	6.463151e-02	5.413902e-01	
2  2.22181	3.377592e-01	1.200775e-01	4.970728e-01	
8  1.62478	3.080727e-01	7.472134e-02	5.721155e-01	
10  1.8294	3.261041e-01	9.564986e-02	5.331556e-01	
7  1.89065	3.257762e-01	6.882670e-02	5.603066e-01	
12  2.23034	3.407375e-01	1.056943e-01	5.084778e-01	
6  1.66191	3.077960e-01	4.217211e-02	6.049414e-01	
2  3.12685	3.172746e-01	9.818604e-03	6.278163e-01	
2  6.4782	3.541937e-01	2.197279e-02	5.787430e-01	
26  2.38254	2.931060e-01	-5.311698e-03	6.671153e-01	
1  3.99486	2.882907e-01	1.099294e-01	5.566895e-01	
9  1.71473	3.217520e-01	8.426545e-02	5.488921e-01	
18  1.83561	3.124866e-01	4.008841e-02	6.023345e-01	
12  3.30619	2.530920e-01	-8.404069e-04	7.026579e-01	
1  1.7102	2.871187e-01	3.506974e-02	6.327211e-01	
3  2.43097	3.431106e-01	9.243163e-02	5.193673e-01	
11  1.61055	3.004413e-01	3.612909e-02	6.183392e-01	
9  1.65584	2.962267e-01	2.853537e-02	6.301475e-01	
6  1.67278	3.189244e-01	8.198478e-02	5.540004e-01	
18  1.74336	3.152637e-01	8.997060e-02	5.496752e-01	
3  2.63047	2.770788e-01	5.682192e-02	6.210088e-01	
5  2.76136	2.860927e-01	8.061781e-02	5.881991e-01	
13  2.51007	3.265580e-01	1.321715e-01	4.961800e-01	
14  2.16597	2.835526e-01	-5.201809e-03	6.765587e-01	
15  1.72806	3.170189e-01	5.662333e-02	5.812674e-01	
2  1.69911	3.202747e-01	7.068056e-02	5.639543e-01	
5  1.94433	3.214873e-01	5.350961e-02	5.799126e-01	
3  4.04537	3.440717e-01	1.852265e-01	4.256114e-01	
1  3.0497	2.902934e-01	9.552537e-02	5.690908e-01	
14  3.76197	3.293160e-01	1.659854e-01	4.596081e-01	
1  2.44597	3.199495e-01	3.119568e-02	6.037644e-01	
4  2.8597	2.583932e-01	-1.500675e-02	7.115231e-01	
4  2.96219	2.665627e-01	3.837593e-02	6.499709e-01	
4  2.90235	2.616451e-01	1.893054e-02	6.743339e-01	
2  2.72471	3.009761e-01	1.066305e-01	5.473030e-01	
11  3.08606	3.452571e-01	6.878457e-02	5.408679e-01	
7  2.23564	2.723756e-01	-5.082885e-03	6.876168e-01	
16  3.83813	3.251079e-01	9.189475e-03	6.206122e-01	
11  1.68508	2.978989e-01	2.755213e-02	6.294586e-01	
2  2.3847	3.291107e-01	5.226010e-02	5.735387e-01	
6  2.34381	2.750954e-01	4.094191e-02	6.388722e-01	
3  2.22059	3.112323e-01	2.286855e-02	6.208087e-01	
2  1.81695	2.833888e-01	1.640564e-02	6.551151e-01	
23  2.09044	3.316194e-01	1.153723e-01	5.079178e-01	
2  1.82443	3.270805e-01	9.076586e-02	5.370631e-01	
2  3.30597	3.287512e-01	2.624379e-02	5.999145e-01	
1  2.50074	2.902733e-01	8.204683e-02	5.825894e-01	
7  3.58275	3.221245e-01	8.815522e-03	6.239696e-01	
8  1.60789	3.055199e-01	4.299702e-02	6.063926e-01	
17  2.18828	2.788872e-01	4.509725e-02	6.309251e-01	
1  3.00237	2.961849e-01	-1.679745e-02	6.755221e-01	
1  4.168	2.576479e-01	4.388506e-02	6.533766e-01	
1  2.35552	3.426554e-01	1.233589e-01	4.888952e-01	
9  1.84579	2.815967e-01	2.852204e-02	6.447908e-01	
5  1.7151	2.950366e-01	6.023913e-02	5.996338e-01	
6  1.69629	3.154079e-01	8.627482e-02	5.532269e-01	
2  2.1935	3.226030e-01	1.178837e-01	5.144228e-01	
8  3.68447	3.576763e-01	1.811492e-01	4.160840e-01	
5  3.71525	3.706543e-01	1.373742e-01	4.468810e-01	
1  3.89809	3.429141e-01	1.811105e-01	4.308849e-01	
3  2.34918	2.677748e-01	-1.001009e-03	6.881358e-01	
5  3.09576	3.225933e-01	1.954114e-02	6.127751e-01	
14  2.30763	2.691478e-01	-2.975627e-03	6.887374e-01	
2  2.04734	3.303935e-01	7.210008e-02	5.524159e-01	
4  2.89816	3.267431e-01	3.189626e-02	5.962702e-01	
3  2.834	2.605981e-01	1.011754e-02	6.841939e-01	
6  2.84852	2.589471e-01	-1.772238e-02	7.136848e-01	
13  3.03919	2.838013e-01	-2.946110e-02	7.005694e-01	
5  2.60366	2.625824e-01	-4.300670e-03	6.966278e-01	
3  2.26037	3.114215e-01	2.193080e-02	6.215573e-01	
12  2.24164	2.849347e-01	6.274252e-02	6.072323e-01	
2  1.95565	3.316243e-01	8.707176e-02	5.362134e-01	
4  1.73184	3.221870e-01	7.382295e-02	5.588996e-01	
10  2.78237	3.539229e-01	1.323550e-01	4.686317e-01	
2  2.38089	2.759010e-01	4.491883e-02	6.340897e-01	
10  2.04877	3.004973e-01	1.323599e-02	6.411762e-01	
3  1.56911	2.971206e-01	4.840535e-02	6.093836e-01	
4  1.88009	2.992783e-01	1.841407e-02	6.372171e-01	
12  2.1566	2.769192e-01	-4.729509e-03	6.827199e-01	
3  3.14448	2.903978e-01	-2.579668e-02	6.903084e-01	
3  2.97201	2.678998e-01	-3.461773e-02	7.216275e-01	
9  3.36262	3.566073e-01	9.291845e-02	5.053838e-01	
6  3.22686	3.519399e-01	1.655380e-01	4.374316e-01	
7  2.58361	3.454828e-01	9.145466e-02	5.179721e-01	
2  2.28235	3.377659e-01	8.168323e-02	5.354604e-01	
1  3.21097	2.868258e-01	9.236791e-02	5.757158e-01	
7  1.86112	3.284388e-01	9.409326e-02	5.323775e-01	
5  2.30925	3.301076e-01	5.760907e-02	5.671929e-01	
4  1.79423	3.251790e-01	7.791054e-02	5.518200e-01	
3  2.11221	3.008482e-01	1.148444e-02	6.425769e-01	
2  2.74832	2.996499e-01	1.050543e-01	5.502054e-01	
2  3.29819	3.600154e-01	1.090409e-01	4.858533e-01	
5  3.82113	2.761513e-01	8.248203e-02	5.962762e-01	
1  3.66083	3.057784e-01	1.336330e-01	5.154982e-01	
8  2.06085	2.777100e-01	3.388856e-02	6.433110e-01	
5  8.62569	2.754259e-01	1.440737e-01	5.354099e-01	
6  6.67763	2.501204e-01	6.571378e-02	6.390754e-01	
6  1.87274	2.861953e-01	9.750771e-03	6.589635e-01	
26  1.70896	3.166122e-01	5.722454e-02	5.810728e-01	
2  2.67812	3.513866e-01	1.311564e-01	4.723666e-01	
9  2.91443	3.559327e-01	1.420452e-01	4.569317e-01	
27  1.91368	3.306830e-01	9.472993e-02	5.294967e-01	
2  2.94853	3.575869e-01	1.311863e-01	4.661363e-01	
4  2.93137	2.576346e-01	-1.977929e-02	7.170543e-01	
1  2.20917	3.190222e-01	3.704237e-02	5.988450e-01	
17  1.97884	3.289786e-01	7.245534e-02	5.534756e-01	
9  1.68384	2.932409e-01	5.358317e-02	6.080855e-01	
2  1.713	2.972049e-01	6.456875e-02	5.931359e-01	
1  1.58696	2.947799e-01	4.354654e-02	6.165831e-01	
2  2.38965	2.917751e-01	8.175887e-02	5.813756e-01	
3  2.06638	2.992183e-01	1.108466e-02	6.446066e-01	
7  1.7636	2.844366e-01	2.375186e-02	6.467211e-01	
9  1.69638	2.931916e-01	5.454277e-02	6.071752e-01	
1  5.51281	3.106698e-01	-3.745115e-02	6.816909e-01	
7  2.9926	3.114577e-01	1.283063e-01	5.151455e-01	
1  1.89848	3.100264e-01	3.277340e-02	6.121098e-01	
4  1.72383	2.883648e-01	2.146519e-02	6.450795e-01	
2  2.27132	2.831461e-01	-9.302278e-03	6.810657e-01	
2  2.77	2.776808e-01	-2.692509e-02	7.041538e-01	
10  2.14211	2.753654e-01	-2.489799e-03	6.820339e-01	
27  2.92014	3.192015e-01	1.363430e-01	4.993651e-01	
1  4.92723	3.235732e-01	1.797055e-01	4.516308e-01	
2  4.99904	3.853579e-01	2.121099e-01	3.574417e-01	
1  4.34298	3.718323e-01	1.085391e-01	4.745382e-01	
2  8.73503	4.065249e-01	1.101947e-01	4.381900e-01	
2  2.44379	3.447413e-01	1.274094e-01	4.827589e-01	
1  4.32391	3.676704e-01	9.532327e-02	4.919158e-01	
4  2.8117	2.846211e-01	7.885348e-02	5.914350e-01	
3  1.94271	3.289000e-01	7.532738e-02	5.506822e-01	
1  1.55751	2.979660e-01	4.522340e-02	6.117201e-01	
7  1.8265	2.841724e-01	1.413248e-02	6.566047e-01	
7  1.54444	3.011091e-01	5.288667e-02	6.009138e-01	
4  2.30558	2.955228e-01	8.617225e-02	5.732145e-01	
1  3.24888	3.538210e-01	1.659004e-01	4.351882e-01	
4  4.77811	3.868694e-01	1.942116e-01	3.738285e-01	
2  6.14936	3.880093e-01	2.482519e-01	3.186484e-01	
3  5.15443	3.109539e-01	1.655164e-01	4.784393e-01	
7  4.09968	3.424359e-01	1.851328e-01	4.273409e-01	
3  3.71303	3.557965e-01	7.836507e-02	5.207480e-01	
7  3.76539	2.880505e-01	1.054554e-01	5.614037e-01	
22  2.62304	2.959600e-01	-8.579492e-03	6.675290e-01	
10  2.07616	3.205783e-01	4.527577e-02	5.890555e-01	
18  1.99256	3.201891e-01	1.074655e-01	5.272549e-01	
1  2.99904	2.783622e-01	6.989884e-02	6.066485e-01	
2  4.83453	2.383922e-01	-6.604562e-03	7.231219e-01	
2  2.83274	2.631214e-01	-2.718829e-02	7.189764e-01	
1  4.46326	3.497411e-01	1.982166e-01	4.069518e-01	
17  3.08808	3.543203e-01	1.582149e-01	4.423744e-01	
4  1.98907	3.070356e-01	9.364078e-02	5.542332e-01	
6  1.6916	2.957174e-01	6.000274e-02	5.991894e-01	
35  1.79521	2.900358e-01	5.394093e-02	6.109328e-01	
19  1.56525	2.989006e-01	4.113977e-02	6.148692e-01	
2  2.25976	2.813125e-01	5.470157e-02	6.188955e-01	
1  2.44719	2.815115e-01	-1.588451e-02	6.892826e-01	
3  4.28197	2.915916e-01	-4.399726e-02	7.073152e-01	
4  2.85759	2.602114e-01	9.655271e-03	6.850428e-01	
1  2.36363	2.944970e-01	-3.379517e-03	6.637920e-01	
3  1.78855	2.832880e-01	2.387170e-02	6.477498e-01	
5  4.25754	2.400184e-01	-3.287829e-02	7.477695e-01	
1  4.94471	2.702825e-01	-7.159929e-02	7.562263e-01	
1  3.59813	2.576846e-01	-4.997660e-02	7.472016e-01	
5  2.07887	2.768332e-01	3.180529e-02	6.462711e-01	
2  1.8429	3.149291e-01	4.445336e-02	5.955271e-01	
1  1.80669	3.088793e-01	8.781348e-02	5.582167e-01	
4  1.77468	2.853337e-01	1.861270e-02	6.509632e-01	
3  2.82175	3.390203e-01	6.118453e-02	5.547048e-01	
1  2.70388	2.743988e-01	5.224154e-02	6.282692e-01	
3  3.60844	3.178395e-01	1.495443e-01	4.875257e-01	
1  2.02472	3.252067e-01	1.115872e-01	5.181156e-01	
11  1.66931	3.071435e-01	7.735962e-02	5.704065e-01	
1  2.16727	3.076949e-01	1.009968e-01	5.462178e-01	
1  3.11053	3.396687e-01	1.590301e-01	4.562107e-01	
1  2.06682	3.276106e-01	1.144347e-01	5.128642e-01	
14  1.6021	3.102336e-01	5.255899e-02	5.921169e-01	
2  1.6982	3.211453e-01	8.100378e-02	5.527605e-01	
12  1.71431	2.871904e-01	3.649683e-02	6.312223e-01	
3  1.66716	3.019482e-01	3.315618e-02	6.198052e-01	
7  1.56373	3.075624e-01	6.658872e-02	5.807585e-01	
7  1.88482	3.286418e-01	9.849086e-02	5.277768e-01	
1  1.63364	2.912506e-01	3.314296e-02	6.305160e-01	
23  1.63254	2.925397e-01	4.543426e-02	6.169356e-01	
1  2.64846	2.994530e-01	1.022856e-01	5.531710e-01	
7  1.74126	3.146637e-01	5.001724e-02	5.902286e-01	
7  2.13975	3.374011e-01	9.393177e-02	5.235767e-01	
9  2.08343	2.739030e-01	1.005338e-02	6.709531e-01	
4  2.43753	2.884735e-01	-1.102473e-02	6.774607e-01	
7  1.98019	2.771875e-01	1.055113e-02	6.671709e-01	
3  1.97781	3.108872e-01	3.089148e-02	6.131309e-01	
1  1.85169	3.140544e-01	9.559848e-02	5.452567e-01	
1  1.83457	3.275626e-01	9.074643e-02	5.366005e-01	
5  1.63877	2.985151e-01	3.172004e-02	6.246744e-01	
9  1.75687	3.221413e-01	6.959078e-02	5.631774e-01	
2  1.87913	3.231534e-01	6.173703e-02	5.700191e-01	
1  1.98955	2.954014e-01	7.500284e-02	5.845054e-01	
3  2.42348	2.799836e-01	5.732980e-02	6.175961e-01	
12  2.39526	3.108029e-01	1.698856e-02	6.271181e-01	
1  2.60758	2.705720e-01	3.802177e-02	6.463158e-01	
1  3.37184	3.357468e-01	1.633495e-01	4.558132e-01	
4  3.48865	3.189846e-01	1.486123e-01	4.873127e-01	
6  4.96578	3.727868e-01	9.289473e-02	4.892280e-01	
5  2.5801	2.812475e-01	6.527708e-02	6.083850e-01	
1  2.71442	2.945131e-01	9.547385e-02	5.649226e-01	
4  2.76933	2.945258e-01	9.682747e-02	5.635563e-01	
3  2.98546	3.550600e-01	1.510840e-01	4.487655e-01	
4  2.41088	3.202146e-01	3.274634e-02	6.019486e-01	
1  2.44868	3.272624e-01	1.306235e-01	4.970236e-01	
1  3.74191	2.802429e-01	8.965530e-02	5.850114e-01	
2  3.61292	3.073896e-01	-1.420456e-02	6.617245e-01	
8  4.65263	2.363770e-01	-4.894244e-02	7.674750e-01	
