3  20.163	3.427043e-01	-1.109987e-01	7.232040e-01	
2  3.18815	2.926386e-01	-2.438388e-02	6.866548e-01	
10  2.83479	3.512971e-01	9.939159e-02	5.042208e-01	
3  2.90959	2.576290e-01	-4.425964e-03	7.017065e-01	
5  4.28705	2.852265e-01	-5.037743e-02	7.200605e-01	
2  4.6392	2.445204e-01	1.304838e-02	6.973408e-01	
2  2.86701	3.000227e-01	-9.417443e-03	6.643043e-01	
6  2.66517	3.342614e-01	5.465523e-02	5.659929e-01	
1  2.54408	2.653967e-01	-1.406486e-02	7.035777e-01	
5  2.51767	2.781050e-01	-1.945633e-02	6.962609e-01	
23  2.44716	3.369385e-01	6.998659e-02	5.479844e-01	
2  2.7679	3.355607e-01	5.443320e-02	5.649157e-01	
4  3.00379	3.052014e-01	1.196058e-01	5.301023e-01	
12  1.82974	3.274100e-01	8.640612e-02	5.410934e-01	
20  2.34257	3.360962e-01	7.254920e-02	5.462641e-01	
2  2.77624	2.768318e-01	6.050272e-02	6.175750e-01	
5  2.32432	2.688005e-01	1.342278e-02	6.726863e-01	
7  5.05934	3.021486e-01	1.504381e-01	5.023228e-01	
4  4.222	2.543967e-01	-6.418253e-02	7.646954e-01	
3  4.17757	2.526193e-01	-6.266213e-02	7.649523e-01	
8  2.38512	2.730947e-01	3.650351e-02	6.453113e-01	
1  2.29531	3.396856e-01	8.841457e-02	5.268094e-01	
3  2.06439	3.312645e-01	1.136795e-01	5.099656e-01	
1  1.57249	2.967179e-01	4.788315e-02	6.103085e-01	
5  2.03325	2.821639e-01	4.674202e-02	6.260036e-01	
16  2.26185	3.021892e-01	9.598435e-02	5.567360e-01	
6  1.58576	3.050632e-01	6.719239e-02	5.826540e-01	
1  2.34903	3.395085e-01	1.279206e-01	4.874805e-01	
7  2.18352	3.353491e-01	7.970856e-02	5.398519e-01	
11  3.35868	3.456386e-01	1.690157e-01	4.402553e-01	
1  4.02487	3.713062e-01	1.196856e-01	4.639177e-01	
2  4.02878	3.598296e-01	8.063444e-02	5.144455e-01	
8  2.90172	2.798926e-01	7.092815e-02	6.040888e-01	
1  4.8445	3.587631e-01	2.118050e-01	3.843415e-01	
2  5.59164	3.978788e-01	2.132340e-01	3.437967e-01	
8  4.43023	3.821720e-01	1.836275e-01	3.891101e-01	
3  3.37682	3.397625e-01	4.725502e-02	5.678920e-01	
9  1.6062	2.982842e-01	3.474006e-02	6.218852e-01	
12  1.72974	3.226501e-01	8.481858e-02	5.474409e-01	
1  2.39665	2.893344e-01	-9.150136e-03	6.747253e-01	
1  2.00034	3.021131e-01	1.702589e-02	6.357706e-01	
2  2.89113	3.562761e-01	1.350413e-01	4.635921e-01	
1  2.11843	3.147337e-01	3.226196e-02	6.079139e-01	
18  2.53333	2.655811e-01	-1.369347e-02	7.030219e-01	
4  2.52635	2.739172e-01	4.489978e-02	6.360926e-01	
3  2.10137	3.014367e-01	1.258530e-02	6.408875e-01	
1  2.65694	3.240620e-01	3.301462e-02	5.978329e-01	
7  3.2429	3.585654e-01	1.619424e-01	4.344017e-01	
2  2.9939	3.369972e-01	1.541245e-01	4.637878e-01	
4  2.93077	3.536819e-01	1.496785e-01	4.515491e-01	
2  2.98485	2.902195e-01	9.395265e-02	5.707374e-01	
2  3.20241	3.528206e-01	8.682406e-02	5.152649e-01	
1  2.99152	2.922947e-01	9.793464e-02	5.646802e-01	
2  3.48426	3.408078e-01	1.698138e-01	4.442879e-01	
6  2.53422	3.456850e-01	1.337774e-01	4.754472e-01	
5  2.24158	2.894551e-01	7.253402e-02	5.929204e-01	
3  2.53811	3.353896e-01	6.196597e-02	5.575540e-01	
4  2.57166	3.487862e-01	1.101959e-01	4.959275e-01	
10  2.64942	3.264807e-01	3.802592e-02	5.904029e-01	
7  1.95082	3.177776e-01	4.493120e-02	5.922007e-01	
8  1.57735	3.024384e-01	6.229858e-02	5.901726e-01	
3  2.14745	2.768218e-01	-4.140063e-03	6.822278e-01	
7  3.12104	2.600127e-01	-3.610320e-02	7.310001e-01	
1  1.55726	2.988990e-01	4.325860e-02	6.127519e-01	
2  3.03053	3.294376e-01	1.495321e-01	4.759398e-01	
2  1.87526	3.290325e-01	9.467455e-02	5.312025e-01	
7  3.02178	3.172212e-01	1.197785e-02	6.257105e-01	
2  2.43382	2.809832e-01	6.010548e-02	6.138209e-01	
2  2.32122	3.078687e-01	1.462704e-02	6.324138e-01	
2  4.01722	3.517599e-01	5.986408e-02	5.432855e-01	
6  1.6317	3.167585e-01	7.625297e-02	5.618981e-01	
9  2.39927	2.930804e-01	8.449935e-02	5.773298e-01	
3  1.80597	3.251473e-01	9.393339e-02	5.358288e-01	
6  1.90324	3.149563e-01	4.148170e-02	5.984715e-01	
4  2.39129	2.700441e-01	2.570192e-02	6.591635e-01	
7  1.56278	3.042291e-01	6.291941e-02	5.877611e-01	
3  1.694	3.083073e-01	8.046902e-02	5.661332e-01	
7  1.59645	2.971485e-01	3.536435e-02	6.223967e-01	
26  1.91965	3.177831e-01	4.644349e-02	5.906829e-01	
1  2.27168	3.416077e-01	1.030429e-01	5.102590e-01	
1  1.92228	3.308671e-01	9.684881e-02	5.271936e-01	
8  2.75725	3.497751e-01	9.791657e-02	5.072179e-01	
1  3.56165	3.665975e-01	1.672548e-01	4.210572e-01	
1  3.73552	3.447849e-01	5.003154e-02	5.600931e-01	
9  3.2758	3.113787e-01	-2.337591e-03	6.458684e-01	
2  1.96597	2.922512e-01	6.784951e-02	5.948088e-01	
2  2.13942	2.830845e-01	5.428620e-02	6.175389e-01	
3  1.64759	3.181491e-01	7.585538e-02	5.609051e-01	
2  1.82222	2.929694e-01	6.238745e-02	5.995527e-01	
1  1.78528	3.198956e-01	5.963638e-02	5.753776e-01	
27  1.59286	2.990649e-01	3.686036e-02	6.189843e-01	
8  1.73335	3.114782e-01	4.397907e-02	5.994523e-01	
6  2.69553	3.437827e-01	7.941986e-02	5.317069e-01	
6  2.67959	3.474684e-01	9.331360e-02	5.141275e-01	
6  2.99605	3.398583e-01	1.556628e-01	4.593885e-01	
1  2.05563	3.195601e-01	1.098784e-01	5.254710e-01	
14  2.68533	3.423928e-01	1.447754e-01	4.677414e-01	
1  2.37971	3.421119e-01	9.215354e-02	5.206441e-01	
2  2.03578	3.289564e-01	6.829998e-02	5.576532e-01	
2  3.15279	2.868734e-01	9.122572e-02	5.768104e-01	
5  2.40914	3.118537e-01	1.139895e-01	5.290664e-01	
1  2.92569	3.571261e-01	1.309255e-01	4.668579e-01	
1  3.85458	3.652974e-01	1.035650e-01	4.860471e-01	
3  4.40256	3.776757e-01	1.955695e-01	3.816644e-01	
3  4.57809	2.579725e-01	5.300289e-02	6.439341e-01	
11  1.96141	3.080825e-01	9.391631e-02	5.529108e-01	
9  1.54145	3.055351e-01	5.399895e-02	5.953755e-01	
6  1.8919	3.290470e-01	9.852853e-02	5.273340e-01	
12  1.96291	2.849828e-01	4.414891e-03	6.655118e-01	
6  1.65496	3.120964e-01	5.114712e-02	5.916660e-01	
2  2.84695	3.192937e-01	1.944950e-02	6.161663e-01	
1  3.60095	3.091339e-01	-1.157155e-02	6.573472e-01	
2  3.57288	3.278344e-01	1.900832e-02	6.080669e-01	
3  3.98542	3.478870e-01	5.145959e-02	5.555629e-01	
9  1.94364	2.828910e-01	4.359588e-02	6.284226e-01	
9  2.54896	2.802517e-01	6.202459e-02	6.126333e-01	
1  2.67902	3.513842e-01	1.313475e-01	4.721778e-01	
1  2.32855	2.983319e-01	9.173953e-02	5.648381e-01	
8  2.3521	3.086518e-01	1.081164e-01	5.381413e-01	
5  2.81147	3.171110e-01	1.656823e-02	6.212303e-01	
5  2.24577	3.398782e-01	1.181453e-01	4.968860e-01	
3  1.82046	3.163473e-01	4.867644e-02	5.898858e-01	
4  2.99529	3.281271e-01	3.219519e-02	5.945873e-01	
4  2.31975	3.375146e-01	1.274172e-01	4.899778e-01	
5  2.89803	3.120084e-01	1.268778e-01	5.160234e-01	
11  2.69137	3.474080e-01	9.234442e-02	5.151571e-01	
17  1.85608	2.835693e-01	3.916957e-02	6.321707e-01	
1  4.08073	3.338242e-01	2.046468e-02	6.006207e-01	
5  2.48532	3.224236e-01	3.474155e-02	5.977444e-01	
7  3.19014	3.474342e-01	1.642529e-01	4.432224e-01	
7  2.91381	3.563321e-01	1.396940e-01	4.588834e-01	
3  1.97435	3.192863e-01	1.059658e-01	5.296574e-01	
15  2.02548	3.284788e-01	1.119262e-01	5.145045e-01	
13  1.68207	2.988151e-01	6.552237e-02	5.905720e-01	
1  2.42722	2.799857e-01	5.746189e-02	6.174620e-01	
1  5.07432	3.418714e-01	1.889588e-02	5.941422e-01	
5  3.24092	3.390888e-01	4.916299e-02	5.666577e-01	
1  2.14186	3.233705e-01	4.861552e-02	5.829235e-01	
2  3.10486	3.105709e-01	-1.304938e-04	6.444691e-01	
10  1.686	2.889207e-01	2.621297e-02	6.397759e-01	
2  1.93537	3.120474e-01	3.464476e-02	6.082174e-01	
13  1.95685	2.914133e-01	6.570087e-02	5.977954e-01	
4  2.04066	2.842142e-01	5.270557e-02	6.179898e-01	
6  1.70441	3.210728e-01	7.385854e-02	5.599782e-01	
2  1.76186	3.242284e-01	7.974648e-02	5.509347e-01	
7  2.08819	3.329322e-01	7.797655e-02	5.440008e-01	
4  1.54008	3.020326e-01	5.024263e-02	6.026343e-01	
2  2.6081	2.775523e-01	5.730879e-02	6.200485e-01	
1  2.53505	2.763552e-01	-2.046997e-02	6.990243e-01	
6  2.58591	2.748046e-01	4.948171e-02	6.306232e-01	
2  2.40113	3.188801e-01	1.218055e-01	5.142240e-01	
1  1.82155	3.252532e-01	7.393596e-02	5.557204e-01	
10  1.58397	3.003340e-01	3.900007e-02	6.155755e-01	
1  3.46928	3.643323e-01	1.187865e-01	4.717908e-01	
1  3.02809	3.322449e-01	3.971980e-02	5.829448e-01	
13  1.79223	3.173470e-01	9.452226e-02	5.430403e-01	
5  1.93935	3.082340e-01	9.319500e-02	5.534805e-01	
9  1.71948	3.164980e-01	5.600965e-02	5.824019e-01	
8  1.97183	3.142300e-01	1.014704e-01	5.392091e-01	
4  2.08399	3.357042e-01	9.164737e-02	5.275579e-01	
4  3.3528	3.172645e-01	1.436763e-01	4.939687e-01	
5  2.14919	2.724564e-01	4.822046e-03	6.776311e-01	
4  1.56998	3.045829e-01	4.594898e-02	6.043777e-01	
9  3.03399	3.218652e-01	1.962951e-02	6.134148e-01	
1  5.60574	3.627072e-01	5.356934e-02	5.386330e-01	
1  6.42694	2.296047e-01	-7.422176e-04	7.260471e-01	
17  2.31041	2.702718e-01	2.088291e-02	6.637548e-01	
4  2.05234	3.288737e-01	1.136010e-01	5.124349e-01	
11  2.47364	3.240352e-01	3.828737e-02	5.925869e-01	
1  2.39058	3.097332e-01	1.546387e-02	6.297125e-01	
7  2.19959	2.709671e-01	9.036128e-03	6.749063e-01	
2  3.92741	3.101418e-01	-1.568136e-02	6.604491e-01	
1  2.44056	2.924834e-01	8.457015e-02	5.778560e-01	
3  2.95225	3.045279e-01	-5.465179e-03	6.558468e-01	
3  2.43475	3.062179e-01	9.082605e-03	6.396090e-01	
2  2.53009	3.169025e-01	2.333579e-02	6.146713e-01	
3  5.76264	3.373016e-01	4.999875e-04	6.171080e-01	
7  2.78358	2.599965e-01	1.516269e-03	6.933968e-01	
17  1.55083	3.060409e-01	5.191634e-02	5.969523e-01	
4  1.6273	3.022734e-01	6.726622e-02	5.853700e-01	
8  1.85536	2.932952e-01	6.483222e-02	5.967821e-01	
1  1.78619	2.838873e-01	2.025310e-02	6.507691e-01	
1  3.49493	2.515386e-01	1.780030e-03	7.015909e-01	
7  3.62212	3.487875e-01	6.232556e-02	5.437965e-01	
2  2.37096	3.441677e-01	1.190131e-01	4.917288e-01	
2  1.90337	3.203926e-01	5.314617e-02	5.813708e-01	
2  3.03644	3.318707e-01	1.517372e-01	4.713017e-01	
8  2.08498	3.144173e-01	3.291453e-02	6.075777e-01	
2  2.02798	2.829983e-01	4.881513e-02	6.230961e-01	
3  2.18653	3.360549e-01	1.192518e-01	4.996028e-01	
4  1.89748	2.908707e-01	1.008088e-02	6.539580e-01	
1  1.72528	3.218438e-01	8.666396e-02	5.464018e-01	
2  2.88196	3.501578e-01	1.509087e-01	4.538431e-01	
2  3.89961	3.347806e-01	1.742662e-01	4.458628e-01	
1  7.84899	4.212748e-01	1.862107e-01	3.474241e-01	
3  10.5621	3.136745e-01	2.310274e-01	4.102076e-01	
1  3.22856	3.628562e-01	1.461419e-01	4.459115e-01	
6  3.29898	3.283829e-01	1.550645e-01	4.714621e-01	
8  3.72367	3.699562e-01	1.700308e-01	4.149226e-01	
4  5.60576	3.184287e-01	1.827388e-01	4.537421e-01	
2  4.99376	3.825955e-01	1.248428e-01	4.474712e-01	
1  4.55626	3.785278e-01	2.017152e-01	3.746666e-01	
11  3.99078	3.747829e-01	1.755302e-01	4.045964e-01	
3  3.27028	3.554329e-01	1.660824e-01	4.333943e-01	
23  2.6631	3.438081e-01	1.433844e-01	4.677171e-01	
5  1.55779	2.985767e-01	4.329839e-02	6.130344e-01	
4  2.05551	2.905238e-01	6.797580e-02	5.964100e-01	
1  1.75968	2.994561e-01	7.156647e-02	5.838870e-01	
4  1.82031	3.016918e-01	2.404300e-02	6.291747e-01	
2  1.54727	3.038463e-01	5.926856e-02	5.917947e-01	
22  1.92233	3.269671e-01	7.017042e-02	5.577720e-01	
2  2.63638	2.885535e-01	-1.622920e-02	6.825853e-01	
8  4.2208	3.411696e-01	3.220238e-02	5.815375e-01	
2  1.68278	3.174372e-01	8.501547e-02	5.524568e-01	
5  2.01542	2.917741e-01	6.895040e-02	5.941851e-01	
8  1.75004	3.121813e-01	4.429350e-02	5.984347e-01	
3  7.38563	3.935627e-01	9.896168e-02	4.623852e-01	
12  1.61304	3.135376e-01	5.978222e-02	5.815897e-01	
1  2.06086	2.745316e-01	1.042455e-02	6.699534e-01	
1  1.74249	2.890903e-01	4.730867e-02	6.185105e-01	
7  1.83853	3.050292e-01	2.768598e-02	6.221944e-01	
11  1.73209	2.858212e-01	2.578634e-02	6.433020e-01	
1  1.63473	3.169571e-01	7.665029e-02	5.613022e-01	
5  3.52232	2.491909e-01	-1.229272e-02	7.180113e-01	
7  2.96311	2.624076e-01	-3.207509e-02	7.245770e-01	
2  4.85937	2.444683e-01	1.839436e-02	6.920469e-01	
1  3.88111	2.631438e-01	5.269857e-02	6.390672e-01	
5  3.7825	3.701542e-01	1.281889e-01	4.565664e-01	
6  3.47011	3.478495e-01	6.404829e-02	5.430118e-01	
2  1.74672	2.926152e-01	5.696269e-02	6.053316e-01	
2  2.15414	2.804352e-01	4.790232e-02	6.265720e-01	
7  2.92167	2.797498e-01	-2.962721e-02	7.047870e-01	
2  3.25867	2.696789e-01	-4.196811e-02	7.271988e-01	
2  2.68792	2.825030e-01	-2.212451e-02	6.945310e-01	
3  3.38965	2.998714e-01	1.192038e-01	5.358343e-01	
7  1.67376	3.043217e-01	3.585629e-02	6.147315e-01	
1  2.16277	3.379211e-01	9.375478e-02	5.232336e-01	
1  3.28151	3.225998e-01	1.557752e-02	6.167322e-01	
13  1.72939	2.888797e-01	4.538827e-02	6.206416e-01	
6  3.16768	3.447618e-01	1.629065e-01	4.472412e-01	
1  3.7455	3.669917e-01	1.150459e-01	4.728719e-01	
1  3.84199	3.725275e-01	1.708496e-01	4.115325e-01	
3  4.94273	3.371761e-01	1.959680e-01	4.217654e-01	
6  2.27093	3.338172e-01	6.939279e-02	5.516996e-01	
6  1.63757	2.978240e-01	3.126337e-02	6.258222e-01	
11  2.32573	2.833402e-01	-1.107506e-02	6.826444e-01	
5  2.64028	2.619161e-01	-4.258950e-03	6.972524e-01	
1  2.09894	2.875274e-01	6.320790e-02	6.041742e-01	
14  1.54615	3.022553e-01	4.753199e-02	6.051222e-01	
4  2.72968	2.603533e-01	-5.606816e-03	7.001631e-01	
2  3.51498	3.512925e-01	7.178135e-02	5.318357e-01	
2  3.04839	3.162813e-01	1.358438e-01	5.027844e-01	
6  2.84424	3.482841e-01	1.502417e-01	4.563837e-01	
5  2.28971	3.411665e-01	1.197972e-01	4.939458e-01	
2  3.33444	3.131342e-01	1.379000e-01	5.038753e-01	
2  2.34932	3.373996e-01	1.292160e-01	4.882939e-01	
5  3.53775	3.081742e-01	1.349105e-01	5.118248e-01	
11  1.79074	2.885215e-01	1.540594e-02	6.509821e-01	
18  2.39804	2.881733e-01	7.488459e-02	5.918517e-01	
2  1.72947	3.220027e-01	8.714729e-02	5.457595e-01	
11  2.18934	3.289716e-01	5.998743e-02	5.659505e-01	
1  3.53341	3.312641e-01	2.621069e-02	5.974347e-01	
1  2.39393	2.712091e-01	-1.369707e-02	6.973976e-01	
14  2.20538	2.809806e-01	5.164648e-02	6.222824e-01	
8  3.20042	2.561324e-01	9.361268e-03	6.894159e-01	
9  2.72714	3.358598e-01	5.646413e-02	5.625856e-01	
5  2.16394	2.852720e-01	6.060772e-02	6.090298e-01	
7  1.989	3.147830e-01	1.027645e-01	5.373620e-01	
5  1.57106	3.031312e-01	4.375540e-02	6.080230e-01	
5  1.74403	3.001467e-01	7.186375e-02	5.828991e-01	
2  1.8628	3.210706e-01	5.724374e-02	5.765952e-01	
1  2.3599	3.119342e-01	1.126304e-01	5.303450e-01	
20  1.57676	3.106783e-01	7.010016e-02	5.741311e-01	
3  2.91367	2.691639e-01	4.447008e-02	6.412756e-01	
6  1.89146	3.005348e-01	1.939524e-02	6.349795e-01	
5  2.79333	2.877806e-01	8.479080e-02	5.823381e-01	
9  2.60032	3.499584e-01	1.169487e-01	4.880025e-01	
2  2.7018	3.446917e-01	1.449451e-01	4.652728e-01	
1  4.77095	2.808555e-01	1.080728e-01	5.659813e-01	
3  2.19513	3.264515e-01	5.347743e-02	5.749806e-01	
10  1.72937	2.925100e-01	5.546661e-02	6.069330e-01	
2  2.23194	3.337925e-01	7.140988e-02	5.497072e-01	
1  5.51458	3.415002e-01	1.152664e-02	6.018827e-01	
2  5.30784	3.225773e-01	-1.756827e-02	6.499005e-01	
8  7.91596	2.509739e-01	-1.172260e-01	8.211616e-01	
1  8.23511	3.204374e-01	-5.384986e-02	6.883220e-01	
1  2.76652	2.765059e-01	5.943417e-02	6.189695e-01	
12  3.04468	2.563557e-01	-2.478504e-02	7.233389e-01	
1  2.61959	2.703487e-01	3.779637e-02	6.467645e-01	
5  4.23377	2.599996e-01	-6.448860e-02	7.593985e-01	
8  2.11057	2.744997e-01	1.771974e-03	6.786378e-01	
13  2.07027	2.753709e-01	3.943643e-03	6.755950e-01	
10  2.4178	3.170477e-01	1.203784e-01	5.174834e-01	
1  2.98521	3.501436e-01	8.713147e-02	5.176345e-01	
12  1.88717	2.945846e-01	6.899994e-02	5.913250e-01	
4  6.79454	3.491436e-01	8.125937e-03	5.976400e-01	
2  7.79445	3.903398e-01	8.303621e-02	4.815335e-01	
1  1.6773	3.120376e-01	8.277099e-02	5.601010e-01	
14  1.62488	3.099737e-01	7.645575e-02	5.684801e-01	
1  5.6636	2.407213e-01	2.308046e-02	6.911078e-01	
20  3.16992	2.617452e-01	-3.905353e-02	7.322179e-01	
9  2.32352	2.733521e-01	-1.162333e-02	6.931808e-01	
2  2.2201	2.749792e-01	3.426703e-02	6.456633e-01	
10  1.73792	3.015804e-01	2.820442e-02	6.251247e-01	
1  1.86793	2.803293e-01	2.019468e-02	6.543856e-01	
4  2.11249	3.244410e-01	5.231942e-02	5.781492e-01	
5  2.7244	2.945192e-01	9.572877e-02	5.646616e-01	
6  3.05352	2.600225e-01	-3.338199e-02	7.282690e-01	
7  1.88547	2.928019e-01	1.198467e-02	6.501230e-01	
4  1.97701	3.111972e-01	3.144738e-02	6.122650e-01	
5  2.72737	3.391649e-01	6.482725e-02	5.509174e-01	
2  2.95348	2.879538e-01	-2.412850e-02	6.910842e-01	
24  1.66389	3.160170e-01	6.023398e-02	5.786586e-01	
3  4.58554	3.421428e-01	2.752988e-02	5.852369e-01	
2  5.24559	3.642253e-01	6.386438e-02	5.268199e-01	
10  2.16586	3.389298e-01	1.051421e-01	5.108376e-01	
2  2.16008	2.898741e-01	7.056957e-02	5.944659e-01	
2  1.8318	2.834886e-01	1.438957e-02	6.570314e-01	
7  2.93872	2.998027e-01	-1.122114e-02	6.663280e-01	
4  2.66928	3.459486e-01	1.425088e-01	4.664521e-01	
6  1.72776	3.222898e-01	7.540420e-02	5.572156e-01	
4  1.93455	3.240348e-01	6.052735e-02	5.703474e-01	
1  6.73356	3.102415e-01	1.851866e-01	4.594814e-01	
6  6.70066	3.381267e-01	2.233057e-01	3.934771e-01	
2  8.27303	4.310111e-01	2.551451e-01	2.687533e-01	
5  8.31221	4.314563e-01	2.555914e-01	2.678618e-01	
3  8.86945	4.241057e-01	1.643825e-01	3.664214e-01	
12  2.36719	3.381953e-01	1.299147e-01	4.867995e-01	
11  1.84244	3.271973e-01	8.041417e-02	5.472981e-01	
5  2.55004	3.486311e-01	1.130107e-01	4.932677e-01	
6  1.73474	3.196163e-01	9.027431e-02	5.450189e-01	
4  2.74907	3.489551e-01	1.443869e-01	4.615675e-01	
4  2.56892	3.465547e-01	9.716536e-02	5.111894e-01	
1  3.37068	3.655131e-01	1.497718e-01	4.396246e-01	
9  3.36328	3.651111e-01	1.524348e-01	4.373637e-01	
5  1.61264	3.149897e-01	7.488343e-02	5.650364e-01	
6  2.0229	2.762213e-01	7.467737e-03	6.712205e-01	
3  2.29952	2.858172e-01	6.674363e-02	6.023487e-01	
1  3.42405	2.661966e-01	5.030999e-02	6.384029e-01	
2  3.08952	3.428460e-01	1.597984e-01	4.522651e-01	
2  2.65091	2.726135e-01	-2.468920e-02	7.069852e-01	
3  2.18269	2.984738e-01	6.352511e-03	6.500833e-01	
16  2.91138	3.283020e-01	1.454074e-01	4.812001e-01	
3  1.94503	3.113912e-01	3.309225e-02	6.104261e-01	
7  1.53891	3.054371e-01	5.591053e-02	5.935619e-01	
3  2.34067	2.817806e-01	-1.230037e-02	6.854294e-01	
1  2.41855	3.329297e-01	6.030055e-02	5.616793e-01	
3  2.83341	3.443985e-01	7.543764e-02	5.350734e-01	
7  6.01292	2.880813e-01	1.388902e-01	5.279380e-01	
12  2.19812	3.222958e-01	4.406295e-02	5.885508e-01	
28  1.64014	3.019115e-01	3.515634e-02	6.178417e-01	
1  1.70453	3.206910e-01	8.502907e-02	5.491895e-01	
18  2.08682	2.773085e-01	-6.542440e-04	6.782553e-01	
7  1.99842	2.920513e-01	6.470329e-03	6.563879e-01	
1  1.73144	3.168775e-01	8.980585e-02	5.482262e-01	
3  1.69229	3.142708e-01	8.542804e-02	5.552107e-01	
2  1.84661	3.159747e-01	9.693751e-02	5.419973e-01	
1  2.92703	3.532447e-01	1.501186e-01	4.515463e-01	
5  3.4607	3.633553e-01	1.145644e-01	4.769898e-01	
15  1.55064	3.083057e-01	5.799162e-02	5.886123e-01	
13  1.79633	2.911497e-01	5.674954e-02	6.070103e-01	
1  2.04358	2.804330e-01	2.451935e-04	6.742314e-01	
3  3.72876	2.708025e-01	6.860409e-02	6.155029e-01	
9  1.74832	2.915572e-01	5.451121e-02	6.088412e-01	
21  2.23527	3.000766e-01	6.627412e-03	6.482055e-01	
11  1.57765	3.094940e-01	7.011847e-02	5.752971e-01	
8  1.56899	2.992309e-01	5.469954e-02	6.009792e-01	
8  2.70418	3.052742e-01	1.046117e-03	6.485892e-01	
3  1.68136	3.026028e-01	7.194092e-02	5.803658e-01	
1  2.62692	3.465308e-01	1.393440e-01	4.690347e-01	
2  2.85678	2.888498e-01	-2.118378e-02	6.872435e-01	
3  3.02602	2.984916e-01	-1.461309e-02	6.710310e-01	
9  1.95448	3.009261e-01	1.728427e-02	6.366992e-01	
10  5.14568	2.312572e-01	-4.646234e-02	7.701147e-01	
3  2.37902	2.720071e-01	-1.355357e-02	6.964560e-01	
14  2.40305	3.092675e-01	1.440856e-02	6.312335e-01	
3  2.71427	3.453930e-01	1.452557e-01	4.642609e-01	
2  2.86299	3.549119e-01	1.166506e-01	4.833470e-01	
2  3.43374	3.667840e-01	1.430862e-01	4.450393e-01	
5  2.24222	3.151291e-01	2.874717e-02	6.110333e-01	
5  2.66975	3.198248e-01	2.477924e-02	6.103055e-01	
1  2.62372	3.024903e-01	1.065207e-01	5.458985e-01	
2  1.63697	3.145477e-01	7.970515e-02	5.606567e-01	
6  1.82755	2.819999e-01	1.933601e-02	6.535736e-01	
2  2.54716	2.763677e-01	-2.086234e-02	6.994042e-01	
4  3.09413	2.553322e-01	-2.451028e-02	7.240876e-01	
1  1.85734	3.080445e-01	8.929777e-02	5.575673e-01	
4  2.14483	3.226994e-01	1.159758e-01	5.162344e-01	
6  2.21856	3.161006e-01	3.125536e-02	6.075536e-01	
9  1.5566	3.089908e-01	5.791876e-02	5.880000e-01	
2  1.59118	2.995256e-01	5.864617e-02	5.967378e-01	
2  4.98833	3.838391e-01	1.300497e-01	4.410208e-01	
3  4.07317	3.371095e-01	1.799765e-01	4.378236e-01	
1  2.95121	2.863826e-01	8.577488e-02	5.827520e-01	
1  4.59945	3.090850e-01	1.544223e-01	4.914022e-01	
3  2.10718	2.739292e-01	4.093502e-03	6.768868e-01	
1  4.15135	3.631579e-01	8.674332e-02	5.050084e-01	
6  4.51181	3.509289e-01	2.000435e-01	4.039371e-01	
2  5.91383	2.657751e-01	9.262327e-02	5.965112e-01	
4  5.28904	3.189134e-01	1.789113e-01	4.570848e-01	
9  3.48308	3.505148e-01	1.742254e-01	4.301694e-01	
2  2.84146	3.434094e-01	1.512257e-01	4.602744e-01	
1  3.18076	3.555524e-01	9.720200e-02	5.021551e-01	
2  5.37509	3.933906e-01	1.576138e-01	4.039051e-01	
2  3.97953	3.109808e-01	1.470271e-01	4.969016e-01	
9  1.74726	3.110403e-01	8.682528e-02	5.570440e-01	
2  3.46498	2.539647e-01	1.183441e-02	6.891105e-01	
8  2.51401	2.663280e-01	1.711320e-02	6.714683e-01	
1  1.70605	3.209616e-01	7.276762e-02	5.611803e-01	
2  1.54846	3.079094e-01	6.230090e-02	5.846993e-01	
1  1.92153	3.173368e-01	1.019275e-01	5.356452e-01	
3  1.70167	2.945865e-01	2.387406e-02	6.364490e-01	
1  2.32133	3.417604e-01	9.614721e-02	5.170019e-01	
2  2.5688	3.490991e-01	1.139882e-01	4.918223e-01	
2  1.55399	3.092387e-01	6.046212e-02	5.852087e-01	
3  2.67231	2.907577e-01	8.753199e-02	5.766198e-01	
5  2.08114	2.966070e-01	8.069308e-02	5.776094e-01	
8  2.04171	2.964432e-01	7.894433e-02	5.795220e-01	
5  4.16807	2.843184e-01	1.053042e-01	5.652869e-01	
2  1.86567	3.196189e-01	1.003304e-01	5.349602e-01	
3  2.23711	3.393840e-01	9.263772e-02	5.228879e-01	
3  3.99955	3.731066e-01	1.296325e-01	4.521705e-01	
3  2.65894	2.869978e-01	7.982422e-02	5.880875e-01	
2  3.26591	3.205702e-01	1.458647e-01	4.884746e-01	
6  2.61001	3.470899e-01	9.645132e-02	5.113683e-01	
6  2.18067	3.323655e-01	6.993010e-02	5.526139e-01	
5  2.76543	2.639040e-01	2.143646e-02	6.695690e-01	
1  2.10522	2.733755e-01	8.484377e-03	6.730497e-01	
17  1.80144	2.963580e-01	1.913172e-02	6.394198e-01	
4  2.36554	3.188127e-01	3.151002e-02	6.045868e-01	
8  2.34007	2.752639e-01	-1.319114e-02	6.928368e-01	
4  2.06484	2.950203e-01	6.606221e-03	6.532830e-01	
2  2.42323	2.661358e-01	-1.859507e-03	6.906332e-01	
3  2.91991	3.206978e-01	1.380300e-01	4.961817e-01	
2  2.67738	2.751131e-01	-2.520855e-02	7.050050e-01	
1  1.58939	3.130700e-01	6.333691e-02	5.785027e-01	
1  2.33378	3.381080e-01	7.958855e-02	5.372130e-01	
8  1.79966	3.073331e-01	3.304185e-02	6.145346e-01	
14  2.41427	2.783636e-01	5.291027e-02	6.236357e-01	
4  3.15308	2.666439e-01	4.440694e-02	6.438587e-01	
1  2.27086	3.335382e-01	1.257191e-01	4.956522e-01	
21  1.91366	3.159765e-01	1.004283e-01	5.385048e-01	
3  3.02535	3.571043e-01	1.137913e-01	4.840139e-01	
3  2.23393	2.858651e-01	6.457472e-02	6.044697e-01	
4  1.57678	2.965129e-01	4.837948e-02	6.100171e-01	
1  2.26599	2.874871e-01	6.923601e-02	5.981865e-01	
1  2.50027	3.140380e-01	1.930147e-02	6.215701e-01	
3  2.23997	2.727018e-01	2.668421e-02	6.555236e-01	
21  1.93024	3.083642e-01	2.871065e-02	6.178347e-01	
1  1.85171	3.061950e-01	8.660757e-02	5.621069e-01	
7  1.66886	3.107269e-01	4.708170e-02	5.971010e-01	
1  3.20492	3.205408e-01	1.362762e-02	6.207411e-01	
6  2.87706	2.590001e-01	-2.098241e-02	7.168919e-01	
3  3.0131	2.750867e-01	6.261969e-02	6.172031e-01	
10  1.90661	3.284200e-01	1.019490e-01	5.245406e-01	
8  3.56075	3.613033e-01	1.750522e-01	4.185540e-01	
3  4.18865	3.768793e-01	1.844082e-01	3.936220e-01	
3  3.39664	3.317001e-01	1.604711e-01	4.627384e-01	
6  3.03189	3.198654e-01	1.397692e-01	4.952750e-01	
5  2.5289	3.350333e-01	1.375321e-01	4.823441e-01	
2  3.74239	3.201342e-01	2.597367e-03	6.321779e-01	
5  2.45229	3.297846e-01	5.138749e-02	5.737375e-01	
6  2.51224	2.926315e-01	-9.286450e-03	6.715645e-01	
6  3.19522	3.446821e-01	6.386600e-02	5.463614e-01	
15  3.03836	3.232261e-01	1.436573e-01	4.880261e-01	
4  2.09984	3.338333e-01	1.144259e-01	5.066503e-01	
14  1.71009	2.932145e-01	5.570524e-02	6.059898e-01	
2  2.82999	3.531280e-01	1.086542e-01	4.931273e-01	
1  2.61017	3.502874e-01	1.197999e-01	4.848222e-01	
5  2.31881	2.928200e-01	-3.756773e-03	6.658463e-01	
6  2.1671	3.015548e-01	9.196241e-02	5.613923e-01	
11  1.87787	3.175417e-01	4.807000e-02	5.892979e-01	
19  1.61135	3.144106e-01	6.315466e-02	5.773443e-01	
8  1.66343	3.116050e-01	8.128534e-02	5.620192e-01	
1  2.2249	3.106144e-01	1.067374e-01	5.375578e-01	
1  3.02685	2.705554e-01	5.158126e-02	6.327729e-01	
1  1.7893	3.001368e-01	2.369844e-02	6.310743e-01	
3  3.75985	3.275930e-01	1.497664e-02	6.123399e-01	
3  2.17976	2.759851e-01	3.543760e-02	6.434869e-01	
7  1.84213	2.853918e-01	1.199442e-02	6.575234e-01	
13  2.79019	2.593203e-01	-7.442823e-03	7.030320e-01	
5  2.87987	2.750420e-01	-3.089640e-02	7.107640e-01	
6  2.54251	3.130129e-01	1.651221e-02	6.253844e-01	
26  2.47472	3.050126e-01	6.344734e-03	6.435523e-01	
3  2.19153	3.383515e-01	9.238194e-02	5.241761e-01	
2  3.5193	3.440162e-01	5.344041e-02	5.574529e-01	
1  3.18462	2.577660e-01	1.586405e-02	6.812795e-01	
5  2.64417	2.780144e-01	5.954368e-02	6.173515e-01	
9  2.12578	3.162858e-01	1.097530e-01	5.288707e-01	
10  2.18897	3.378954e-01	1.165473e-01	5.004668e-01	
1  3.04201	3.057248e-01	-5.717147e-03	6.549019e-01	
1  1.88429	3.240986e-01	1.025915e-01	5.282194e-01	
10  2.57402	3.490331e-01	1.120507e-01	4.938257e-01	
3  4.03552	3.757286e-01	1.432027e-01	4.359783e-01	
4  2.52296	3.459849e-01	1.322289e-01	4.766957e-01	
2  4.57433	3.215648e-01	1.714828e-01	4.618620e-01	
6  4.13866	3.472094e-01	4.663560e-02	5.610646e-01	
3  3.28732	3.641515e-01	1.434716e-01	4.472864e-01	
4  3.33059	3.129528e-01	1.375760e-01	5.043807e-01	
6  3.07184	3.549575e-01	1.566787e-01	4.432734e-01	
6  2.5475	3.469857e-01	1.321962e-01	4.757276e-01	
7  2.59749	3.002390e-01	-2.960961e-03	6.576315e-01	
1  3.15545	2.798917e-01	-3.478451e-02	7.098023e-01	
1  2.39006	3.448689e-01	1.094499e-01	5.005908e-01	
3  2.78724	3.481231e-01	8.963730e-02	5.171492e-01	
6  2.49628	2.788132e-01	-1.854375e-02	6.946400e-01	
3  2.13456	3.205875e-01	4.293408e-02	5.913880e-01	
7  2.63913	3.009477e-01	-3.087317e-03	6.570492e-01	
4  2.28565	2.764418e-01	4.239488e-02	6.360728e-01	
6  1.71213	2.901796e-01	2.189044e-02	6.428395e-01	
8  1.99827	3.001300e-01	1.463245e-02	6.401471e-01	
1  2.9669	2.768895e-01	6.571647e-02	6.123036e-01	
9  2.45023	3.378396e-01	7.249923e-02	5.445707e-01	
1  2.14388	3.382738e-01	1.049569e-01	5.116788e-01	
3  1.73999	2.866459e-01	3.828495e-02	6.299787e-01	
2  2.04808	3.116985e-01	2.954858e-02	6.136625e-01	
10  2.3003	3.391281e-01	8.566639e-02	5.301151e-01	
1  1.56885	2.970179e-01	4.102154e-02	6.168701e-01	
9  2.7471	3.053225e-01	1.138800e-01	5.357070e-01	
3  2.75475	3.257776e-01	3.371648e-02	5.954155e-01	
3  4.98566	2.805838e-01	1.107235e-01	5.636023e-01	
2  5.25345	2.580688e-01	6.489287e-02	6.319479e-01	
3  3.56172	3.300357e-01	1.625465e-01	4.623274e-01	
1  3.64573	3.705161e-01	1.492483e-01	4.351452e-01	
3  2.41939	3.337082e-01	1.326870e-01	4.885144e-01	
5  2.60099	3.414443e-01	7.643244e-02	5.370328e-01	
4  2.62611	2.635202e-01	1.062108e-02	6.807683e-01	
25  2.88132	3.554545e-01	1.399036e-01	4.595514e-01	
4  3.42443	3.358958e-01	3.780918e-02	5.812045e-01	
9  2.97109	3.531920e-01	9.902053e-02	5.026970e-01	
7  2.07284	2.826907e-01	5.022847e-02	6.219904e-01	
5  1.53848	3.034375e-01	5.510585e-02	5.963662e-01	
1  2.10727	2.989087e-01	8.561270e-02	5.703881e-01	
4  2.0925	3.280082e-01	6.225527e-02	5.646460e-01	
14  2.8287	2.835698e-01	7.707812e-02	5.942616e-01	
2  3.10809	3.213049e-01	1.700772e-02	6.165969e-01	
6  1.68357	2.882379e-01	2.909949e-02	6.375722e-01	
6  1.59676	3.069341e-01	4.652509e-02	6.014503e-01	
2  2.22914	3.275253e-01	5.461284e-02	5.727714e-01	
2  2.32917	3.415055e-01	9.391400e-02	5.194900e-01	
2  2.69071	3.507362e-01	1.360981e-01	4.680752e-01	
7  2.62073	3.284113e-01	4.287907e-02	5.836192e-01	
2  2.78858	2.670867e-01	3.391113e-02	6.539117e-01	
1  2.69986	2.851602e-01	-2.056590e-02	6.903152e-01	
3  3.8454	2.704125e-01	-5.387166e-02	7.383687e-01	
2  2.58503	3.097498e-01	1.034905e-02	6.348107e-01	
5  3.37343	2.755501e-01	7.213364e-02	6.072258e-01	
2  2.04958	3.233807e-01	1.121118e-01	5.194170e-01	
1  1.75901	3.241400e-01	8.661740e-02	5.441522e-01	
1  3.99811	2.731051e-01	7.907273e-02	6.027317e-01	
9  3.07332	2.549895e-01	-9.492158e-03	7.094122e-01	
4  2.06495	2.939056e-01	7.510582e-02	5.858982e-01	
5  1.90186	2.987992e-01	1.693094e-02	6.391795e-01	
11  1.9317	2.782872e-01	1.582618e-02	6.607962e-01	
1  3.47725	2.576474e-01	2.617630e-02	6.710858e-01	
2  1.96891	3.048632e-01	8.980578e-02	5.602406e-01	
9  1.95871	2.774656e-01	1.442926e-02	6.630147e-01	
1  3.70688	2.766297e-01	-4.777236e-02	7.260522e-01	
3  2.13473	2.799952e-01	4.572174e-02	6.291926e-01	
4  2.05074	3.263232e-01	1.133044e-01	5.152820e-01	
7  2.27981	3.332308e-01	1.261805e-01	4.954983e-01	
15  2.14318	3.241409e-01	5.029679e-02	5.804719e-01	
5  1.92181	2.959377e-01	7.316554e-02	5.858063e-01	
8  1.64704	3.010363e-01	6.685762e-02	5.870157e-01	
15  1.72243	3.008164e-01	7.170846e-02	5.823846e-01	
10  1.63596	2.940367e-01	5.074658e-02	6.101263e-01	
7  1.96705	2.878603e-01	5.821824e-02	6.088310e-01	
1  3.03	3.038643e-01	-7.964350e-03	6.590096e-01	
5  2.83763	2.881823e-01	-2.135139e-02	6.880787e-01	
27  1.72707	3.026292e-01	7.490720e-02	5.773732e-01	
2  2.73122	2.612685e-01	5.701356e-03	6.879397e-01	
1  2.19085	3.019452e-01	1.032996e-02	6.426344e-01	
28  1.77466	3.188850e-01	9.384275e-02	5.421818e-01	
13  2.01826	3.337917e-01	1.045044e-01	5.166135e-01	
11  1.9956	3.310846e-01	1.079637e-01	5.158612e-01	
5  1.61165	3.155556e-01	6.997918e-02	5.693748e-01	
1  3.39089	3.652283e-01	1.315186e-01	4.581627e-01	
2  4.04183	3.651191e-01	9.619051e-02	4.935999e-01	
8  1.94504	3.165367e-01	4.266152e-02	5.957113e-01	
3  2.29681	2.994075e-01	3.997027e-03	6.515050e-01	
2  2.84095	3.475444e-01	1.504563e-01	4.569089e-01	
6  3.09617	3.268556e-01	1.487691e-01	4.792849e-01	
1  2.5485	3.447781e-01	9.092630e-02	5.192052e-01	
10  1.72697	3.048583e-01	7.818754e-02	5.718637e-01	
3  2.19428	2.813519e-01	5.215343e-02	6.214043e-01	
1  4.7678	3.432448e-01	2.657175e-02	5.850930e-01	
3  3.165	2.738385e-01	-3.834977e-02	7.194208e-01	
1  3.40023	3.249228e-01	1.722955e-02	6.127572e-01	
10  2.11066	3.220448e-01	1.140794e-01	5.187854e-01	
5  2.28379	2.857375e-01	6.603355e-02	6.031385e-01	
6  1.65508	3.186541e-01	7.622747e-02	5.600280e-01	
4  1.58465	2.972941e-01	3.720508e-02	6.204104e-01	
3  1.54265	3.042702e-01	5.844812e-02	5.921912e-01	
6  2.18567	3.394465e-01	1.031610e-01	5.123021e-01	
1  3.14488	3.532948e-01	9.078914e-02	5.108256e-01	
2  2.80769	3.523588e-01	1.064231e-01	4.961276e-01	
7  1.81452	3.267162e-01	8.454412e-02	5.436492e-01	
2  1.66946	3.169317e-01	8.348742e-02	5.544904e-01	
2  3.31054	3.369108e-01	1.627102e-01	4.552886e-01	
10  3.38395	3.190377e-01	1.465319e-01	4.893399e-01	
3  1.79544	2.867023e-01	1.530741e-02	6.528998e-01	
7  2.43798	2.961866e-01	9.120257e-02	5.675204e-01	
12  1.78089	2.951938e-01	6.472737e-02	5.949884e-01	
1  2.35375	3.211812e-01	3.639131e-02	5.973370e-01	
10  3.12014	2.584114e-01	1.567386e-02	6.808243e-01	
2  2.48493	2.898358e-01	8.075049e-02	5.843233e-01	
1  5.09249	2.427249e-01	1.778573e-02	6.943989e-01	
21  2.47779	3.435871e-01	1.326050e-01	4.787174e-01	
22  1.64026	3.063036e-01	7.407471e-02	5.745312e-01	
37  1.63996	3.030880e-01	3.666558e-02	6.151560e-01	
16  1.72441	3.135865e-01	4.885454e-02	5.924685e-01	
7  2.25578	3.373791e-01	8.209422e-02	5.354363e-01	
12  2.73011	3.360806e-01	1.452970e-01	4.735319e-01	
2  4.49471	3.839097e-01	1.655376e-01	4.054622e-01	
8  4.96661	3.904420e-01	1.922894e-01	3.721781e-01	
1  4.97438	3.628567e-01	2.166026e-01	3.754502e-01	
6  3.9034	3.738724e-01	1.425026e-01	4.385345e-01	
2  2.22324	3.211975e-01	4.086111e-02	5.928509e-01	
1  2.45287	3.447834e-01	9.868877e-02	5.114374e-01	
3  2.16547	3.362161e-01	8.462941e-02	5.340640e-01	
1  1.7343	3.084424e-01	3.843928e-02	6.080278e-01	
2  1.70554	2.880739e-01	2.431784e-02	6.425178e-01	
19  1.93087	3.250530e-01	6.360283e-02	5.662537e-01	
4  1.59589	2.972542e-01	5.412326e-02	6.035320e-01	
5  3.85648	3.524321e-01	6.544910e-02	5.370283e-01	
7  3.09725	3.275357e-01	1.494545e-01	4.779193e-01	
3  2.83923	3.356726e-01	5.249560e-02	5.667413e-01	
9  1.6914	3.208415e-01	7.808497e-02	5.559831e-01	
2  4.17052	3.311653e-01	1.397754e-02	6.097667e-01	
5  2.1508	2.728877e-01	2.149225e-03	6.798726e-01	
2  4.76428	2.450663e-01	1.818714e-02	6.916561e-01	
1  2.90349	3.309188e-01	4.018847e-02	5.838023e-01	
4  4.53256	2.372341e-01	-3.370143e-02	7.513769e-01	
6  2.43913	2.864032e-01	7.244038e-02	5.960659e-01	
14  2.76838	3.485100e-01	1.460204e-01	4.603791e-01	
8  2.61657	2.686184e-01	-2.236800e-02	7.086592e-01	
11  3.74082	2.535287e-01	2.002252e-02	6.813583e-01	
5  3.41762	2.537234e-01	-4.008329e-02	7.412695e-01	
10  2.20517	2.708470e-01	9.325584e-03	6.747369e-01	
15  1.65105	3.004888e-01	6.622747e-02	5.881933e-01	
6  1.55308	3.089802e-01	5.961834e-02	5.863110e-01	
1  1.79234	3.251174e-01	7.793445e-02	5.518577e-01	
30  2.41384	3.433506e-01	1.277292e-01	4.838297e-01	
1  1.86594	3.267996e-01	9.939763e-02	5.287123e-01	
4  1.84513	3.273084e-01	9.528118e-02	5.323199e-01	
14  2.49358	2.719738e-01	3.775934e-02	6.451765e-01	
2  1.76025	3.242108e-01	8.023283e-02	5.504659e-01	
2  1.8771	3.127247e-01	9.559511e-02	5.465897e-01	
7  2.14396	3.343777e-01	1.175105e-01	5.030213e-01	
21  2.36089	3.377062e-01	7.665886e-02	5.405445e-01	
3  1.88086	3.044903e-01	8.554973e-02	5.648695e-01	
1  1.91628	3.245383e-01	6.310980e-02	5.672614e-01	
7  1.79555	2.834944e-01	3.099658e-02	6.404185e-01	
10  1.66457	2.972375e-01	6.110831e-02	5.965638e-01	
6  1.9877	2.992585e-01	8.178092e-02	5.738702e-01	
11  2.14235	3.017971e-01	9.151754e-02	5.615949e-01	
4  3.25649	2.881522e-01	9.587056e-02	5.708868e-01	
2  3.09681	2.860511e-01	8.839546e-02	5.804630e-01	
5  2.00416	2.969939e-01	1.086192e-02	6.470537e-01	
5  2.04602	3.182771e-01	1.084174e-01	5.282151e-01	
7  3.05605	3.545548e-01	9.975529e-02	5.005994e-01	
1  2.66997	3.136537e-01	1.234129e-01	5.178430e-01	
2  3.45191	3.569149e-01	9.044149e-02	5.075532e-01	
2  4.01189	3.565499e-01	7.212405e-02	5.262356e-01	
3  3.84043	3.597962e-01	1.861070e-01	4.090063e-01	
4  2.27511	3.379273e-01	1.241461e-01	4.928361e-01	
1  3.21661	2.962797e-01	1.097482e-01	5.488816e-01	
3  4.05423	3.755834e-01	1.403605e-01	4.389656e-01	
5  3.14961	3.551608e-01	9.725164e-02	5.024971e-01	
2  2.36893	3.076237e-01	1.071994e-01	5.400864e-01	
2  2.27197	2.775152e-01	-1.056248e-02	6.879569e-01	
1  2.04384	3.037135e-01	1.755858e-02	6.336375e-01	
1  2.66692	3.341246e-01	5.427141e-02	5.665135e-01	
1  1.92747	2.977167e-01	7.665191e-02	5.805409e-01	
3  3.26713	3.637787e-01	1.402791e-01	4.508518e-01	
7  3.44993	3.652418e-01	1.253780e-01	4.642898e-01	
3  1.77007	3.137189e-01	4.613614e-02	5.950545e-01	
4  2.18104	3.324123e-01	1.208907e-01	5.016066e-01	
30  1.55339	3.012781e-01	5.615096e-02	5.974804e-01	
3  2.03842	3.309726e-01	7.474829e-02	5.491887e-01	
7  4.82238	3.696790e-01	8.753790e-02	4.976926e-01	
9  5.2703	3.213617e-01	1.819795e-01	4.515684e-01	
10  2.65256	3.377398e-01	1.430822e-01	4.740875e-01	
3  3.47506	3.572774e-01	1.736880e-01	4.239442e-01	
4  2.42623	3.406435e-01	8.293043e-02	5.313356e-01	
1  2.43161	2.665008e-01	-6.670347e-03	6.950791e-01	
1  3.83778	2.447358e-01	-2.776834e-02	7.379421e-01	
2  4.11269	2.460336e-01	-5.482461e-02	7.637006e-01	
3  2.96813	2.599433e-01	-2.931373e-02	7.242799e-01	
7  2.32377	2.824670e-01	-1.142705e-02	6.838696e-01	
2  1.72184	3.106803e-01	4.320194e-02	6.010273e-01	
7  2.06266	3.004561e-01	8.658933e-02	5.678641e-01	
1  4.97	2.580187e-01	6.010552e-02	6.367854e-01	
6  2.5201	2.840647e-01	6.982046e-02	6.010244e-01	
8  1.95731	2.940245e-01	9.812904e-03	6.510721e-01	
8  1.66974	2.954028e-01	5.756208e-02	6.019447e-01	
1  4.6841	2.365508e-01	-2.511919e-02	7.434780e-01	
2  3.16355	2.913293e-01	-2.524637e-02	6.888266e-01	
3  3.96165	2.448904e-01	-1.063846e-02	7.206576e-01	
4  1.75806	2.846550e-01	2.975498e-02	6.404996e-01	
3  2.66897	2.614053e-01	-4.805314e-03	6.983096e-01	
9  1.7057	2.903116e-01	4.749141e-02	6.171066e-01	
3  1.73946	3.223339e-01	7.308586e-02	5.594898e-01	
2  2.92819	3.558248e-01	1.441475e-01	4.549372e-01	
3  1.61749	2.925710e-01	4.215853e-02	6.201800e-01	
7  2.50312	3.353189e-01	1.365740e-01	4.830167e-01	
3  3.85972	3.721713e-01	1.739232e-01	4.088150e-01	
5  2.74442	3.478629e-01	1.452241e-01	4.618226e-01	
12  2.6844	3.516741e-01	1.169897e-01	4.862458e-01	
11  2.09825	2.801373e-01	4.427782e-02	6.304945e-01	
16  2.11439	2.780553e-01	-2.902671e-03	6.797569e-01	
15  1.76671	3.010682e-01	7.468460e-02	5.791568e-01	
13  2.1707	3.362980e-01	8.451347e-02	5.340981e-01	
2  2.99474	3.522251e-01	9.400291e-02	5.086815e-01	
7  2.3754	2.723264e-01	3.342773e-02	6.491554e-01	
5  2.21603	3.250654e-01	1.204572e-01	5.093870e-01	
16  2.08562	2.875477e-01	6.271679e-02	6.046450e-01	
9  1.91808	2.919659e-01	6.509876e-02	5.978449e-01	
2  2.07589	2.795743e-01	4.131381e-02	6.340215e-01	
2  4.02315	3.228911e-01	1.636621e-01	4.683564e-01	
7  3.73418	2.504068e-01	-4.774462e-02	7.522474e-01	
13  1.77362	2.904569e-01	5.353892e-02	6.109137e-01	
7  2.1666	3.204405e-01	1.151327e-01	5.193363e-01	
6  2.8141	3.548016e-01	1.276661e-01	4.724418e-01	
5  1.88541	2.855187e-01	4.765452e-02	6.217363e-01	
4  2.21719	2.908859e-01	-2.371195e-03	6.663949e-01	
3  3.72351	2.570682e-01	3.146992e-02	6.663714e-01	
4  1.81913	3.211725e-01	9.765463e-02	5.360825e-01	
20  1.73608	2.947450e-01	6.103859e-02	5.991260e-01	
8  2.87118	2.604494e-01	-2.488376e-02	7.193440e-01	
1  3.00806	2.564278e-01	-2.142993e-02	7.199117e-01	
3  3.0597	3.135570e-01	5.315676e-03	6.360369e-01	
4  1.90085	3.267899e-01	7.141129e-02	5.567083e-01	
7  2.15474	3.143233e-01	3.025415e-02	6.103321e-01	
5  3.04253	2.579599e-01	-2.952515e-02	7.264748e-01	
8  3.29636	3.134260e-01	3.333126e-04	6.411502e-01	
4  4.67339	2.660140e-01	-6.997724e-02	7.588728e-01	
7  1.92279	2.806496e-01	8.864475e-03	6.653954e-01	
8  1.82521	3.182393e-01	9.713610e-02	5.395342e-01	
3  1.69447	2.875834e-01	3.329237e-02	6.340337e-01	
7  1.83575	3.275699e-01	8.529834e-02	5.420413e-01	
8  1.66556	3.056770e-01	7.524352e-02	5.739891e-01	
1  2.18513	2.952603e-01	8.187117e-02	5.777781e-01	
12  2.81548	3.498455e-01	1.474604e-01	4.576036e-01	
3  2.10919	3.344073e-01	8.202536e-02	5.384769e-01	
1  1.63174	3.166159e-01	7.674707e-02	5.615466e-01	
9  1.7461	3.136348e-01	8.904495e-02	5.522298e-01	
5  1.58244	3.062699e-01	4.704399e-02	6.015956e-01	
7  1.60622	3.073401e-01	7.212366e-02	5.754458e-01	
2  1.98774	2.962796e-01	7.655289e-02	5.820770e-01	
8  2.3389	3.036933e-01	1.006151e-01	5.506012e-01	
5  2.36681	3.442998e-01	1.164276e-01	4.941822e-01	
7  2.49268	3.356483e-01	1.362143e-01	4.830469e-01	
3  4.88715	3.570512e-01	2.117439e-01	3.861145e-01	
14  2.62495	3.468151e-01	9.419304e-02	5.139014e-01	
3  2.6618	3.456058e-01	1.423423e-01	4.669615e-01	
3  1.99414	3.068744e-01	9.362145e-02	5.544137e-01	
3  1.92414	3.309801e-01	8.999081e-02	5.339386e-01	
5  1.61807	3.079805e-01	4.622279e-02	6.007063e-01	
3  1.63424	2.913045e-01	4.003376e-02	6.235712e-01	
4  2.1692	3.051677e-01	1.534219e-02	6.343997e-01	
1  1.80816	3.043023e-01	8.183728e-02	5.687700e-01	
6  2.26712	3.406448e-01	1.185171e-01	4.957476e-01	
3  3.64195	3.618399e-01	9.973215e-02	4.933375e-01	
2  6.57115	2.797803e-01	1.300495e-01	5.450798e-01	
3  11.6447	4.534358e-01	2.068848e-01	2.945889e-01	
2  1.86044	3.092203e-01	9.089587e-02	5.547934e-01	
1  1.85047	3.264991e-01	7.562114e-02	5.527893e-01	
4  3.51674	3.235138e-01	1.244741e-02	6.189483e-01	
3  3.81517	3.004142e-01	-2.667194e-02	6.811673e-01	
7  2.62196	2.622476e-01	-4.626022e-03	6.972879e-01	
1  3.30751	3.414293e-01	1.655574e-01	4.479229e-01	
4  3.51521	3.385567e-01	1.689867e-01	4.473661e-01	
5  3.13602	3.063025e-01	1.241009e-01	5.245062e-01	
1  3.42225	3.604892e-01	1.692740e-01	4.251463e-01	
2  2.34157	3.330866e-01	6.395752e-02	5.578654e-01	
6  2.32603	2.758040e-01	4.229817e-02	6.368074e-01	
1  2.12231	3.374539e-01	9.839055e-02	5.190651e-01	
9  1.66635	3.187232e-01	8.090292e-02	5.552835e-01	
2  2.25104	3.200912e-01	1.179690e-01	5.168494e-01	
6  3.404	3.182491e-01	1.459707e-01	4.906897e-01	
20  1.58382	3.109490e-01	5.712745e-02	5.868330e-01	
1  1.82076	3.039816e-01	2.704633e-02	6.238816e-01	
2  1.79457	2.842078e-01	1.789185e-02	6.528099e-01	
1  4.99427	3.059081e-01	-3.706646e-02	6.860679e-01	
1  4.72273	3.079039e-01	-3.073559e-02	6.777412e-01	
4  2.61366	3.016915e-01	-1.536311e-03	6.547544e-01	
3  2.88116	2.976094e-01	1.047720e-01	5.525282e-01	
1  3.57512	3.657940e-01	1.192012e-01	4.699144e-01	
10  5.95012	4.014760e-01	1.714401e-01	3.819934e-01	
3  1.80942	3.194659e-01	9.659030e-02	5.388533e-01	
10  6.22657	3.911853e-01	1.174743e-01	4.462499e-01	
3  6.62365	3.927355e-01	1.126324e-01	4.495416e-01	
4  3.1171	3.500235e-01	8.134724e-02	5.235388e-01	
3  5.17528	3.776785e-01	1.021803e-01	4.750507e-01	
1  2.55349	3.424045e-01	8.187830e-02	5.306267e-01	
6  1.79867	3.208227e-01	6.115839e-02	5.729284e-01	
5  1.64303	2.966308e-01	2.993277e-02	6.283459e-01	
7  1.73118	3.039291e-01	3.167469e-02	6.193058e-01	
6  1.70888	3.031767e-01	7.462864e-02	5.771042e-01	
2  3.85685	3.497278e-01	5.875348e-02	5.464282e-01	
6  3.92142	3.520981e-01	1.870132e-01	4.157983e-01	
6  4.58256	3.143324e-01	1.618085e-01	4.787687e-01	
2  4.20682	3.172599e-01	1.596734e-01	4.779763e-01	
8  2.47805	3.214683e-01	1.267579e-01	5.066833e-01	
1  1.65443	3.039312e-01	7.199943e-02	5.789789e-01	
15  2.23162	2.938263e-01	-1.414885e-04	6.612247e-01	
4  2.24722	3.001894e-01	9.234447e-02	5.623757e-01	
2  2.30793	3.417995e-01	1.200843e-01	4.930258e-01	
1  2.61006	2.637845e-01	1.080733e-02	6.803177e-01	
3  3.60769	2.677444e-01	5.860069e-02	6.285644e-01	
9  3.77515	2.454920e-01	-2.576926e-02	7.351868e-01	
3  2.14427	3.230223e-01	1.161702e-01	5.157170e-01	
7  1.93346	3.169146e-01	4.396667e-02	5.940282e-01	
2  3.71584	3.541445e-01	7.370692e-02	5.270581e-01	
20  2.27903	2.691520e-01	7.154228e-03	6.786033e-01	
7  1.60401	3.064246e-01	7.087993e-02	5.776050e-01	
19  1.8342	2.864265e-01	4.677304e-02	6.217100e-01	
4  2.22017	2.873626e-01	6.738780e-02	6.001591e-01	
7  1.96988	2.827150e-01	4.472289e-02	6.274716e-01	
1  2.10418	3.116905e-01	1.039027e-01	5.393164e-01	
6  2.42501	2.662104e-01	-3.386621e-03	6.920857e-01	
5  2.0962	3.026198e-01	1.428266e-02	6.380070e-01	
1  3.40373	2.503677e-01	-1.497459e-02	7.195164e-01	
1  2.48891	2.668128e-01	-1.327408e-02	7.013708e-01	
8  1.72044	2.902478e-01	2.109676e-02	6.435650e-01	
10  1.86622	2.810687e-01	2.891419e-02	6.449266e-01	
23  1.65586	2.910879e-01	4.383370e-02	6.199880e-01	
1  3.05702	3.591066e-01	1.449053e-01	4.508976e-01	
3  2.25896	3.396129e-01	9.145439e-02	5.238422e-01	
3  2.52119	3.437844e-01	1.353921e-01	4.757331e-01	
1  2.20474	3.396233e-01	9.918751e-02	5.160987e-01	
1  2.26614	2.823096e-01	-9.467607e-03	6.820675e-01	
7  1.86325	3.190142e-01	9.987901e-02	5.360163e-01	
1  2.1923	3.325348e-01	6.978666e-02	5.525881e-01	
5  1.87761	3.292669e-01	8.801748e-02	5.376252e-01	
20  1.69703	3.198388e-01	8.515933e-02	5.499114e-01	
8  1.65471	3.090745e-01	4.502568e-02	6.008093e-01	
4  2.9623	3.458161e-01	1.559520e-01	4.531415e-01	
2  3.30887	3.456121e-01	1.675368e-01	4.417606e-01	
3  4.18207	2.869015e-01	1.104730e-01	5.575351e-01	
11  4.56495	3.697751e-01	9.472575e-02	4.904087e-01	
13  2.54337	3.133178e-01	1.698127e-02	6.246105e-01	
1  2.68362	3.500194e-01	1.048556e-01	5.000346e-01	
5  2.80337	3.162775e-01	1.300279e-01	5.086041e-01	
6  2.77679	3.532993e-01	1.158820e-01	4.857283e-01	
3  2.54352	2.883407e-01	7.942288e-02	5.871459e-01	
3  1.87732	3.173980e-01	4.778840e-02	5.897231e-01	
4  2.23514	3.173795e-01	1.148100e-01	5.227200e-01	
1  2.33923	3.351263e-01	6.980872e-02	5.499745e-01	
7  3.19675	2.662319e-01	4.446719e-02	6.442105e-01	
1  2.42895	3.420634e-01	1.309301e-01	4.819160e-01	
5  3.00583	2.845081e-01	8.325368e-02	5.871478e-01	
2  2.47494	2.743563e-01	-1.851707e-02	6.990703e-01	
1  3.77688	2.454708e-01	-2.831330e-02	7.377521e-01	
2  2.6487	3.070509e-01	4.839056e-03	6.430196e-01	
2  1.93666	3.177063e-01	4.545328e-02	5.917500e-01	
2  2.10617	3.203314e-01	1.126227e-01	5.219554e-01	
26  2.04335	3.349925e-01	9.489166e-02	5.250254e-01	
9  2.75683	2.609076e-01	5.706120e-03	6.882959e-01	
2  1.92599	2.787079e-01	1.384005e-02	6.623616e-01	
2  2.31704	2.910595e-01	-5.329523e-03	6.691795e-01	
1  3.71049	3.089747e-01	-1.369461e-02	6.596295e-01	
19  2.02783	2.875844e-01	6.036112e-02	6.069640e-01	
2  2.33172	3.035988e-01	1.002603e-01	5.510505e-01	
1  2.07946	3.221985e-01	4.865520e-02	5.840558e-01	
1  3.5144	2.557964e-01	2.086283e-02	6.782503e-01	
4  5.23036	2.489686e-01	4.014721e-02	6.657938e-01	
1  1.83414	3.233435e-01	9.869259e-02	5.328735e-01	
7  3.0604	3.595874e-01	1.415960e-01	4.537262e-01	
1  4.30598	3.659879e-01	9.068766e-02	4.982340e-01	
5  1.99042	2.806282e-01	3.938453e-02	6.348968e-01	
10  1.64921	2.953554e-01	5.559717e-02	6.039569e-01	
6  1.75576	3.082527e-01	8.427804e-02	5.623788e-01	
6  1.94753	2.785433e-01	1.050055e-02	6.658657e-01	
6  1.81126	3.200105e-01	5.798908e-02	5.769099e-01	
12  1.9212	3.128928e-01	9.784556e-02	5.441712e-01	
1  3.30555	3.560014e-01	9.320746e-02	5.057007e-01	
3  4.67909	3.027031e-01	1.457332e-01	5.064733e-01	
6  3.38564	3.548455e-01	8.629040e-02	5.137737e-01	
1  3.91924	3.495000e-01	1.857482e-01	4.196614e-01	
9  3.20318	3.163829e-01	6.800314e-03	6.317263e-01	
3  3.05014	2.639791e-01	3.322369e-02	6.577068e-01	
8  3.62874	3.145408e-01	-4.157485e-03	6.445262e-01	
1  2.07822	3.025078e-01	1.475017e-02	6.376515e-01	
4  2.24799	2.969283e-01	2.589235e-03	6.553920e-01	
3  2.39177	3.112668e-01	1.781596e-02	6.258268e-01	
1  1.90968	2.789421e-01	1.785394e-02	6.581135e-01	
14  2.30193	2.723226e-01	2.929681e-02	6.532901e-01	
7  2.21992	3.348825e-01	1.224889e-01	4.975382e-01	
14  3.11192	3.477985e-01	1.615551e-01	4.455559e-01	
10  2.60179	3.453872e-01	8.992216e-02	5.196002e-01	
2  3.34816	2.613623e-01	3.435071e-02	6.591965e-01	
9  1.87747	3.290544e-01	9.523601e-02	5.306191e-01	
21  1.94137	3.312106e-01	8.707442e-02	5.366246e-01	
8  1.81664	3.138043e-01	9.348023e-02	5.476250e-01	
9  1.54683	3.003291e-01	4.674080e-02	6.078397e-01	
28  1.54972	3.085922e-01	6.073827e-02	5.855790e-01	
1  2.41926	3.426853e-01	1.293779e-01	4.828463e-01	
1  1.65266	3.170230e-01	8.086963e-02	5.570169e-01	
2  2.00447	3.120307e-01	1.004752e-01	5.424037e-01	
1  1.57231	3.015179e-01	6.000587e-02	5.933858e-01	
6  2.32079	2.968813e-01	3.916444e-04	6.576366e-01	
5  2.26005	3.187940e-01	1.170734e-01	5.190421e-01	
3  3.34191	3.547018e-01	8.746006e-02	5.127477e-01	
33  1.59698	3.068540e-01	4.635827e-02	6.016973e-01	
12  4.47028	3.694793e-01	2.046284e-01	3.808018e-01	
3  3.71493	3.716797e-01	1.561833e-01	4.270465e-01	
3  3.52231	3.028977e-01	1.265971e-01	5.254147e-01	
5  2.34838	2.682725e-01	-4.323282e-03	6.909604e-01	
14  2.56345	3.204492e-01	2.876077e-02	6.056996e-01	
4  2.99432	2.932926e-01	9.979867e-02	5.618183e-01	
2  2.66025	2.730042e-01	4.707055e-02	6.348348e-01	
5  2.10957	3.221258e-01	4.721150e-02	5.855723e-01	
8  2.79093	2.609477e-01	-2.069698e-02	7.146588e-01	
2  1.75372	3.184650e-01	5.829907e-02	5.781455e-01	
6  1.67663	2.888975e-01	2.833755e-02	6.376745e-01	
18  1.64636	3.128880e-01	5.380896e-02	5.882126e-01	
9  1.90181	2.869827e-01	5.264537e-02	6.152815e-01	
1  3.62722	3.701406e-01	1.550557e-01	4.297133e-01	
6  3.03793	3.449844e-01	1.586423e-01	4.512828e-01	
5  2.97269	3.556265e-01	1.489231e-01	4.503600e-01	
2  2.60188	3.442352e-01	8.563279e-02	5.250416e-01	
1  2.15103	3.209047e-01	4.295148e-02	5.910533e-01	
20  2.43482	3.422767e-01	1.311048e-01	4.815281e-01	
2  3.02788	2.567671e-01	1.785906e-03	6.963565e-01	
4  3.65903	2.505369e-01	-4.487234e-02	7.492450e-01	
1  3.51316	3.119998e-01	1.399041e-01	5.030056e-01	
19  1.82485	3.265042e-01	7.967157e-02	5.487337e-01	
2  1.70798	2.874774e-01	2.518780e-02	6.422444e-01	
1  3.00583	3.246150e-01	1.443170e-01	4.859776e-01	
2  2.90592	3.496525e-01	8.911526e-02	5.161418e-01	
1  3.44449	2.901060e-01	1.032920e-01	5.615116e-01	
6  3.5451	3.651199e-01	1.695116e-01	4.202781e-01	
2  2.38318	2.850065e-01	6.769958e-02	6.022035e-01	
3  2.71728	3.152689e-01	1.266315e-01	5.130092e-01	
5  1.79218	2.992902e-01	7.304522e-02	5.825741e-01	
2  1.66352	3.191304e-01	7.428863e-02	5.614905e-01	
4  1.63405	2.950754e-01	5.333095e-02	6.065032e-01	
15  1.91312	2.821813e-01	3.903646e-02	6.336918e-01	
1  3.44933	2.500889e-01	-1.162831e-02	7.164489e-01	
1  2.7222	2.924554e-01	9.194627e-02	5.705079e-01	
1  2.14618	2.983155e-01	8.594516e-02	5.706489e-01	
2  2.38552	3.115680e-01	1.129333e-01	5.304083e-01	
4  3.21704	3.131438e-01	1.354732e-01	5.062925e-01	
12  2.87054	3.101257e-01	1.236852e-01	5.210987e-01	
1  2.09877	2.743945e-01	2.187913e-02	6.586359e-01	
1  4.6377	2.848614e-01	1.138393e-01	5.562089e-01	
5  2.02	2.798487e-01	3.874025e-02	6.363206e-01	
1  2.35775	3.433188e-01	1.213307e-01	4.902600e-01	
9  1.69271	2.953400e-01	2.500628e-02	6.345633e-01	
1  2.45395	3.137887e-01	2.015477e-02	6.209660e-01	
1  2.33637	2.698000e-01	2.067917e-02	6.644303e-01	
8  1.91783	2.848009e-01	4.765124e-02	6.224574e-01	
4  2.0312	2.851583e-01	5.466691e-02	6.150843e-01	
2  2.54911	3.301371e-01	4.890196e-02	5.758705e-01	
8  2.42152	2.903426e-01	7.992444e-02	5.846425e-01	
17  2.5017	3.412640e-01	1.360739e-01	4.775717e-01	
24  2.3511	3.272228e-01	4.915758e-02	5.785292e-01	
2  2.57259	3.390317e-01	1.400023e-01	4.758755e-01	
1  3.03714	2.695047e-01	-3.641681e-02	7.218216e-01	
4  2.01383	2.846871e-01	5.262305e-02	6.175994e-01	
2  1.83369	3.274576e-01	9.142349e-02	5.360284e-01	
12  2.53203	3.330688e-01	1.369207e-01	4.849201e-01	
4  4.96009	3.886672e-01	2.019022e-01	3.643401e-01	
2  4.10529	3.764637e-01	1.791069e-01	3.993389e-01	
5  3.64889	3.048574e-01	1.320050e-01	5.180471e-01	
3  2.28969	3.396851e-01	8.889439e-02	5.263301e-01	
6  2.29001	3.289284e-01	5.549367e-02	5.704875e-01	
2  4.20914	3.479244e-01	1.915320e-01	4.154531e-01	
5  3.58924	3.024783e-01	1.271900e-01	5.252412e-01	
2  3.36579	2.973375e-01	1.145329e-01	5.430392e-01	
2  2.55478	3.236875e-01	1.311694e-01	5.000526e-01	
4  2.76894	2.768780e-01	6.040891e-02	6.176226e-01	
9  1.62117	3.003751e-01	6.346985e-02	5.910646e-01	
12  2.57821	3.486956e-01	1.084578e-01	4.977562e-01	
1  2.08545	3.102843e-01	2.585596e-02	6.187693e-01	
1  2.27005	3.121844e-01	2.287320e-02	6.198519e-01	
25  2.48364	2.958410e-01	-5.206741e-03	6.642753e-01	
12  3.61535	2.493603e-01	-3.975060e-02	7.452999e-01	
11  2.69673	2.609156e-01	-6.326924e-03	7.003209e-01	
2  4.23643	3.410229e-01	3.161086e-02	5.822758e-01	
3  3.4958	2.489963e-01	-2.421266e-02	7.301259e-01	
4  6.15289	2.570549e-01	-9.459181e-02	7.924464e-01	
5  5.68993	3.188256e-01	-2.817562e-02	6.642596e-01	
8  3.71311	2.990328e-01	-2.665078e-02	6.825275e-01	
12  2.58719	2.932788e-01	-1.054665e-02	6.721774e-01	
2  1.75656	3.234981e-01	8.884769e-02	5.425638e-01	
1  3.12436	2.593546e-01	1.968764e-02	6.758673e-01	
3  3.27457	3.419780e-01	5.496820e-02	5.579634e-01	
3  1.84262	3.239311e-01	6.689883e-02	5.640796e-01	
1  2.08063	3.077675e-01	2.208553e-02	6.250565e-01	
5  1.83988	3.115135e-01	3.809094e-02	6.053051e-01	
2  3.03572	2.656846e-01	3.808161e-02	6.511434e-01	
5  3.15057	3.460613e-01	6.885987e-02	5.399883e-01	
5  3.54737	3.671012e-01	1.644767e-01	4.233317e-01	
2  3.18392	2.939668e-01	1.050515e-01	5.558912e-01	
20  2.17913	3.197138e-01	1.149921e-01	5.202036e-01	
3  4.95293	2.428391e-01	1.491304e-02	6.971574e-01	
11  1.75237	3.001454e-01	7.234171e-02	5.824225e-01	
1  2.08127	3.001967e-01	8.683481e-02	5.678780e-01	
2  2.17827	2.969636e-01	8.468369e-02	5.732623e-01	
4  2.89485	3.463351e-01	7.878821e-02	5.297862e-01	
10  1.68338	2.976322e-01	6.334592e-02	5.939315e-01	
3  2.68413	2.807560e-01	6.713199e-02	6.070216e-01	
5  4.61118	3.271482e-01	1.790697e-01	4.486916e-01	
10  4.41603	3.824473e-01	1.594359e-01	4.130263e-01	
3  3.24106	3.471993e-01	1.658925e-01	4.418177e-01	
3  5.67999	3.796821e-01	2.370322e-01	3.381953e-01	
2  4.51992	3.776397e-01	2.012205e-01	3.760493e-01	
4  3.67211	3.686320e-01	1.700314e-01	4.162462e-01	
2  3.14979	3.609881e-01	1.472216e-01	4.466998e-01	
1  6.02308	3.596909e-01	2.348190e-01	3.603996e-01	
2  4.09085	3.336327e-01	1.769506e-01	4.443262e-01	
4  3.47387	3.023499e-01	1.248122e-01	5.277474e-01	
2  2.20892	3.033231e-01	9.606448e-02	5.555220e-01	
1  2.00909	3.146933e-01	1.035249e-01	5.366913e-01	
5  3.03814	3.493303e-01	8.227757e-02	5.233017e-01	
5  2.18009	2.720414e-01	1.716722e-02	6.657009e-01	
1  2.56942	2.965503e-01	9.538111e-02	5.629781e-01	
2  3.02648	2.614739e-01	2.373914e-02	6.696965e-01	
2  2.48973	2.697541e-01	3.007777e-02	6.550777e-01	
2  4.3086	3.469379e-01	4.258865e-02	5.653830e-01	
3  3.1376	3.607291e-01	1.269867e-01	4.671937e-01	
3  3.48665	3.303410e-01	1.612121e-01	4.633565e-01	
1  3.68837	2.611944e-01	4.295210e-02	6.507630e-01	
2  1.89997	3.287902e-01	1.004550e-01	5.256644e-01	
2  3.30126	2.752031e-01	6.975123e-02	6.099552e-01	
2  3.84669	3.686491e-01	1.809081e-01	4.053523e-01	
1  3.7755	3.727395e-01	1.545207e-01	4.276494e-01	
6  1.84648	3.187321e-01	5.252463e-02	5.836528e-01	
2  2.08617	3.220334e-01	4.799933e-02	5.848769e-01	
3  3.49974	2.750355e-01	7.365746e-02	6.062166e-01	
1  2.27382	3.329881e-01	1.258708e-01	4.960506e-01	
4  6.36146	3.734297e-01	6.551014e-02	5.159697e-01	
2  4.03541	2.595011e-01	4.618991e-02	6.492185e-01	
4  2.5765	3.351351e-01	5.987831e-02	5.598961e-01	
2  1.65517	2.986859e-01	6.323870e-02	5.929850e-01	
6  2.75371	3.479916e-01	1.456431e-01	4.612749e-01	
2  3.45472	3.151270e-01	1.429901e-01	4.967925e-01	
2  3.02442	3.203622e-01	1.401641e-01	4.943833e-01	
3  1.68936	3.204866e-01	8.150955e-02	5.529134e-01	
8  1.62407	3.068695e-01	7.334504e-02	5.746950e-01	
4  2.45282	2.899652e-01	8.009092e-02	5.848534e-01	
12  2.23386	2.802847e-01	5.099632e-02	6.236286e-01	
11  2.07506	3.229871e-01	1.131001e-01	5.188223e-01	
2  3.77695	3.549507e-01	7.417417e-02	5.257847e-01	
1  3.71572	3.703473e-01	1.349659e-01	4.495964e-01	
1  3.28924	2.718397e-01	6.150557e-02	6.215642e-01	
5  1.74686	3.161864e-01	5.309836e-02	5.856248e-01	
1  3.96949	2.491874e-01	1.095132e-02	6.947708e-01	
3  4.27745	2.770975e-01	-5.702194e-02	7.348340e-01	
13  6.47642	2.511692e-01	-1.007122e-01	8.044525e-01	
2  4.29676	2.756938e-01	-5.833941e-02	7.375551e-01	
1  4.80469	3.206650e-01	-1.351744e-02	6.477620e-01	
8  2.48707	2.844477e-01	6.967901e-02	6.007828e-01	
13  2.71759	3.259706e-01	3.509895e-02	5.938400e-01	
1  4.89202	2.811022e-01	1.103701e-01	5.634372e-01	
3  4.63936	3.048236e-01	1.484946e-01	5.015913e-01	
4  2.44716	3.450761e-01	1.267921e-01	4.830414e-01	
9  1.82135	3.026711e-01	8.005375e-02	5.721847e-01	
1  3.36955	3.619046e-01	1.133541e-01	4.796508e-01	
6  2.29553	3.417344e-01	9.944124e-02	5.137339e-01	
6  1.56572	2.985749e-01	5.232027e-02	6.040144e-01	
8  2.46162	2.914411e-01	8.319661e-02	5.802718e-01	
2  2.86296	2.611392e-01	-2.579817e-02	7.195685e-01	
10  1.9838	2.827315e-01	3.211310e-03	6.689667e-01	
4  1.56689	2.967411e-01	4.497488e-02	6.131935e-01	
5  2.51562	2.796624e-01	5.957641e-02	6.156707e-01	
1  2.56678	2.637274e-01	5.458032e-03	6.857241e-01	
2  2.1353	3.296527e-01	6.451307e-02	5.607438e-01	
4  2.1574	3.112689e-01	1.052830e-01	5.383576e-01	
4  1.69824	3.189299e-01	8.627760e-02	5.497021e-01	
12  3.45436	3.544689e-01	8.271672e-02	5.177239e-01	
3  1.89301	3.103484e-01	9.375088e-02	5.508102e-01	
12  2.22758	3.402743e-01	1.135034e-01	5.011318e-01	
2  1.90198	3.235657e-01	1.038386e-01	5.275052e-01	
4  1.59415	2.951135e-01	4.746768e-02	6.123284e-01	
4  1.55696	3.051833e-01	4.902945e-02	6.006968e-01	
3  2.01759	3.150410e-01	3.665657e-02	6.032119e-01	
16  3.36365	2.681073e-01	-4.480330e-02	7.316056e-01	
2  2.8095	2.663258e-01	-2.880461e-02	7.173883e-01	
3  1.57199	2.978023e-01	5.149547e-02	6.056118e-01	
2  3.30315	3.468087e-01	6.614329e-02	5.419576e-01	
3  3.49656	3.523173e-01	7.514458e-02	5.274476e-01	
1  4.90669	3.561675e-01	2.116069e-01	3.871352e-01	
1  6.38477	4.069899e-01	1.794817e-01	3.684380e-01	
3  2.24163	3.146021e-01	1.120606e-01	5.282468e-01	
6  3.95822	2.626182e-01	5.295814e-02	6.393333e-01	
1  1.76086	3.137041e-01	4.667702e-02	5.945284e-01	
15  2.00586	3.040746e-01	9.009984e-02	5.607351e-01	
9  2.74178	3.351766e-01	1.452620e-01	4.744710e-01	
7  2.70189	3.141579e-01	1.248658e-01	5.158858e-01	
7  1.78961	3.227487e-01	9.467912e-02	5.374818e-01	
6  1.83258	3.188977e-01	5.377093e-02	5.822409e-01	
5  1.88913	2.827607e-01	3.913169e-02	6.330171e-01	
7  2.15758	2.721592e-01	5.301631e-03	6.774487e-01	
1  1.97947	2.798999e-01	3.597932e-02	6.390303e-01	
9  4.01193	2.725235e-01	-5.571698e-02	7.381030e-01	
1  2.91358	3.258628e-01	2.981207e-02	5.992346e-01	
5  2.92366	2.772226e-01	6.539175e-02	6.122952e-01	
10  1.6827	3.202917e-01	7.608160e-02	5.585363e-01	
2  2.21417	2.878378e-01	6.820119e-02	5.988705e-01	
4  1.9294	2.947756e-01	1.166263e-02	6.484713e-01	
8  2.83727	3.419754e-01	1.509211e-01	4.620130e-01	
2  3.19006	3.590942e-01	1.115890e-01	4.842263e-01	
1  2.50703	3.248466e-01	3.890647e-02	5.911564e-01	
4  3.25297	3.424224e-01	5.661479e-02	5.558723e-01	
6  4.39152	2.606051e-01	5.637804e-02	6.379264e-01	
2  4.16372	2.423210e-01	-1.551548e-02	7.281040e-01	
1  2.05742	2.761490e-01	2.685419e-02	6.519064e-01	
1  2.10089	3.303077e-01	1.164342e-01	5.081677e-01	
2  2.09758	3.362710e-01	9.327256e-02	5.253660e-01	
6  1.9543	3.318311e-01	9.995862e-02	5.231198e-01	
2  1.81917	3.269019e-01	8.465119e-02	5.433564e-01	
28  1.60874	3.073985e-01	4.608703e-02	6.014240e-01	
3  4.11442	3.326259e-01	1.762928e-02	6.046544e-01	
4  4.14011	2.905771e-01	1.165747e-01	5.477578e-01	
3  3.09057	3.563281e-01	1.052052e-01	4.933763e-01	
2  2.5162	2.737967e-01	-2.001554e-02	7.011284e-01	
2  2.56999	2.675486e-01	2.590868e-02	6.614523e-01	
6  1.59008	3.021634e-01	4.017456e-02	6.125716e-01	
1  2.22548	3.346807e-01	1.229244e-01	4.973044e-01	
8  1.73046	2.980602e-01	2.473450e-02	6.321149e-01	
7  1.90417	2.949109e-01	7.042317e-02	5.895755e-01	
6  2.26885	3.070117e-01	1.490608e-02	6.329918e-01	
1  2.00217	2.865822e-01	2.940876e-03	6.653865e-01	
5  1.79018	3.022828e-01	2.628054e-02	6.263462e-01	
6  3.35388	2.953622e-01	1.109234e-01	5.486239e-01	
1  2.2088	3.365859e-01	1.204613e-01	4.978624e-01	
4  2.49111	3.474851e-01	1.191919e-01	4.882325e-01	
15  3.49775	2.887949e-01	1.018800e-01	5.642347e-01	
6  4.10182	3.770931e-01	1.472612e-01	4.305553e-01	
7  3.93493	3.572455e-01	7.605239e-02	5.216116e-01	
3  2.7371	2.919774e-01	-1.546717e-02	6.783993e-01	
1  2.73247	2.621371e-01	-1.972461e-02	7.124971e-01	
1  3.51286	3.097031e-01	-9.197319e-03	6.544038e-01	
1  4.29348	2.537710e-01	3.534905e-02	6.657895e-01	
11  5.3613	2.849668e-01	-6.533264e-02	7.352754e-01	
3  4.657	2.498048e-01	-7.224484e-02	7.773496e-01	
1  4.41178	3.752247e-01	1.185918e-01	4.610930e-01	
2  4.14866	3.328910e-01	1.773008e-01	4.447177e-01	
4  4.80734	3.752022e-01	2.135477e-01	3.661596e-01	
3  3.99318	3.206864e-01	1.603794e-01	4.738438e-01	
13  2.17833	3.391876e-01	1.019319e-01	5.137900e-01	
1  1.55122	2.995455e-01	5.087723e-02	6.044868e-01	
4  2.43606	2.827187e-01	6.424381e-02	6.079470e-01	
8  2.8613	3.556422e-01	1.246047e-01	4.746627e-01	
12  2.43819	2.667902e-01	1.303286e-02	6.750865e-01	
8  2.32881	2.901073e-01	7.666778e-02	5.881345e-01	
6  2.68308	2.667017e-01	2.822889e-02	6.599789e-01	
2  2.07901	2.764103e-01	3.005736e-02	6.484418e-01	
3  1.55125	2.996077e-01	5.111926e-02	6.041825e-01	
2  3.04648	2.589250e-01	-3.155003e-02	7.275346e-01	
1  3.14943	3.478238e-01	7.374047e-02	5.333452e-01	
1  2.72666	3.386142e-01	1.460936e-01	4.702017e-01	
1  3.20357	3.397337e-01	5.161598e-02	5.635598e-01	
2  2.7137	2.745760e-01	-2.641711e-02	7.067506e-01	
3  2.19964	2.717154e-01	1.762098e-02	6.655732e-01	
2  3.43645	2.575878e-01	-4.514875e-02	7.424705e-01	
23  3.44527	2.597308e-01	-4.652087e-02	7.416996e-01	
1  4.02542	2.552944e-01	3.369924e-02	6.659159e-01	
4  2.04025	2.905481e-01	6.741481e-02	5.969467e-01	
18  2.31094	3.305287e-01	5.859591e-02	5.657850e-01	
3  1.64739	2.950848e-01	5.476205e-02	6.050627e-01	
3  1.69905	3.207445e-01	7.325123e-02	5.609138e-01	
2  3.60994	2.903462e-01	1.068740e-01	5.576893e-01	
4  2.48174	3.429505e-01	1.336239e-01	4.783351e-01	
2  2.35037	3.241711e-01	1.249171e-01	5.058213e-01	
1  1.85773	3.039029e-01	8.363989e-02	5.673668e-01	
6  2.30833	3.239549e-01	1.232454e-01	5.077092e-01	
4  1.6214	3.060054e-01	7.206758e-02	5.768366e-01	
1  2.15403	3.308045e-01	6.678287e-02	5.573222e-01	
2  2.32759	3.400014e-01	8.715898e-02	5.277492e-01	
6  2.18383	3.193057e-01	3.849927e-02	5.971046e-01	
2  3.87524	3.113627e-01	-1.308486e-02	6.566317e-01	
3  2.56908	3.410434e-01	7.667482e-02	5.371913e-01	
2  4.66381	3.770078e-01	1.157370e-01	4.621648e-01	
4  2.17154	3.079599e-01	1.014994e-01	5.454502e-01	
7  2.01952	3.318478e-01	7.974847e-02	5.433133e-01	
14  2.31611	3.067361e-01	1.043887e-01	5.437847e-01	
3  2.43633	2.847024e-01	6.869723e-02	6.015099e-01	
9  1.92432	3.105291e-01	9.536691e-02	5.490135e-01	
21  1.79969	2.829066e-01	2.226314e-02	6.497398e-01	
2  3.35818	2.818846e-01	-3.747130e-02	7.104962e-01	
6  3.17645	3.155409e-01	6.004746e-03	6.333639e-01	
18  3.63214	2.487882e-01	-3.880179e-02	7.449231e-01	
2  2.57914	2.650752e-01	-1.594099e-02	7.057753e-01	
4  2.60114	2.629916e-01	3.638136e-03	6.882798e-01	
7  2.35378	2.679114e-01	1.043746e-02	6.765607e-01	
4  3.00545	2.942477e-01	1.017441e-01	5.589178e-01	
2  3.02212	3.510470e-01	1.572603e-01	4.466023e-01	
6  3.71751	3.692212e-01	1.718239e-01	4.138644e-01	
2  4.37748	3.788759e-01	1.367679e-01	4.392657e-01	
3  2.15129	3.359953e-01	1.162484e-01	5.026658e-01	
7  3.63102	3.498763e-01	1.783653e-01	4.266680e-01	
1  2.10991	3.291229e-01	1.169979e-01	5.087887e-01	
2  2.19701	3.381066e-01	9.039211e-02	5.264109e-01	
2  2.19172	3.358705e-01	1.198473e-01	4.991917e-01	
1  1.54933	3.047216e-01	6.094416e-02	5.892438e-01	
6  1.99744	3.101404e-01	9.796559e-02	5.468035e-01	
7  1.78458	2.963918e-01	2.006104e-02	6.384567e-01	
1  1.81211	3.071551e-01	3.213883e-02	6.156156e-01	
2  1.81923	3.267524e-01	9.128272e-02	5.368745e-01	
3  1.98967	2.836761e-01	4.865031e-02	6.225831e-01	
9  2.19927	2.963330e-01	3.444884e-03	6.551316e-01	
6  2.97754	2.880425e-01	-2.456800e-02	6.914350e-01	
4  2.10895	3.014090e-01	1.229559e-02	6.412050e-01	
7  3.01889	2.721919e-01	-3.540376e-02	7.181215e-01	
3  5.13902	2.502825e-01	-8.134030e-02	7.859674e-01	
4  4.32448	2.392986e-01	-3.653349e-02	7.521444e-01	
5  1.76047	3.242417e-01	8.047566e-02	5.501922e-01	
7  1.56733	2.982496e-01	5.175593e-02	6.049040e-01	
4  2.23608	2.895821e-01	-4.053374e-03	6.693808e-01	
1  2.94842	3.463079e-01	7.659770e-02	5.320039e-01	
2  4.49428	3.534819e-01	5.348263e-02	5.479450e-01	
4  2.08498	3.342992e-01	1.123726e-01	5.082378e-01	
1  1.71011	3.165429e-01	5.693961e-02	5.814271e-01	
9  1.55249	3.058547e-01	5.115668e-02	5.978981e-01	
3  3.48703	3.471349e-01	6.179050e-02	5.459842e-01	
2  2.31829	2.877863e-01	-8.038813e-03	6.751621e-01	
8  2.74143	2.635947e-01	1.887081e-02	6.724440e-01	
1  2.34802	3.028231e-01	9.955462e-02	5.525318e-01	
2  3.4854	3.270412e-01	1.931345e-02	6.085549e-01	
1  3.65554	3.706524e-01	1.483784e-01	4.358788e-01	
14  5.92829	4.037191e-01	1.974026e-01	3.537878e-01	
2  5.41808	3.540109e-01	2.198182e-01	3.810805e-01	
1  4.66847	3.615777e-01	6.937589e-02	5.239559e-01	
2  3.02647	3.526529e-01	9.399799e-02	5.082587e-01	
3  2.34406	2.886141e-01	7.412748e-02	5.921680e-01	
10  1.95227	3.195056e-01	1.050281e-01	5.303758e-01	
6  1.83241	3.232827e-01	9.855927e-02	5.330676e-01	
1  4.96066	2.652623e-01	7.757174e-02	6.120755e-01	
5  4.00333	2.991106e-01	-3.127493e-02	6.870739e-01	
8  1.73819	3.087150e-01	8.378140e-02	5.624131e-01	
8  1.87829	2.846386e-01	9.558490e-03	6.607124e-01	
2  2.44745	3.373587e-01	7.120065e-02	5.463502e-01	
5  2.78047	3.528429e-01	1.387240e-01	4.633426e-01	
2  2.75765	3.190590e-01	1.321101e-01	5.037405e-01	
17  2.46492	3.406777e-01	1.343127e-01	4.799191e-01	
7  2.19845	2.745366e-01	3.128365e-02	6.490893e-01	
1  4.09715	2.918329e-01	1.181238e-01	5.449529e-01	
1  3.16448	3.515349e-01	1.631756e-01	4.401990e-01	
5  3.24973	3.446930e-01	6.229112e-02	5.479254e-01	
2  3.20554	2.790728e-01	7.628463e-02	5.995521e-01	
5  3.30288	3.261289e-01	1.528624e-01	4.759182e-01	
14  2.06713	2.906129e-01	6.862031e-02	5.956763e-01	
4  4.92282	2.639124e-01	7.380222e-02	6.171949e-01	
1  6.6116	3.164411e-01	1.930855e-01	4.453830e-01	
1  5.81246	3.893356e-01	2.383234e-01	3.272506e-01	
1  8.37573	2.952264e-01	1.785780e-01	4.811052e-01	
1  4.05066	3.510988e-01	1.897772e-01	4.140335e-01	
3  3.02407	3.585265e-01	1.434135e-01	4.529695e-01	
4  4.62253	3.700228e-01	9.385252e-02	4.910342e-01	
12  3.18257	3.621913e-01	1.399983e-01	4.527199e-01	
2  3.04896	2.750966e-01	6.354693e-02	6.162660e-01	
23  3.90673	3.682975e-01	1.842995e-01	4.023126e-01	
1  2.36636	3.414861e-01	1.268832e-01	4.865403e-01	
1  2.77687	3.520569e-01	1.408908e-01	4.619618e-01	
2  3.74833	3.185974e-01	1.531972e-01	4.831149e-01	
5  2.02562	3.162711e-01	1.057575e-01	5.328809e-01	
1  2.85231	3.254727e-01	3.059370e-02	5.988432e-01	
1  3.96552	2.748944e-01	8.242403e-02	5.975912e-01	
11  1.65288	3.136240e-01	5.494344e-02	5.863421e-01	
20  1.97604	2.917217e-01	7.134054e-03	6.560538e-01	
1  4.40354	3.521049e-01	5.218261e-02	5.506220e-01	
1  2.7362	3.203719e-01	1.329916e-01	5.015461e-01	
16  1.78382	3.249953e-01	7.912087e-02	5.507933e-01	
2  1.79208	2.831240e-01	2.473879e-02	6.470467e-01	
6  1.70326	2.875891e-01	3.633910e-02	6.309814e-01	
3  2.33385	2.681358e-01	8.820915e-03	6.779528e-01	
1  2.0159	2.959697e-01	7.709659e-02	5.818433e-01	
6  2.18384	3.393752e-01	1.083123e-01	5.072220e-01	
3  1.54277	3.067317e-01	5.680602e-02	5.913718e-01	
5  2.31429	3.252138e-01	1.243811e-01	5.053146e-01	
2  1.71616	2.988936e-01	6.796372e-02	5.880522e-01	
3  3.02369	2.799425e-01	-3.186435e-02	7.068314e-01	
4  1.82956	3.116397e-01	9.208626e-02	5.511836e-01	
25  1.64254	3.103039e-01	7.841872e-02	5.661870e-01	
10  1.91706	3.304417e-01	9.816635e-02	5.263015e-01	
2  1.79716	3.260479e-01	8.522202e-02	5.436397e-01	
2  2.90749	3.533581e-01	1.486078e-01	4.529436e-01	
5  2.76965	3.533934e-01	1.342848e-01	4.672313e-01	
5  1.85413	3.282211e-01	9.324268e-02	5.334458e-01	
6  2.10261	3.141477e-01	1.066457e-01	5.341161e-01	
6  2.32641	3.419056e-01	1.220967e-01	4.909073e-01	
1  2.29513	3.377469e-01	1.256937e-01	4.914689e-01	
1  2.28747	3.400243e-01	9.066034e-02	5.242249e-01	
3  3.50134	3.631067e-01	1.111334e-01	4.806694e-01	
6  3.66179	3.602178e-01	1.797591e-01	4.149327e-01	
12  1.78396	3.197426e-01	9.473822e-02	5.404287e-01	
1  2.02743	2.808191e-01	4.238157e-02	6.317088e-01	
19  2.08856	2.763996e-01	2.229145e-04	6.782870e-01	
3  1.97255	3.093889e-01	2.863192e-02	6.168888e-01	
7  1.99835	3.079577e-01	2.537260e-02	6.215793e-01	
9  1.76181	2.855185e-01	2.011650e-02	6.492746e-01	
4  1.98305	3.026288e-01	1.834765e-02	6.339331e-01	
1  2.50308	2.857478e-01	-1.495285e-02	6.841145e-01	
1  2.79566	2.884308e-01	-2.016734e-02	6.866460e-01	
1  2.52306	2.769924e-01	-1.993804e-02	6.978552e-01	
1  2.52045	3.195895e-01	2.838314e-02	6.069369e-01	
2  2.73011	2.658531e-01	-2.528534e-02	7.143417e-01	
4  2.01736	2.861460e-01	2.072767e-03	6.666908e-01	
6  1.56321	3.060769e-01	6.522031e-02	5.836123e-01	
10  4.13262	3.693846e-01	1.075280e-01	4.779970e-01	
2  3.33359	3.617916e-01	1.622098e-01	4.309081e-01	
1  2.20415	2.710679e-01	1.274529e-02	6.710963e-01	
7  2.94075	2.985876e-01	-1.272690e-02	6.690488e-01	
2  2.51149	3.114814e-01	1.489566e-02	6.285325e-01	
10  3.61618	3.675880e-01	1.258769e-01	4.614447e-01	
2  3.59578	3.432467e-01	4.980926e-02	5.618536e-01	
2  1.86253	3.152046e-01	4.398412e-02	5.957208e-01	
10  1.55102	3.027510e-01	5.843317e-02	5.937254e-01	
2  2.54934	3.340800e-01	5.822087e-02	5.626086e-01	
1  2.28868	3.310075e-01	6.077799e-02	5.631241e-01	
2  2.49406	2.770820e-01	5.238413e-02	6.254434e-01	
9  1.67642	3.057094e-01	7.606718e-02	5.731329e-01	
3  1.66732	2.898985e-01	4.082700e-02	6.241840e-01	
2  3.47214	2.829372e-01	8.997631e-02	5.819960e-01	
3  2.88491	3.324413e-01	1.479868e-01	4.744815e-01	
4  2.58688	2.707896e-01	3.787999e-02	6.462399e-01	
2  1.54723	3.015450e-01	5.507679e-02	5.982878e-01	
3  2.56569	3.306644e-01	4.955113e-02	5.746940e-01	
2  2.22121	2.814998e-01	5.364978e-02	6.197600e-01	
6  2.36643	2.698488e-01	2.320585e-02	6.618548e-01	
9  2.11128	2.787003e-01	4.055596e-02	6.356533e-01	
10  1.5651	2.989951e-01	5.333078e-02	6.025837e-01	
5  2.33517	3.095206e-01	1.671187e-02	6.286771e-01	
6  3.11607	2.935069e-01	1.028140e-01	5.585886e-01	
6  1.81569	3.268561e-01	8.772223e-02	5.403313e-01	
15  2.02382	3.182427e-01	1.074297e-01	5.292372e-01	
5  3.894	3.224745e-01	1.607701e-01	4.716649e-01	
1  2.24924	3.315145e-01	6.393109e-02	5.594640e-01	
7  1.68331	3.075943e-01	4.028130e-02	6.070339e-01	
3  3.1228	3.608520e-01	1.314631e-01	4.625944e-01	
3  3.96505	3.747248e-01	1.426525e-01	4.375322e-01	
4  5.02084	2.443871e-01	2.181402e-02	6.887084e-01	
21  2.7778	3.536874e-01	1.195234e-01	4.816988e-01	
14  2.38185	2.807973e-01	5.789735e-02	6.162149e-01	
1  5.61423	3.361491e-01	5.316159e-04	6.182289e-01	
2  4.18658	2.649444e-01	-6.235250e-02	7.523177e-01	
9  2.92631	3.568685e-01	1.377681e-01	4.602730e-01	
1  4.3557	3.591914e-01	2.006623e-01	3.950558e-01	
2  8.85672	3.989224e-01	8.768695e-02	4.683002e-01	
3  2.40924	3.336284e-01	1.322346e-01	4.890466e-01	
1  4.75925	3.711459e-01	9.347528e-02	4.902884e-01	
2  1.65085	3.128323e-01	5.322437e-02	5.888529e-01	
1  2.03649	3.175375e-01	1.073718e-01	5.300003e-01	
19  3.3641	3.599156e-01	1.050270e-01	4.899670e-01	
2  2.38318	3.243970e-01	1.262380e-01	5.042745e-01	
4  1.66094	3.074354e-01	7.707447e-02	5.703997e-01	
44  1.76798	2.928786e-01	1.837934e-02	6.436516e-01	
5  2.09682	2.848586e-01	5.687561e-02	6.131753e-01	
4  1.81306	2.910129e-01	5.745206e-02	6.064446e-01	
5  2.81282	2.988625e-01	1.052869e-01	5.507602e-01	
4  3.60637	2.890504e-01	1.044125e-01	5.614467e-01	
6  2.14585	2.763803e-01	-3.732769e-03	6.822620e-01	
2  1.59492	2.942142e-01	3.735063e-02	6.233447e-01	
10  2.59244	2.887279e-01	-1.496643e-02	6.811480e-01	
13  1.61562	2.951224e-01	3.237934e-02	6.274078e-01	
10  1.67562	2.927440e-01	5.150402e-02	6.106615e-01	
3  4.54563	3.839420e-01	1.574212e-01	4.135463e-01	
6  2.5262	3.356200e-01	1.375863e-01	4.817032e-01	
1  2.61636	3.263309e-01	3.867396e-02	5.899047e-01	
1  1.90147	2.843454e-01	4.525601e-02	6.253081e-01	
1  1.92327	2.795734e-01	2.892425e-02	6.464119e-01	
6  1.71836	2.884453e-01	4.265686e-02	6.238074e-01	
5  1.66419	2.918928e-01	2.664978e-02	6.363670e-01	
9  1.9339	2.943332e-01	1.107172e-02	6.495047e-01	
5  3.26655	2.539752e-01	1.846754e-03	6.990875e-01	
3  3.36836	2.833771e-01	8.878080e-02	5.827517e-01	
2  1.63179	3.022257e-01	6.757652e-02	5.851073e-01	
10  2.05211	3.354024e-01	1.021209e-01	5.173862e-01	
1  1.86947	3.285880e-01	9.560051e-02	5.307210e-01	
6  2.21894	3.399464e-01	1.136533e-01	5.013098e-01	
6  2.46737	3.351760e-01	6.420755e-02	5.555260e-01	
1  3.87897	2.835930e-01	-4.539762e-02	7.167141e-01	
7  4.76728	2.437019e-01	1.339570e-02	6.978120e-01	
10  1.70224	3.122486e-01	8.487573e-02	5.577853e-01	
1  3.69398	2.752253e-01	7.801195e-02	6.016723e-01	
1  1.71709	3.214511e-01	7.297877e-02	5.604797e-01	
3  1.63223	2.915064e-01	4.063724e-02	6.227659e-01	
4  1.71277	3.098541e-01	8.341207e-02	5.616434e-01	
5  2.21888	3.204737e-01	3.955747e-02	5.948783e-01	
2  3.14709	2.646698e-01	-3.934947e-02	7.295892e-01	
6  1.55749	3.027985e-01	4.550738e-02	6.066037e-01	
2  2.34593	3.173195e-01	2.938204e-02	6.082080e-01	
7  2.05856	3.278341e-01	6.363888e-02	5.634366e-01	
2  2.04696	2.777213e-01	1.832811e-03	6.753555e-01	
11  1.78423	2.925864e-01	1.721386e-02	6.451092e-01	
3  1.64046	3.145018e-01	8.016933e-02	5.602384e-01	
1  2.00264	3.333696e-01	9.025820e-02	5.312818e-01	
1  1.99678	3.219205e-01	1.087277e-01	5.242614e-01	
8  2.8171	2.682184e-01	3.851767e-02	6.481735e-01	
2  3.43837	2.937397e-01	1.097341e-01	5.514357e-01	
10  1.92025	2.954383e-01	1.267004e-02	6.468012e-01	
14  2.22041	3.351799e-01	1.223733e-01	4.973563e-01	
7  1.72455	2.862086e-01	2.601071e-02	6.426902e-01	
13  2.04505	3.009912e-01	8.681132e-02	5.671070e-01	
1  2.24645	3.122399e-01	1.094567e-01	5.332129e-01	
4  2.09343	3.022383e-01	9.052298e-02	5.621483e-01	
3  2.49801	3.314760e-01	1.349143e-01	4.885192e-01	
7  1.96245	3.231291e-01	5.654156e-02	5.752389e-01	
28  1.54146	3.052798e-01	5.898836e-02	5.906414e-01	
10  2.62299	3.468466e-01	9.445983e-02	5.136031e-01	
3  2.97688	2.675296e-01	-3.473165e-02	7.221116e-01	
1  3.21433	2.732311e-01	-3.973183e-02	7.214102e-01	
11  1.82763	2.848140e-01	1.348255e-02	6.566130e-01	
1  1.87941	3.261434e-01	7.108549e-02	5.576806e-01	
1  1.90737	3.067784e-01	8.991214e-02	5.582190e-01	
9  1.77776	3.188495e-01	9.407490e-02	5.419852e-01	
1  2.59207	3.374555e-01	6.534011e-02	5.521140e-01	
12  2.06072	3.229590e-01	5.121303e-02	5.807375e-01	
6  2.57437	2.631992e-01	-5.972982e-03	6.976833e-01	
15  2.22058	2.718598e-01	-2.619464e-03	6.856692e-01	
7  3.31342	3.623498e-01	1.195868e-01	4.729730e-01	
4  1.64309	3.006547e-01	3.346369e-02	6.207911e-01	
1  2.40848	2.693612e-01	-1.241251e-02	6.979608e-01	
2  3.10012	2.803369e-01	7.665085e-02	5.979218e-01	
3  2.04962	2.826608e-01	4.899590e-02	6.232529e-01	
4  2.30701	2.733071e-01	3.325205e-02	6.483504e-01	
7  2.90091	2.917707e-01	-1.936000e-02	6.824989e-01	
7  2.37882	3.262188e-01	4.594987e-02	5.827409e-01	
2  3.14127	2.659888e-01	-3.935661e-02	7.282774e-01	
1  3.1793	3.310184e-01	3.351763e-02	5.903736e-01	
1  1.67172	2.893023e-01	3.874283e-02	6.268644e-01	
1  1.93897	2.812151e-01	3.762903e-02	6.360654e-01	
4  1.69996	3.128825e-01	4.913341e-02	5.928937e-01	
2  2.32513	2.798307e-01	5.342113e-02	6.216577e-01	
4  2.21106	2.820476e-01	5.463510e-02	6.182268e-01	
10  2.24121	2.786843e-01	4.693229e-02	6.292929e-01	
6  2.6748	2.770264e-01	5.803806e-02	6.198451e-01	
4  2.71958	3.048417e-01	1.124942e-01	5.375736e-01	
4  1.55061	3.087650e-01	6.125373e-02	5.848908e-01	
7  5.38378	3.811656e-01	1.075180e-01	4.662259e-01	
1  5.23873	3.940186e-01	2.000327e-01	3.608582e-01	
1  2.84044	3.442742e-01	7.479454e-02	5.358408e-01	
14  1.99475	3.315816e-01	8.117761e-02	5.421503e-01	
5  1.84392	2.839350e-01	1.267416e-02	6.583004e-01	
2  2.03369	3.278130e-01	1.125021e-01	5.145945e-01	
6  2.3855	3.390823e-01	1.305478e-01	4.852794e-01	
7  3.50976	3.669541e-01	1.613215e-01	4.266339e-01	
5  2.9552	2.883079e-01	8.964328e-02	5.769583e-01	
3  2.24091	3.136435e-01	2.622096e-02	6.150450e-01	
2  1.96023	2.940517e-01	9.716252e-03	6.511416e-01	
1  1.65235	2.983675e-01	3.044925e-02	6.260928e-01	
9  1.80715	2.965300e-01	6.880101e-02	5.895786e-01	
10  2.18635	3.034009e-01	9.545227e-02	5.560563e-01	
3  8.26966	2.954405e-01	1.778505e-01	4.816185e-01	
2  5.73546	3.924240e-01	1.367137e-01	4.257719e-01	
6  3.97875	3.329383e-01	1.740549e-01	4.479163e-01	
6  3.8432	3.660320e-01	1.067146e-01	4.821629e-01	
10  2.75212	2.601504e-01	-1.983959e-03	6.967431e-01	
1  2.64618	2.883242e-01	8.214572e-02	5.844396e-01	
4  2.73457	3.127050e-01	1.238453e-01	5.183592e-01	
1  3.53461	3.685410e-01	1.524173e-01	4.339513e-01	
1  4.98106	3.610059e-01	6.134196e-02	5.325617e-01	
1  3.1405	3.180235e-01	1.076045e-02	6.261256e-01	
5  1.97161	2.777894e-01	9.450259e-03	6.676699e-01	
8  2.4134	2.745433e-01	4.228216e-02	6.380841e-01	
14  1.81599	3.089687e-01	8.840036e-02	5.575405e-01	
3  4.19684	3.139430e-01	1.549576e-01	4.860089e-01	
1  5.28167	3.696037e-01	7.668477e-02	5.086211e-01	
4  1.88738	3.290886e-01	9.751338e-02	5.283076e-01	
11  2.92094	2.982613e-01	1.067663e-01	5.498820e-01	
1  1.54156	3.013328e-01	4.953697e-02	6.040398e-01	
5  2.91376	2.652547e-01	-3.207961e-02	7.217345e-01	
3  2.67329	2.627900e-01	1.028855e-02	6.818310e-01	
3  4.74926	2.637444e-01	7.055135e-02	6.206138e-01	
13  1.76086	3.118530e-01	8.844774e-02	5.546088e-01	
6  1.64996	2.917077e-01	4.522717e-02	6.179747e-01	
4  1.73964	2.870581e-01	2.080367e-02	6.470478e-01	
4  4.03677	2.438495e-01	-1.295302e-02	7.240131e-01	
7  4.59823	2.388309e-01	-5.786003e-02	7.739387e-01	
1  4.13199	2.530837e-01	2.939728e-02	6.724286e-01	
15  2.29806	3.210257e-01	3.791570e-02	5.959681e-01	
2  2.15718	2.720035e-01	7.862615e-03	6.750434e-01	
5  2.08418	2.748728e-01	2.293820e-02	6.570985e-01	
7  2.2593	3.175317e-01	3.251996e-02	6.048579e-01	
4  3.57489	3.665646e-01	1.683319e-01	4.200131e-01	
5  2.89386	3.563088e-01	1.354662e-01	4.631345e-01	
4  1.5778	3.123862e-01	6.787194e-02	5.746514e-01	
2  3.66589	3.525366e-01	7.079114e-02	5.315818e-01	
7  4.0072	3.392486e-01	3.241932e-02	5.832416e-01	
3  3.29171	2.635118e-01	3.925889e-02	6.521389e-01	
12  2.90123	2.986426e-01	-1.182113e-02	6.680880e-01	
4  1.74959	2.921317e-01	5.601016e-02	6.067677e-01	
4  2.32725	3.408597e-01	9.094443e-02	5.231054e-01	
1  3.02555	3.277744e-01	1.478961e-01	4.792391e-01	
10  1.60309	3.110303e-01	7.458382e-02	5.692954e-01	
1  2.02453	3.058813e-01	9.341733e-02	5.556109e-01	
1  2.48989	3.145337e-01	2.040382e-02	6.199720e-01	
1  1.93845	2.929312e-01	6.803160e-02	5.939467e-01	
7  2.024	3.283937e-01	1.118422e-01	5.146737e-01	
3  3.76214	3.211331e-01	3.875195e-03	6.299012e-01	
7  1.83076	2.822465e-01	1.733530e-02	6.553277e-01	
1  3.03185	2.888065e-01	9.232416e-02	5.737789e-01	
2  2.03411	3.267916e-01	6.213989e-02	5.659781e-01	
2  2.88303	3.540079e-01	1.088372e-01	4.920644e-01	
1  2.06846	3.303708e-01	1.143443e-01	5.101945e-01	
6  1.69496	3.055443e-01	3.623295e-02	6.131323e-01	
4  4.27056	3.048807e-01	1.427720e-01	5.072568e-01	
1  4.6135	2.936260e-01	1.295080e-01	5.317755e-01	
4  3.01237	3.574750e-01	1.470830e-01	4.503515e-01	
1  2.66535	3.377411e-01	6.333509e-02	5.538334e-01	
2  2.2207	3.315848e-01	6.551975e-02	5.578049e-01	
2  1.57633	3.113895e-01	6.962143e-02	5.738986e-01	
9  2.15177	3.379441e-01	1.110170e-01	5.059484e-01	
5  2.0934	2.923447e-01	3.101851e-03	6.594630e-01	
11  2.45405	3.277089e-01	4.664730e-02	5.805533e-01	
2  2.61349	3.131068e-01	1.484036e-02	6.269624e-01	
8  2.82497	3.186488e-01	1.885943e-02	6.174013e-01	
1  4.87854	3.663289e-01	7.697254e-02	5.116081e-01	
2  3.64718	3.661778e-01	1.167203e-01	4.720115e-01	
3  2.421	3.268501e-01	1.293725e-01	4.986870e-01	
1  2.00093	2.800307e-01	3.805637e-02	6.368225e-01	
1  1.59458	2.997395e-01	5.949152e-02	5.956785e-01	
1  1.79081	2.923171e-01	1.666465e-02	6.459278e-01	
3  2.73857	2.642814e-01	-2.405567e-02	7.146839e-01	
4  2.3402	2.724869e-01	3.213460e-02	6.502880e-01	
22  1.84562	2.812527e-01	2.538972e-02	6.482671e-01	
11  1.68783	2.996192e-01	2.905020e-02	6.262401e-01	
4  2.66325	3.325403e-01	5.068802e-02	5.716812e-01	
6  2.26383	2.992325e-01	9.128720e-02	5.643898e-01	
1  1.71951	3.213002e-01	7.171674e-02	5.618926e-01	
2  2.14793	2.816723e-01	5.098868e-02	6.222486e-01	
4  2.02642	3.337758e-01	1.060842e-01	5.150495e-01	
7  2.1076	3.109314e-01	1.031098e-01	5.408683e-01	
3  2.79968	2.780063e-01	-2.755387e-02	7.044571e-01	
2  3.64314	2.864276e-01	1.001357e-01	5.683463e-01	
2  3.18371	3.378504e-01	1.600237e-01	4.570355e-01	
1  2.78103	3.330701e-01	1.453153e-01	4.765241e-01	
6  3.7659	2.485456e-01	-5.516153e-05	7.064191e-01	
1  3.39271	3.374841e-01	4.189390e-02	5.755315e-01	
3  1.72403	3.206185e-01	6.808482e-02	5.662062e-01	
19  1.59887	2.959155e-01	5.096557e-02	6.080284e-01	
5  3.89086	3.237541e-01	5.949121e-03	6.252063e-01	
4  4.38861	2.937614e-01	1.262621e-01	5.348860e-01	
5  4.1911	2.735883e-01	8.359851e-02	5.977227e-01	
1  3.48454	3.629582e-01	1.114039e-01	4.805475e-01	
9  3.20748	3.603288e-01	1.167267e-01	4.778541e-01	
5  3.46795	2.934875e-01	1.098570e-01	5.515650e-01	
2  1.77363	2.839477e-01	2.816668e-02	6.427951e-01	
14  1.57207	3.118331e-01	6.577547e-02	5.773010e-01	
3  2.84321	2.852470e-01	-2.394512e-02	6.936077e-01	
4  1.63829	2.946640e-01	5.273398e-02	6.075116e-01	
16  2.95909	2.590595e-01	1.020031e-02	6.856497e-01	
12  3.24782	2.668832e-01	-4.218552e-02	7.302119e-01	
1  3.46329	3.012240e-01	-1.963925e-02	6.733248e-01	
10  2.90794	3.331689e-01	1.491656e-01	4.725751e-01	
3  1.9059	2.812265e-01	9.723720e-03	6.639593e-01	
7  2.67751	2.816762e-01	6.901979e-02	6.042135e-01	
2  3.15585	2.636817e-01	3.572124e-02	6.555066e-01	
8  2.30648	2.855723e-01	-9.179108e-03	6.785164e-01	
17  2.21989	2.776336e-01	-8.236609e-03	6.855125e-01	
1  2.26705	2.806291e-01	-1.004233e-02	6.843228e-01	
3  1.75745	3.229649e-01	7.300320e-02	5.589414e-01	
2  2.25369	3.069753e-01	1.530775e-02	6.326265e-01	
11  1.88457	2.932825e-01	1.239684e-02	6.492302e-01	
1  4.4101	3.113496e-01	-2.150153e-02	6.650614e-01	
4  2.30032	2.940907e-01	8.341416e-02	5.774046e-01	
6  2.50663	3.409845e-01	1.364700e-01	4.774551e-01	
3  3.59596	2.713231e-01	-4.865885e-02	7.322452e-01	
6  1.85518	2.836788e-01	3.948856e-02	6.317422e-01	
2  2.74318	3.340411e-01	1.447018e-01	4.761666e-01	
2  7.46273	4.215750e-01	2.447301e-01	2.886044e-01	
1  7.5247	4.202986e-01	2.572917e-01	2.773192e-01	
2  9.65894	4.037724e-01	3.209654e-01	2.301717e-01	
1  8.24452	3.774721e-01	2.835246e-01	2.939128e-01	
4  2.51093	3.293571e-01	1.341634e-01	4.913891e-01	
1  7.17466	4.018066e-01	1.285020e-01	4.246010e-01	
10  3.32637	3.312517e-01	3.062400e-02	5.930338e-01	
19  2.5468	2.786360e-01	-2.018024e-02	6.964538e-01	
30  1.59684	2.938294e-01	4.176048e-02	6.193197e-01	
1  1.95363	3.022909e-01	1.904466e-02	6.335740e-01	
4  2.45082	3.433587e-01	9.196257e-02	5.195883e-01	
8  2.92607	2.571151e-01	-1.225759e-02	7.100520e-01	
11  3.48797	2.958023e-01	-2.652264e-02	6.856299e-01	
3  2.11857	2.734205e-01	1.792247e-02	6.635666e-01	
6  2.03653	3.343393e-01	9.063414e-02	5.299361e-01	
5  2.83103	2.885513e-01	8.721149e-02	5.791468e-01	
2  2.25433	3.401935e-01	1.182834e-01	4.964326e-01	
9  2.51336	3.281633e-01	1.334534e-01	4.932928e-01	
7  2.40491	3.249500e-01	4.235838e-02	5.876012e-01	
6  2.17959	3.322308e-01	6.958322e-02	5.530955e-01	
3  2.86501	2.958573e-01	-1.424890e-02	6.733011e-01	
3  2.2489	3.314128e-01	6.367035e-02	5.598264e-01	
2  2.24813	2.954523e-01	8.426309e-02	5.751942e-01	
4  2.12063	3.181397e-01	3.855077e-02	5.982191e-01	
5  3.72459	3.303255e-01	1.662700e-01	4.583140e-01	
1  3.95771	3.015260e-01	1.322427e-01	5.211408e-01	
1  3.91554	3.408721e-01	1.799353e-01	4.341021e-01	
4  3.34275	2.916567e-01	1.041347e-01	5.591181e-01	
1  2.75422	3.525706e-01	1.365756e-01	4.657633e-01	
11  3.49302	3.339092e-01	1.646721e-01	4.563282e-01	
7  4.72399	3.871926e-01	1.843716e-01	3.833454e-01	
3  4.18689	3.785723e-01	1.768647e-01	3.994726e-01	
8  4.01157	3.342960e-01	1.760572e-01	4.445564e-01	
7  5.24749	3.323550e-01	1.955049e-01	4.270496e-01	
2  5.10349	3.927540e-01	1.810037e-01	3.811518e-01	
1  4.75826	3.526167e-01	4.632575e-02	5.559671e-01	
15  2.76139	3.524324e-01	1.114100e-01	4.910672e-01	
1  2.69248	3.179558e-01	1.291576e-01	5.077962e-01	
3  4.9692	3.524765e-01	4.213620e-02	5.602968e-01	
1  3.17173	3.287320e-01	2.920145e-02	5.969761e-01	
1  2.46952	2.688472e-01	2.552403e-02	6.605383e-01	
5  1.83866	3.154242e-01	4.569432e-02	5.937910e-01	
4  2.83715	3.548658e-01	1.203508e-01	4.796930e-01	
11  2.58409	3.094055e-01	1.156075e-01	5.298966e-01	
2  2.18994	3.382327e-01	1.158097e-01	5.008672e-01	
4  1.81546	2.981022e-01	7.214467e-02	5.846627e-01	
2  2.14613	3.218419e-01	1.154182e-01	5.176495e-01	
2  2.41144	3.295186e-01	5.223257e-02	5.731583e-01	
36  1.72934	2.912588e-01	2.041394e-02	6.432368e-01	
2  1.89336	2.978548e-01	7.540762e-02	5.816471e-01	
1  1.54078	3.027726e-01	4.999629e-02	6.021407e-01	
4  2.31671	3.412447e-01	9.384246e-02	5.198224e-01	
6  1.70289	3.161954e-01	8.711737e-02	5.515968e-01	
5  2.74337	2.753257e-01	5.582741e-02	6.237564e-01	
2  2.25031	2.919149e-01	7.772654e-02	5.852681e-01	
10  2.48853	3.459795e-01	1.016881e-01	5.072420e-01	
1  2.06153	2.815399e-01	4.645362e-02	6.269160e-01	
5  1.60865	3.083870e-01	4.793896e-02	5.985836e-01	
6  1.58789	3.015454e-01	3.972371e-02	6.136404e-01	
18  1.65138	3.076138e-01	4.267164e-02	6.046241e-01	
10  2.67118	2.637905e-01	-1.943676e-02	7.105558e-01	
6  2.75746	3.100763e-01	1.209144e-01	5.239188e-01	
6  2.68407	3.348031e-01	1.431333e-01	4.769731e-01	
4  3.38833	2.799962e-01	8.219155e-02	5.927218e-01	
1  3.46216	3.001358e-01	1.210347e-01	5.337391e-01	
4  3.44182	3.260518e-01	1.558356e-01	4.730222e-01	
4  5.10179	3.785053e-01	1.068647e-01	4.695396e-01	
3  3.03919	3.217905e-01	1.421172e-01	4.910018e-01	
9  3.10462	2.747117e-01	-3.657148e-02	7.167693e-01	
17  2.10645	2.770398e-01	3.458897e-02	6.432808e-01	
2  3.52882	3.317864e-01	2.731040e-02	5.958128e-01	
8  3.78549	2.596479e-01	-5.515954e-02	7.504212e-01	
2  3.85917	3.593896e-01	8.432721e-02	5.111927e-01	
1  1.97077	3.323273e-01	1.013018e-01	5.212805e-01	
9  1.69809	2.994038e-01	6.770719e-02	5.877985e-01	
3  1.99666	2.929026e-01	7.240620e-03	6.547664e-01	
2  2.07548	2.978307e-01	8.264122e-02	5.744377e-01	
3  1.58271	2.953893e-01	4.533821e-02	6.141820e-01	
5  1.81421	2.859063e-01	1.403994e-02	6.549633e-01	
3  1.54964	3.029666e-01	5.847858e-02	5.934644e-01	
1  2.35192	2.675803e-01	5.471016e-03	6.818582e-01	
6  3.11528	2.970197e-01	1.089055e-01	5.489844e-01	
3  1.64379	3.173945e-01	7.824640e-02	5.592687e-01	
2  1.9383	3.309208e-01	1.006976e-01	5.232911e-01	
7  2.79559	2.635380e-01	2.145422e-02	6.699173e-01	
18  2.02006	2.777702e-01	3.080102e-02	6.463383e-01	
13  3.23332	2.593828e-01	2.401152e-02	6.715152e-01	
4  5.018	3.640211e-01	6.798111e-02	5.229073e-01	
4  3.43736	3.435151e-01	1.702205e-01	4.411739e-01	
16  1.65177	3.042770e-01	7.229235e-02	5.783402e-01	
8  1.94823	3.220621e-01	5.468444e-02	5.781630e-01	
1  2.11427	2.731961e-01	1.455255e-02	6.671608e-01	
5  2.42694	2.709223e-01	3.110313e-02	6.528841e-01	
11  2.42322	2.743882e-01	-1.650775e-02	6.970291e-01	
14  1.61491	2.927869e-01	3.437126e-02	6.277514e-01	
5  1.53924	3.022536e-01	5.105282e-02	6.016031e-01	
2  2.301	2.742128e-01	3.606040e-02	6.446364e-01	
14  2.36412	3.141561e-01	1.154577e-01	5.252958e-01	
3  3.28598	3.278729e-01	2.501985e-02	6.020168e-01	
3  2.90715	3.195473e-01	1.847547e-02	6.168868e-01	
4  1.89398	2.893928e-01	9.436128e-03	6.560806e-01	
13  1.95748	2.878158e-01	5.559250e-03	6.615345e-01	
5  2.2602	2.718860e-01	2.458140e-02	6.584422e-01	
2  2.70426	3.515045e-01	1.347101e-01	4.686949e-01	
2  3.51901	3.672936e-01	1.607257e-01	4.268902e-01	
1  2.21767	3.402285e-01	1.023168e-01	5.123642e-01	
9  2.4242	3.045531e-01	7.052747e-03	6.433037e-01	
1  2.48309	2.668785e-01	1.756677e-02	6.704643e-01	
2  2.1726	3.015259e-01	9.209831e-02	5.612854e-01	
1  1.76709	3.081813e-01	8.483682e-02	5.618914e-01	
5  2.65451	3.252703e-01	3.545153e-02	5.941877e-01	
2  1.5847	2.975554e-01	3.724277e-02	6.201113e-01	
17  1.6502	2.903841e-01	3.931618e-02	6.252093e-01	
2  1.69425	3.091514e-01	4.223246e-02	6.035257e-01	
19  1.66289	2.947424e-01	5.541174e-02	6.047555e-01	
1  4.20882	3.415378e-01	3.317862e-02	5.801931e-01	
9  3.3892	2.518953e-01	-3.390885e-02	7.369231e-01	
7  4.06232	2.823536e-01	-4.944667e-02	7.220027e-01	
1  5.89456	3.487734e-01	1.972047e-02	5.864157e-01	
9  2.26346	3.405970e-01	1.181775e-01	4.961350e-01	
8  1.66838	3.108307e-01	4.732823e-02	5.967506e-01	
13  1.77189	3.199283e-01	6.082426e-02	5.741570e-01	
3  1.60729	2.959325e-01	5.227066e-02	6.067064e-01	
1  1.72195	3.010723e-01	2.852183e-02	6.253155e-01	
9  2.35521	3.271191e-01	4.877518e-02	5.790153e-01	
2  2.73021	2.646688e-01	2.275157e-02	6.674892e-01	
7  1.72356	2.935733e-01	2.171936e-02	6.396169e-01	
2  2.10249	2.806055e-01	4.587363e-02	6.284304e-01	
2  2.00319	2.771677e-01	2.604340e-02	6.516984e-01	
1  3.20261	3.332737e-01	1.571671e-01	4.644688e-01	
1  2.98987	2.900574e-01	9.376067e-02	5.710915e-01	
3  2.70701	3.455617e-01	8.472793e-02	5.246199e-01	
2  4.36719	2.530211e-01	-6.701206e-02	7.689005e-01	
3  5.38339	2.431182e-01	-8.421621e-02	7.960076e-01	
1  4.86866	2.724441e-01	-6.910688e-02	7.515723e-01	
3  3.06042	3.165300e-01	1.001433e-02	6.283653e-01	
6  3.47453	3.278230e-01	2.096207e-02	6.061245e-01	
6  3.88101	2.618151e-01	4.914254e-02	6.439519e-01	
2  1.66617	3.097600e-01	7.994191e-02	5.652077e-01	
11  1.73649	2.872160e-01	2.102232e-02	6.466712e-01	
1  1.70662	3.210395e-01	7.307830e-02	5.607917e-01	
2  1.58878	3.119962e-01	7.229843e-02	5.706149e-01	
4  2.06717	2.743363e-01	1.066159e-02	6.699116e-01	
11  2.92711	3.027168e-01	-7.314762e-03	6.595075e-01	
6  2.65195	2.812145e-01	6.727062e-02	6.064244e-01	
13  1.69644	2.903293e-01	4.656315e-02	6.180171e-01	
3  1.90153	2.883271e-01	5.601727e-02	6.105652e-01	
10  2.32944	3.390174e-01	1.270061e-01	4.888861e-01	
1  2.19531	3.397639e-01	1.047737e-01	5.103720e-01	
1  1.75347	2.965301e-01	6.579177e-02	5.925877e-01	
1  2.51412	2.655262e-01	-1.185223e-02	7.012356e-01	
8  4.34903	2.408972e-01	-5.231421e-02	7.663265e-01	
3  2.79985	2.909500e-01	-1.792129e-02	6.818809e-01	
3  3.86155	3.124536e-01	1.470350e-01	4.954210e-01	
1  1.75311	3.087314e-01	3.782914e-02	6.083490e-01	
9  1.59209	3.089984e-01	5.110213e-02	5.948090e-01	
9  1.99897	2.788515e-01	4.355977e-03	6.717021e-01	
12  2.04099	3.066545e-01	2.182681e-02	6.264282e-01	
4  1.6297	3.168389e-01	7.070997e-02	5.673607e-01	
8  1.67632	2.931449e-01	2.536553e-02	6.363991e-01	
2  3.79937	2.462778e-01	-1.201501e-02	7.206468e-01	
12  3.52179	2.494829e-01	-9.679863e-03	7.151065e-01	
9  2.70023	3.380143e-01	1.449491e-01	4.719461e-01	
4  2.07424	3.315555e-01	7.409862e-02	5.492554e-01	
1  2.57313	3.451060e-01	1.374144e-01	4.723891e-01	
2  1.60451	3.026118e-01	6.567800e-02	5.866197e-01	
6  2.28428	2.693861e-01	1.204244e-02	6.734810e-01	
6  1.64848	3.103198e-01	4.796127e-02	5.966284e-01	
2  2.46876	3.262931e-01	4.310855e-02	5.855078e-01	
9  1.8752	3.292403e-01	9.229818e-02	5.333711e-01	
16  2.42235	2.672089e-01	-8.619817e-03	6.963204e-01	
2  3.92093	2.469205e-01	-1.088918e-03	7.090780e-01	
5  1.63681	3.171886e-01	7.651664e-02	5.612043e-01	
7  1.7826	3.200122e-01	9.465806e-02	5.402393e-01	
12  1.9747	3.272506e-01	1.086938e-01	5.189651e-01	
1  3.16084	3.602011e-01	1.524182e-01	4.422902e-01	
11  2.05388	3.105671e-01	2.745222e-02	6.168902e-01	
8  1.73618	2.962669e-01	6.420703e-02	5.944356e-01	
3  3.37986	2.765994e-01	-4.153298e-02	7.198432e-01	
4  4.4797	3.350566e-01	1.579289e-02	6.040600e-01	
1  5.17053	2.656430e-01	8.170048e-02	6.075661e-01	
6  6.05595	2.821686e-01	1.283245e-01	5.444164e-01	
1  6.0905	3.130076e-01	1.813655e-01	4.605365e-01	
1  5.05896	3.749935e-01	2.210058e-01	3.589103e-01	
1  3.6879	3.275325e-01	1.625782e-01	4.647988e-01	
4  3.33951	3.623348e-01	1.614237e-01	4.311510e-01	
1  4.92915	3.894926e-01	1.653573e-01	4.000597e-01	
4  4.84916	3.414224e-01	1.986553e-01	4.148319e-01	
13  4.47472	2.800266e-01	1.018228e-01	5.730601e-01	
1  5.59372	2.287324e-01	-6.761572e-02	7.937929e-01	
6  2.5887	2.643916e-01	-1.487684e-02	7.053948e-01	
9  2.2184	2.726136e-01	2.459686e-02	6.576991e-01	
2  2.08219	3.144804e-01	3.313158e-02	6.072975e-01	
10  2.36945	2.842764e-01	6.563310e-02	6.050000e-01	
3  2.66328	3.425536e-01	7.703318e-02	5.353227e-01	
4  4.14384	3.773408e-01	1.788951e-01	3.986737e-01	
6  4.88445	3.822732e-01	2.112917e-01	3.613447e-01	
2  4.92613	2.912006e-01	1.298499e-01	5.338590e-01	
2  3.25881	3.567360e-01	9.789341e-02	5.002801e-01	
2  3.51627	3.182374e-01	3.667332e-03	6.330049e-01	
7  1.61235	3.131294e-01	7.626985e-02	5.655103e-01	
1  4.11719	2.469740e-01	6.909859e-03	7.010257e-01	
1  1.70791	3.217220e-01	7.854388e-02	5.546437e-01	
2  2.548	2.825140e-01	6.720601e-02	6.051895e-01	
2  2.27357	2.823337e-01	5.776297e-02	6.148129e-01	
3  2.54198	2.645428e-01	-1.088971e-02	7.012565e-01	
6  3.53092	2.493478e-01	-9.974976e-03	7.155367e-01	
5  3.21885	2.974604e-01	-1.964793e-02	6.770971e-01	
3  3.44872	2.659103e-01	-4.717635e-02	7.361756e-01	
7  3.46282	3.077919e-01	1.329089e-01	5.142087e-01	
2  2.97596	2.749400e-01	6.131129e-02	6.186583e-01	
1  3.20935	3.200372e-01	1.268162e-02	6.221907e-01	
8  1.67892	3.020058e-01	3.240648e-02	6.204973e-01	
6  1.63447	3.143473e-01	5.904447e-02	5.815177e-01	
1  1.7907	3.112618e-01	8.960115e-02	5.540466e-01	
2  2.13108	3.327769e-01	1.176334e-01	5.044992e-01	
6  7.21127	3.532984e-01	1.055034e-02	5.910608e-01	
3  3.55327	3.611609e-01	1.009800e-01	4.927687e-01	
20  3.93071	3.637614e-01	1.883191e-01	4.028290e-01	
2  4.84207	3.745005e-01	1.014974e-01	4.789116e-01	
2  3.72519	3.061300e-01	-1.784114e-02	6.666207e-01	
10  5.27438	3.172892e-01	1.764332e-01	4.611871e-01	
9  3.13135	3.239793e-01	1.466624e-01	4.842679e-01	
6  4.47255	2.840283e-01	1.096772e-01	5.612040e-01	
2  1.90179	3.140680e-01	9.811802e-02	5.427235e-01	
3  2.01239	3.313985e-01	7.858359e-02	5.449274e-01	
3  2.87011	2.937841e-01	9.787603e-02	5.632494e-01	
4  4.07582	2.609663e-01	5.104278e-02	6.429004e-01	
14  4.84319	2.470216e-01	-7.511818e-02	7.830061e-01	
2  1.64531	3.165078e-01	8.006845e-02	5.583333e-01	
7  1.70453	3.204836e-01	7.063070e-02	5.637952e-01	
2  2.21048	3.013813e-01	9.002567e-03	6.445256e-01	
6  1.57126	3.067223e-01	6.715921e-02	5.810280e-01	
3  1.79932	2.997206e-01	7.415960e-02	5.810294e-01	
2  1.80951	2.907348e-01	5.657464e-02	6.076001e-01	
2  1.71735	3.014965e-01	7.251862e-02	5.808945e-01	
2  3.22193	3.627702e-01	1.346241e-01	4.575152e-01	
3  3.00681	2.575916e-01	5.342384e-03	6.919756e-01	
8  3.5026	3.656191e-01	1.233111e-01	4.659794e-01	
2  2.42681	3.368582e-01	1.333637e-01	4.846877e-01	
11  1.96776	2.798680e-01	5.789479e-03	6.692521e-01	
3  2.85836	2.748836e-01	-3.038498e-02	7.104109e-01	
1  2.97037	2.579725e-01	4.933132e-03	6.920039e-01	
2  2.79134	3.534990e-01	1.372173e-01	4.641932e-01	
9  2.94604	3.549512e-01	1.086643e-01	4.912941e-01	
6  2.14444	2.965882e-01	5.485458e-03	6.528359e-01	
41  1.66018	3.157685e-01	5.994551e-02	5.791955e-01	
1  2.47966	2.902801e-01	8.146957e-02	5.831598e-01	
6  2.66439	3.199151e-01	2.508042e-02	6.099140e-01	
1  1.64687	2.945346e-01	2.859906e-02	6.317759e-01	
2  1.71802	3.202975e-01	6.768612e-02	5.669259e-01	
1  1.68768	3.188473e-01	6.654624e-02	5.695160e-01	
5  2.17454	3.171806e-01	3.475120e-02	6.029778e-01	
2  3.05687	3.424746e-01	6.243521e-02	5.499998e-01	
1  2.67379	3.246535e-01	3.370305e-02	5.965530e-01	
7  2.48313	3.119687e-01	1.641709e-02	6.265238e-01	
3  3.84718	2.467614e-01	-5.671812e-03	7.138199e-01	
4  4.28346	2.698762e-01	-6.177442e-02	7.468077e-01	
2  3.12619	2.617344e-01	-3.758995e-02	7.307651e-01	
2  2.87946	2.611596e-01	1.565570e-02	6.780943e-01	
6  1.60426	2.985976e-01	3.517741e-02	6.211345e-01	
1  2.88477	3.086720e-01	1.219881e-01	5.242495e-01	
2  2.06575	3.329552e-01	7.996765e-02	5.419867e-01	
1  1.76303	3.114897e-01	4.218369e-02	6.012362e-01	
1  2.12	2.849314e-01	-2.813481e-03	6.727916e-01	
4  2.66298	2.780203e-01	-2.384000e-02	7.007292e-01	
3  2.73468	2.788378e-01	-2.543988e-02	7.015116e-01	
8  1.71861	2.970009e-01	2.449169e-02	6.334170e-01	
4  3.53516	2.547613e-01	-4.605130e-02	7.461995e-01	
2  2.65103	2.946089e-01	9.406798e-02	5.662326e-01	
3  2.38786	2.866492e-01	-1.098517e-02	6.792455e-01	
5  1.5994	3.045625e-01	4.238264e-02	6.079644e-01	
3  2.28229	2.945713e-01	8.373788e-02	5.766004e-01	
11  2.35016	2.691579e-01	-7.651911e-03	6.934035e-01	
3  2.54609	2.820997e-01	-1.851858e-02	6.913284e-01	
4  3.38051	2.580719e-01	2.449114e-02	6.723465e-01	
4  1.74614	2.910938e-01	1.908667e-02	6.447291e-01	
2  1.92169	3.193891e-01	4.984588e-02	5.856745e-01	
4  1.89697	2.916232e-01	6.335484e-02	5.999315e-01	
11  2.22467	3.116136e-01	2.335783e-02	6.199381e-01	
6  2.29798	2.716821e-01	2.644070e-02	6.567868e-01	
19  1.60181	2.978974e-01	3.501095e-02	6.220012e-01	
2  1.69636	2.873975e-01	3.027687e-02	6.372351e-01	
7  2.37943	2.729533e-01	-1.415034e-02	6.961066e-01	
11  2.44644	2.657255e-01	4.666268e-03	6.845178e-01	
17  2.57335	3.031146e-01	1.061962e-01	5.455987e-01	
10  1.7271	3.077480e-01	3.771198e-02	6.094495e-01	
16  2.51456	2.879527e-01	-1.357253e-02	6.805294e-01	
9  2.33859	2.868523e-01	7.027207e-02	5.977852e-01	
1  1.69244	2.945985e-01	2.458218e-02	6.357289e-01	
2  1.96235	2.976885e-01	1.322437e-02	6.439966e-01	
2  1.98241	2.844392e-01	3.309021e-03	6.671613e-01	
3  1.99041	3.031691e-01	8.814711e-02	5.635934e-01	
5  2.53674	2.677180e-01	2.478702e-02	6.624045e-01	
7  2.07319	2.745164e-01	6.994664e-03	6.733985e-01	
6  3.68167	3.263006e-01	1.415418e-02	6.144548e-01	
14  1.59189	2.946965e-01	4.510780e-02	6.151053e-01	
1  1.8306	3.257186e-01	9.649236e-02	5.326986e-01	
6  1.89865	3.298866e-01	9.632637e-02	5.286965e-01	
1  3.20988	3.499745e-01	1.651088e-01	4.398263e-01	
5  2.90083	3.367401e-01	5.314937e-02	5.650201e-01	
5  1.54978	3.064408e-01	6.269286e-02	5.857759e-01	
5  4.67151	3.065443e-01	-3.182097e-02	6.801862e-01	
2  3.65726	2.678968e-01	6.006607e-02	6.269467e-01	
1  2.84277	2.747401e-01	5.722242e-02	6.229471e-01	
12  1.97163	2.770066e-01	1.714859e-02	6.607544e-01	
2  1.60283	3.002192e-01	6.135158e-02	5.933388e-01	
5  2.03705	2.907071e-01	6.761899e-02	5.965834e-01	
8  2.16462	2.911776e-01	-3.800235e-04	6.641120e-01	
2  2.61537	3.161248e-01	1.974954e-02	6.190352e-01	
6  1.68818	2.906804e-01	2.425896e-02	6.399701e-01	
6  1.72295	3.173009e-01	5.780381e-02	5.798048e-01	
2  1.74455	2.865657e-01	2.081573e-02	6.475281e-01	
3  3.88432	3.375151e-01	1.764505e-01	4.409439e-01	
2  2.42981	3.294924e-01	1.313495e-01	4.940677e-01	
8  2.05118	3.196629e-01	4.439940e-02	5.908473e-01	
6  2.09203	2.977920e-01	8.565686e-03	6.485519e-01	
12  1.65571	3.098516e-01	4.642226e-02	5.986357e-01	
2  2.08792	2.755945e-01	2.716509e-02	6.521500e-01	
2  5.32827	3.571281e-01	4.592200e-02	5.518594e-01	
1  3.27748	3.637805e-01	1.474185e-01	4.437106e-01	
1  2.71026	3.294934e-01	1.406763e-01	4.847398e-01	
