5  3.26083	3.446438e-01	6.184765e-02	5.484181e-01	
4  2.22127	3.384569e-01	8.957500e-02	5.268776e-01	
6  1.55021	2.992110e-01	4.852649e-02	6.071721e-01	
1  5.18807	3.377786e-01	9.554209e-03	6.075767e-01	
14  1.82776	3.052222e-01	2.847085e-02	6.212165e-01	
6  1.81207	2.946835e-01	1.712258e-02	6.431034e-01	
3  3.0623	2.689412e-01	4.823263e-02	6.377357e-01	
3  1.96881	3.091249e-01	9.555037e-02	5.502343e-01	
1  1.87251	3.114623e-01	3.642665e-02	6.070206e-01	
3  2.77144	3.537536e-01	1.311258e-01	4.700301e-01	
1  6.71693	4.133874e-01	2.091880e-01	3.323341e-01	
10  6.52726	2.832761e-01	1.362583e-01	5.353752e-01	
2  2.08152	3.018651e-01	1.380555e-02	6.392388e-01	
6  2.70146	3.280846e-01	3.983442e-02	5.869906e-01	
1  3.10782	3.144341e-01	5.675805e-03	6.347997e-01	
4  5.39302	2.697715e-01	-7.803671e-02	7.631748e-01	
3  4.80887	3.276271e-01	-2.412577e-03	6.296950e-01	
3  3.35558	3.283028e-01	2.433004e-02	6.022767e-01	
9  2.27242	2.786317e-01	-1.057978e-02	6.868576e-01	
4  2.23258	2.943923e-01	3.892931e-04	6.601279e-01	
7  2.24204	3.351257e-01	1.237659e-01	4.960179e-01	
16  1.77992	3.082060e-01	3.547324e-02	6.112303e-01	
2  2.70216	3.504690e-01	1.056065e-01	4.988340e-01	
4  1.87451	3.286079e-01	9.666915e-02	5.296325e-01	
1  3.3131	3.252680e-01	1.521798e-01	4.774618e-01	
9  3.08514	3.600806e-01	1.422471e-01	4.525819e-01	
6  4.63257	3.859669e-01	1.806089e-01	3.883338e-01	
3  4.66292	3.216845e-01	1.730743e-01	4.601508e-01	
8  3.04231	3.405478e-01	1.574075e-01	4.569542e-01	
4  2.63791	2.919363e-01	-1.314043e-02	6.761137e-01	
23  2.40123	2.668459e-01	-4.021316e-03	6.920850e-01	
2  3.52577	2.991045e-01	1.205518e-01	5.352533e-01	
2  3.02628	3.132341e-01	1.314383e-01	5.102371e-01	
2  2.73009	3.194642e-01	1.318408e-01	5.036046e-01	
1  2.34896	3.198195e-01	3.391803e-02	6.011720e-01	
9  2.7472	3.298084e-01	1.420203e-01	4.830808e-01	
4  2.316	3.119700e-01	1.113345e-01	5.316051e-01	
6  3.74069	3.698571e-01	1.295812e-01	4.554712e-01	
2  3.59835	3.468897e-01	1.762325e-01	4.317874e-01	
7  2.54902	3.477163e-01	1.301014e-01	4.770919e-01	
13  1.79776	3.167470e-01	9.455258e-02	5.436100e-01	
2  2.16958	3.221325e-01	4.481071e-02	5.879663e-01	
11  1.6568	3.165607e-01	8.188974e-02	5.564591e-01	
6  2.73315	3.365447e-01	1.456013e-01	4.727635e-01	
3  3.942	3.665260e-01	1.045513e-01	4.838322e-01	
2  1.68087	3.168367e-01	8.491901e-02	5.531538e-01	
5  3.51317	3.597455e-01	9.759658e-02	4.975674e-01	
3  2.8599	3.416513e-01	6.674049e-02	5.465177e-01	
1  2.65333	3.365588e-01	6.071991e-02	5.576308e-01	
2  2.87485	2.676596e-01	3.880077e-02	6.484492e-01	
7  5.45726	3.149718e-01	-3.078645e-02	6.707242e-01	
10  2.03205	2.754441e-01	1.815075e-02	6.613147e-01	
5  4.27643	3.199709e-01	-6.624804e-03	6.415635e-01	
4  2.73183	3.129770e-01	1.173405e-02	6.301985e-01	
1  2.31569	3.428034e-01	1.048748e-01	5.072314e-01	
4  1.78062	3.204607e-01	6.161177e-02	5.728371e-01	
2  1.84222	3.206542e-01	5.752190e-02	5.767334e-01	
3  1.67149	2.918218e-01	4.842337e-02	6.146643e-01	
2  2.72128	3.130452e-01	1.239498e-01	5.179146e-01	
9  2.01781	3.001776e-01	1.396487e-02	6.407671e-01	
5  2.69182	3.302320e-01	1.406511e-01	4.840264e-01	
1  1.92537	3.283733e-01	1.040335e-01	5.225028e-01	
9  1.55165	2.988938e-01	4.744723e-02	6.085685e-01	
3  1.98416	3.224356e-01	1.083421e-01	5.241319e-01	
1  1.81305	2.847747e-01	1.489797e-02	6.552368e-01	
1  1.58853	3.077795e-01	7.053059e-02	5.765994e-01	
3  1.66459	3.140408e-01	5.480301e-02	5.860657e-01	
11  2.14448	3.186929e-01	3.873883e-02	5.974778e-01	
2  2.0057	2.967661e-01	7.814455e-02	5.799989e-01	
1  2.93867	3.550317e-01	1.096810e-01	4.901969e-01	
1  3.26569	3.598199e-01	1.101124e-01	4.849773e-01	
19  3.16951	3.180812e-01	1.024942e-02	6.265789e-01	
2  3.4453	2.510607e-01	-3.470089e-02	7.385497e-01	
2  2.31571	2.746389e-01	-1.189526e-02	6.921659e-01	
4  1.99535	2.975315e-01	1.177242e-02	6.456056e-01	
9  1.5846	3.046216e-01	4.410762e-02	6.061804e-01	
2  2.85867	3.101907e-01	4.550405e-03	6.401684e-01	
2  4.10726	3.689755e-01	1.070145e-01	4.789196e-01	
7  3.64662	3.315171e-01	1.658303e-01	4.575622e-01	
7  2.80006	3.444604e-01	1.494918e-01	4.609574e-01	
1  2.1593	3.299088e-01	1.197455e-01	5.052552e-01	
3  1.8082	2.952389e-01	6.633594e-02	5.933347e-01	
3  2.3894	3.218027e-01	1.242496e-01	5.088573e-01	
5  2.32517	2.825032e-01	6.003628e-02	6.123701e-01	
12  1.77654	2.885965e-01	1.647747e-02	6.498355e-01	
2  1.53883	3.042355e-01	5.656431e-02	5.941098e-01	
8  4.91076	2.337980e-01	-3.389397e-02	7.550055e-01	
10  5.16396	3.533473e-01	4.057263e-02	5.609897e-01	
1  3.33607	3.242507e-01	1.515828e-01	4.790760e-01	
4  4.23899	3.792774e-01	1.506355e-01	4.249967e-01	
2  8.12247	4.297227e-01	2.406829e-01	2.845040e-01	
3  5.84456	3.165298e-01	1.833014e-01	4.550784e-01	
3  3.24848	3.633820e-01	1.377850e-01	4.537425e-01	
2  2.83389	2.699250e-01	4.411852e-02	6.408661e-01	
4  2.45551	3.459098e-01	1.246328e-01	4.843670e-01	
1  4.83844	2.691105e-01	-7.078843e-02	7.565875e-01	
4  3.18544	2.532092e-01	-1.594798e-02	7.176484e-01	
7  2.16333	2.743532e-01	2.801423e-02	6.525421e-01	
1  2.24603	3.330656e-01	6.847149e-02	5.533724e-01	
21  1.76389	3.202543e-01	9.302233e-02	5.416330e-01	
1  1.94249	3.000845e-01	1.673938e-02	6.380857e-01	
29  1.87079	2.920834e-01	1.218187e-02	6.506443e-01	
1  1.64426	2.904226e-01	3.724885e-02	6.272381e-01	
2  6.81453	2.782572e-01	-8.811102e-02	7.647634e-01	
2  3.1012	2.783168e-01	-3.460344e-02	7.111961e-01	
2  3.3768	2.536053e-01	6.166461e-03	6.951378e-01	
1  2.72975	3.251122e-01	3.308230e-02	5.967150e-01	
6  2.76146	3.449766e-01	1.476789e-01	4.622540e-01	
5  2.33667	3.190804e-01	1.199396e-01	5.158895e-01	
4  1.8334	2.906376e-01	5.776692e-02	6.065050e-01	
8  1.83909	3.194568e-01	5.471472e-02	5.807380e-01	
2  2.16674	3.356722e-01	1.180526e-01	5.011847e-01	
12  3.34268	2.826524e-01	8.677929e-02	5.854778e-01	
3  3.54575	3.080603e-01	-1.209649e-02	6.589457e-01	
8  2.40384	2.904890e-01	7.969208e-02	5.847285e-01	
14  2.32784	2.864627e-01	-9.279211e-03	6.777261e-01	
15  2.52462	2.655793e-01	-1.296164e-02	7.022919e-01	
8  2.68604	2.894522e-01	8.538071e-02	5.800766e-01	
1  1.61431	3.117345e-01	7.632484e-02	5.668502e-01	
6  2.83912	3.551375e-01	1.233064e-01	4.764657e-01	
14  2.07121	3.349536e-01	8.888334e-02	5.310726e-01	
8  2.47406	3.016273e-01	1.012414e-01	5.520409e-01	
8  2.11887	2.753253e-01	2.866922e-02	6.509150e-01	
13  2.53521	2.752512e-01	4.893840e-02	6.307200e-01	
4  2.5448	3.283635e-01	4.511942e-02	5.814266e-01	
6  5.84949	3.855711e-01	1.091811e-01	4.601574e-01	
5  3.39659	3.618118e-01	1.113026e-01	4.817952e-01	
3  6.11948	3.339668e-01	2.102963e-01	4.106464e-01	
6  4.95114	3.616858e-01	2.155661e-01	3.776576e-01	
3  6.69614	3.322637e-01	2.159683e-01	4.066776e-01	
1  3.56515	3.234168e-01	1.554762e-01	4.760165e-01	
3  6.94981	3.083106e-01	1.847395e-01	4.618594e-01	
2  5.07422	3.612342e-01	6.003521e-02	5.336401e-01	
1  4.59038	3.293112e-01	1.812780e-01	4.443203e-01	
2  1.80869	3.206930e-01	6.001269e-02	5.742039e-01	
20  2.73459	3.529263e-01	1.302967e-01	4.716865e-01	
3  4.00451	2.901424e-01	-4.124240e-02	7.060095e-01	
24  1.55741	3.092680e-01	5.862318e-02	5.870184e-01	
2  2.21126	2.998693e-01	7.109536e-03	6.479307e-01	
2  2.07692	2.760765e-01	2.839688e-02	6.504361e-01	
2  2.75124	3.179380e-01	1.306700e-01	5.063015e-01	
7  2.02322	3.331385e-01	1.074761e-01	5.142949e-01	
1  1.85714	3.279878e-01	8.247867e-02	5.444431e-01	
6  1.78297	3.028933e-01	7.844579e-02	5.735704e-01	
1  3.52964	3.201464e-01	6.521631e-03	6.282416e-01	
13  2.96122	3.144076e-01	1.314802e-01	5.090218e-01	
7  1.67263	3.037881e-01	7.312465e-02	5.779968e-01	
5  2.50949	3.471303e-01	1.271331e-01	4.806461e-01	
6  2.92479	3.568826e-01	1.253487e-01	4.726783e-01	
2  2.7703	3.531642e-01	1.358715e-01	4.658739e-01	
1  3.69763	3.620979e-01	1.802841e-01	4.125275e-01	
5  3.98205	3.700265e-01	1.163072e-01	4.685759e-01	
4  2.83637	3.548406e-01	1.363084e-01	4.637606e-01	
15  1.93313	2.891834e-01	5.967008e-02	6.060561e-01	
1  3.79606	2.690230e-01	6.573165e-02	6.201549e-01	
4  3.1377	3.577109e-01	1.567684e-01	4.404302e-01	
1  4.35461	3.229005e-01	1.695185e-01	4.624906e-01	
1  9.04915	3.274433e-01	2.369729e-01	3.904933e-01	
6  4.74125	3.863225e-01	1.572942e-01	4.112928e-01	
2  3.65833	3.649007e-01	1.106182e-01	4.793907e-01	
6  2.20678	3.368943e-01	1.199471e-01	4.980681e-01	
5  2.852	3.035534e-01	1.136809e-01	5.376752e-01	
6  2.73282	2.625518e-01	-2.078254e-02	7.131402e-01	
7  2.06804	3.358294e-01	9.666900e-02	5.224111e-01	
10  2.68753	3.247483e-01	3.351258e-02	5.966487e-01	
3  1.65675	2.932061e-01	5.081741e-02	6.108860e-01	
7  1.91459	2.788085e-01	1.701852e-02	6.590825e-01	
11  3.27584	2.654950e-01	-4.295988e-02	7.323745e-01	
17  1.67076	3.034194e-01	3.480920e-02	6.166810e-01	
3  2.45154	2.680631e-01	2.101382e-02	6.658327e-01	
9  1.98397	3.225096e-01	5.387674e-02	5.785232e-01	
3  1.98441	2.775077e-01	2.549876e-02	6.519030e-01	
13  1.58333	3.119665e-01	7.104207e-02	5.719010e-01	
20  2.74387	2.620465e-01	1.157205e-02	6.812910e-01	
2  2.60506	2.631801e-01	-1.168657e-02	7.034160e-01	
1  2.88832	2.957946e-01	1.018324e-01	5.572826e-01	
6  3.31033	2.522270e-01	-6.759967e-03	7.094425e-01	
10  2.1208	2.925568e-01	7.455269e-02	5.878000e-01	
10  3.41987	2.626243e-01	4.019688e-02	6.520883e-01	
11  1.96644	2.850656e-01	5.117445e-02	6.186695e-01	
5  2.66204	3.295701e-01	4.412117e-02	5.812183e-01	
22  2.17158	2.923494e-01	7.593843e-02	5.866217e-01	
2  1.58247	3.108127e-01	5.699425e-02	5.871026e-01	
5  2.0849	2.831083e-01	5.191287e-02	6.198884e-01	
3  3.71895	3.099889e-01	1.409382e-01	5.039825e-01	
5  2.1401	2.829609e-01	5.400132e-02	6.179473e-01	
1  4.03601	3.147254e-01	-1.080232e-02	6.509864e-01	
5  2.0414	3.342448e-01	1.069249e-01	5.137399e-01	
2  1.78662	3.012444e-01	7.603925e-02	5.776259e-01	
14  1.73622	2.856398e-01	2.545624e-02	6.438136e-01	
10  1.64955	2.929543e-01	2.817848e-02	6.337767e-01	
5  3.79696	2.553415e-01	-5.431346e-02	7.538815e-01	
5  3.19854	3.030890e-01	-1.233745e-02	6.641580e-01	
5  2.07164	2.748271e-01	5.668065e-03	6.744144e-01	
1  1.73967	3.050166e-01	7.915976e-02	5.707331e-01	
9  1.94666	2.791047e-01	2.943679e-02	6.463681e-01	
3  1.76876	3.172318e-01	5.401892e-02	5.836588e-01	
22  1.68031	2.900598e-01	2.561237e-02	6.392374e-01	
3  1.77305	3.240443e-01	7.566812e-02	5.551971e-01	
4  2.32073	3.047608e-01	1.020236e-02	6.399464e-01	
2  2.15827	2.727789e-01	1.561489e-03	6.805691e-01	
2  2.51627	3.122494e-01	1.175326e-01	5.251275e-01	
3  3.54418	3.155364e-01	-1.105369e-03	6.404785e-01	
1  4.4575	2.519575e-01	3.351205e-02	6.694400e-01	
38  1.55127	2.995765e-01	4.514349e-02	6.101896e-01	
9  1.57162	3.110244e-01	6.031267e-02	5.835725e-01	
9  1.95567	3.272257e-01	6.842409e-02	5.592597e-01	
3  2.50137	3.054534e-01	1.078104e-01	5.416457e-01	
15  2.01334	3.275840e-01	6.561485e-02	5.617107e-01	
17  1.57446	2.970983e-01	4.985452e-02	6.079567e-01	
5  1.63306	3.092993e-01	7.667830e-02	5.689319e-01	
1  3.11767	3.196116e-01	1.414476e-01	4.938504e-01	
2  3.30069	3.307775e-01	1.573871e-01	4.667449e-01	
3  4.03184	2.699592e-01	7.253944e-02	6.124109e-01	
2  2.03029	3.347178e-01	9.667375e-02	5.235180e-01	
5  3.03602	3.592666e-01	1.384998e-01	4.571431e-01	
1  2.29408	3.228019e-01	4.164186e-02	5.904658e-01	
9  2.18237	3.389199e-01	9.773531e-02	5.182543e-01	
3  2.39578	3.446439e-01	1.054154e-01	5.048502e-01	
1  4.40717	3.579305e-01	6.606745e-02	5.309115e-01	
2  3.48468	3.476812e-01	6.322305e-02	5.440053e-01	
1  4.26906	3.097514e-01	1.501353e-01	4.950228e-01	
3  1.8093	3.252025e-01	9.434229e-02	5.353648e-01	
4  2.83855	3.382869e-01	1.499004e-01	4.667222e-01	
1  3.85717	3.345114e-01	1.731360e-01	4.472621e-01	
1  3.73541	3.592218e-01	1.826722e-01	4.130156e-01	
2  2.88928	2.711221e-01	4.915738e-02	6.346300e-01	
4  2.6114	3.489479e-01	1.059884e-01	4.999733e-01	
8  2.63697	3.445196e-01	1.416905e-01	4.686994e-01	
1  5.19217	3.873272e-01	1.364637e-01	4.311186e-01	
5  7.34599	4.155345e-01	2.618846e-01	2.774904e-01	
1  7.93243	4.276004e-01	2.407101e-01	2.865991e-01	
8  7.41379	3.328356e-01	2.257859e-01	3.962880e-01	
1  4.55569	3.380857e-01	1.901286e-01	4.266953e-01	
1  4.26568	3.787643e-01	1.440059e-01	4.321394e-01	
2  3.49024	3.631276e-01	1.118302e-01	4.799518e-01	
1  2.0543	3.031313e-01	9.049553e-02	5.612827e-01	
12  2.52975	2.650834e-01	-1.180668e-02	7.016328e-01	
10  2.51039	2.684389e-01	-1.718215e-02	7.036527e-01	
11  2.05051	3.002925e-01	1.292482e-02	6.416922e-01	
3  2.50547	2.665667e-01	1.768084e-02	6.706620e-01	
3  1.86904	3.289510e-01	9.276974e-02	5.331888e-01	
1  2.29613	2.758307e-01	4.101863e-02	6.380602e-01	
13  1.65265	2.906412e-01	4.131624e-02	6.229521e-01	
14  3.04771	3.176082e-01	1.374609e-01	4.998404e-01	
5  3.00809	2.957889e-01	1.044966e-01	5.546240e-01	
1  4.26251	2.657362e-01	6.680871e-02	6.223646e-01	
6  6.15751	3.839832e-01	9.712164e-02	4.738047e-01	
12  3.34231	3.344385e-01	3.667146e-02	5.837996e-01	
14  1.89299	3.290205e-01	8.202406e-02	5.438650e-01	
3  3.48504	3.218546e-01	1.022578e-02	6.228292e-01	
1  2.57592	2.782305e-01	5.798363e-02	6.186954e-01	
5  3.06823	2.773875e-01	6.935956e-02	6.081625e-01	
3  4.46945	3.133264e-01	-1.957005e-02	6.611532e-01	
2  5.18439	3.568427e-01	4.784600e-02	5.502208e-01	
3  2.6585	2.796238e-01	6.379986e-02	6.114859e-01	
1  2.33211	2.874882e-01	7.141118e-02	5.960102e-01	
10  2.66422	2.761839e-01	5.561118e-02	6.231144e-01	
7  1.62445	2.933994e-01	3.152200e-02	6.299882e-01	
7  1.80736	2.978898e-01	2.032179e-02	6.366980e-01	
2  2.38861	3.113216e-01	1.799168e-02	6.255963e-01	
4  1.80906	3.071048e-01	8.572902e-02	5.620757e-01	
3  1.95647	3.291830e-01	7.511567e-02	5.506109e-01	
7  2.13846	3.222992e-01	1.154314e-01	5.171789e-01	
7  2.07024	2.945382e-01	5.942071e-03	6.544293e-01	
9  1.6491	3.069806e-01	4.177697e-02	6.061520e-01	
8  2.2375	2.799500e-01	-9.014560e-03	6.839741e-01	
4  2.04025	2.972505e-01	9.799082e-03	6.478600e-01	
13  1.75635	2.846508e-01	2.875221e-02	6.415065e-01	
5  2.93271	2.571075e-01	-1.507944e-02	7.128815e-01	
4  1.74441	2.863939e-01	3.780358e-02	6.307121e-01	
10  1.8047	2.875269e-01	1.439220e-02	6.529905e-01	
3  1.92593	3.096184e-01	3.091253e-02	6.143786e-01	
8  1.63016	2.913911e-01	3.899968e-02	6.245188e-01	
10  3.77592	3.339813e-01	1.709388e-01	4.499894e-01	
4  3.20196	3.583814e-01	1.075110e-01	4.890172e-01	
2  1.8842	2.892943e-01	5.741870e-02	6.081965e-01	
12  3.14909	2.540226e-01	-2.208852e-02	7.229754e-01	
4  2.45881	3.457425e-01	1.038506e-01	5.053165e-01	
1  2.78257	3.061855e-01	1.160064e-01	5.327177e-01	
5  2.42675	2.667448e-01	-7.248659e-03	6.954134e-01	
3  3.12055	3.443274e-01	6.522592e-02	5.453563e-01	
5  2.65621	3.509927e-01	1.155189e-01	4.883979e-01	
5  2.58513	2.646580e-01	1.378230e-02	6.764692e-01	
1  1.75745	3.224232e-01	7.063907e-02	5.618472e-01	
1  3.54644	3.371499e-01	3.768450e-02	5.800752e-01	
1  2.91441	3.193446e-01	1.795774e-02	6.176072e-01	
2  2.53952	2.769227e-01	-2.048715e-02	6.984740e-01	
4  3.27604	2.989461e-01	-1.898257e-02	6.749460e-01	
3  3.86001	2.533402e-01	2.296113e-02	6.786082e-01	
2  2.18741	3.364585e-01	1.188553e-01	4.995957e-01	
4  2.56457	3.448108e-01	9.000666e-02	5.200920e-01	
4  2.47603	3.435767e-01	9.100950e-02	5.203234e-01	
6  1.89432	3.280711e-01	7.709838e-02	5.497401e-01	
3  1.64453	3.106568e-01	4.900259e-02	5.952502e-01	
6  2.09088	2.747084e-01	3.442345e-03	6.767588e-01	
2  1.72322	2.950646e-01	2.266262e-02	6.371823e-01	
12  2.23589	2.935010e-01	8.028568e-02	5.811228e-01	
2  2.73423	2.692306e-01	3.866412e-02	6.470148e-01	
1  2.74812	2.627980e-01	1.564834e-02	6.764632e-01	
7  1.97548	2.815423e-01	4.029690e-03	6.693375e-01	
1  2.76976	2.828721e-01	-2.394631e-02	6.959838e-01	
6  3.61769	3.425056e-01	4.762405e-02	5.647799e-01	
4  3.62542	2.540886e-01	1.831101e-02	6.825099e-01	
1  2.18866	3.194893e-01	1.151515e-01	5.202688e-01	
3  1.85683	3.272542e-01	7.828444e-02	5.493709e-01	
3  1.86434	2.820826e-01	3.399117e-02	6.388358e-01	
5  2.15468	3.332914e-01	7.445805e-02	5.471601e-01	
17  1.66634	3.170132e-01	8.302726e-02	5.548691e-01	
4  1.73891	2.921745e-01	5.535107e-02	6.073840e-01	
11  1.91362	2.911398e-01	9.481952e-03	6.542878e-01	
2  2.45857	2.732399e-01	4.022694e-02	6.414427e-01	
12  2.03651	2.936302e-01	6.333162e-03	6.549462e-01	
14  1.67111	2.903112e-01	2.671523e-02	6.378831e-01	
6  3.4317	2.536760e-01	9.128096e-03	6.921055e-01	
5  1.58311	3.057812e-01	6.775893e-02	5.813695e-01	
16  1.63739	3.066738e-01	4.221493e-02	6.060208e-01	
5  2.22867	2.915728e-01	-2.147030e-03	6.654838e-01	
4  1.8635	3.070928e-01	2.961395e-02	6.182028e-01	
5  5.6406	3.997772e-01	1.869424e-01	3.681900e-01	
2  7.65582	4.115023e-01	1.500708e-01	3.933364e-01	
3  6.72497	4.028556e-01	1.447621e-01	4.072918e-01	
2  4.71816	3.737958e-01	2.112173e-01	3.698965e-01	
4  2.02643	3.202312e-01	4.668032e-02	5.879980e-01	
5  3.26521	2.748936e-01	6.822217e-02	6.117938e-01	
4  2.15018	2.783333e-01	4.152526e-02	6.350510e-01	
1  2.32739	3.149344e-01	2.574292e-02	6.142322e-01	
18  2.27144	3.188650e-01	3.461592e-02	6.014287e-01	
6  5.95055	2.705045e-01	-8.452998e-02	7.689351e-01	
9  1.61333	3.000264e-01	6.207108e-02	5.928121e-01	
16  1.63452	3.053574e-01	7.238792e-02	5.771643e-01	
9  1.68523	3.115602e-01	8.303002e-02	5.603193e-01	
10  1.57961	2.989393e-01	5.579269e-02	6.001776e-01	
4  3.58788	2.969432e-01	-2.697385e-02	6.849402e-01	
3  2.34784	3.034186e-01	7.617431e-03	6.438735e-01	
2  1.93662	2.948931e-01	1.146424e-02	6.485522e-01	
7  2.51747	3.250070e-01	3.891481e-02	5.909877e-01	
3  2.25305	3.312338e-01	6.299013e-02	5.606856e-01	
1  1.56146	3.063267e-01	5.025628e-02	5.983265e-01	
7  2.12161	2.983658e-01	8.519037e-02	5.713534e-01	
1  1.64351	2.904683e-01	3.306900e-02	6.313722e-01	
13  1.73293	3.229926e-01	7.985417e-02	5.520628e-01	
3  2.77831	2.825481e-01	7.361997e-02	5.987414e-01	
6  3.61778	2.490261e-01	-5.599959e-03	7.114834e-01	
7  3.45876	2.497020e-01	-2.767682e-02	7.328843e-01	
4  3.39311	2.711379e-01	6.219859e-02	6.215730e-01	
5  3.62875	3.168621e-01	1.486772e-01	4.893702e-01	
3  3.69946	3.709027e-01	1.417561e-01	4.422507e-01	
3  3.18309	3.330323e-01	1.564770e-01	4.654003e-01	
2  2.15233	3.067253e-01	9.915918e-02	5.490251e-01	
7  2.43292	3.157734e-01	1.194072e-01	5.197289e-01	
2  2.14048	3.153286e-01	1.093143e-01	5.302666e-01	
6  1.94658	3.199189e-01	4.976449e-02	5.852262e-01	
1  1.75819	2.878513e-01	1.818582e-02	6.488725e-01	
4  1.83507	3.184235e-01	5.249185e-02	5.839942e-01	
1  2.19595	3.363975e-01	1.196378e-01	4.988743e-01	
18  1.77063	3.220555e-01	9.304686e-02	5.398072e-01	
1  1.79335	3.242883e-01	7.355585e-02	5.570654e-01	
1  1.63037	3.128135e-01	7.866134e-02	5.634347e-01	
12  1.80474	3.115008e-01	9.062207e-02	5.527867e-01	
4  2.85296	2.633566e-01	2.343909e-02	6.681139e-01	
7  2.3218	3.250102e-01	4.532911e-02	5.845702e-01	
11  2.29063	3.355112e-01	7.350707e-02	5.458913e-01	
2  2.21965	3.377272e-01	8.636418e-02	5.308181e-01	
1  2.12038	3.011683e-01	1.161177e-02	6.421294e-01	
16  2.43763	3.422791e-01	1.313025e-01	4.813279e-01	
4  2.49332	3.203789e-01	3.061274e-02	6.039179e-01	
15  2.72155	2.727030e-01	4.826312e-02	6.339434e-01	
4  1.99649	3.332282e-01	1.025364e-01	5.191449e-01	
1  2.82541	3.153349e-01	1.330733e-02	6.262673e-01	
11  1.80313	3.177780e-01	9.546965e-02	5.416619e-01	
6  3.07682	3.089742e-01	1.267175e-01	5.192178e-01	
6  3.2207	3.238710e-01	1.909783e-02	6.119407e-01	
7  2.0021	2.801182e-01	3.844326e-02	6.363481e-01	
1  2.06549	3.353053e-01	9.218235e-02	5.274218e-01	
1  2.30904	3.360693e-01	7.425600e-02	5.445842e-01	
14  1.7146	2.877019e-01	2.347537e-02	6.437323e-01	
2  1.7967	3.190127e-01	5.644914e-02	5.794477e-01	
3  2.85142	3.513552e-01	9.858080e-02	5.049735e-01	
2  3.27444	2.964077e-01	1.111403e-01	5.473616e-01	
1  3.58565	2.507901e-01	2.595632e-03	7.015238e-01	
1  2.38041	2.854042e-01	-1.161392e-02	6.811193e-01	
9  2.26735	2.742441e-01	3.436853e-02	6.462969e-01	
4  1.83972	2.956269e-01	6.873762e-02	5.905450e-01	
1  3.09757	2.546542e-01	-9.545044e-03	7.098004e-01	
2  1.93306	2.789506e-01	2.670614e-02	6.492528e-01	
7  2.05077	3.348824e-01	1.059886e-01	5.140385e-01	
5  4.91707	3.307719e-01	1.275160e-03	6.228625e-01	
1  4.3536	3.097665e-01	-2.286679e-02	6.680098e-01	
3  4.72133	2.378913e-01	-6.057091e-02	7.775892e-01	
3  2.68425	2.766653e-01	-2.495896e-02	7.032032e-01	
11  2.8769	2.597202e-01	8.291281e-03	6.868981e-01	
4  2.99552	2.671714e-01	4.125658e-02	6.464816e-01	
2  2.5979	3.250251e-01	1.336616e-01	4.962229e-01	
25  2.56982	2.915088e-01	-1.185821e-02	6.752590e-01	
1  3.09884	3.264592e-01	2.653865e-02	6.019117e-01	
5  2.50626	2.658409e-01	-1.214127e-02	7.012099e-01	
8  2.96405	2.572108e-01	-2.105601e-02	7.187548e-01	
18  1.61326	3.092861e-01	7.469410e-02	5.709294e-01	
33  1.86599	2.948404e-01	6.849379e-02	5.915753e-01	
14  1.72359	2.937798e-01	2.182930e-02	6.393005e-01	
1  2.16031	2.787996e-01	-5.582013e-03	6.816919e-01	
2  1.82099	3.195379e-01	5.609815e-02	5.792735e-01	
3  3.22828	2.574131e-01	1.629468e-02	6.812017e-01	
6  3.92706	2.841007e-01	-4.574677e-02	7.165556e-01	
6  2.26084	2.979513e-01	8.903908e-02	5.679192e-01	
1  3.70003	2.742018e-01	7.584852e-02	6.048592e-01	
2  3.11181	3.576611e-01	1.550827e-01	4.421658e-01	
8  8.34414	3.817122e-01	2.880517e-01	2.851456e-01	
1  3.70753	3.684879e-01	1.729871e-01	4.134346e-01	
31  2.13763	3.329439e-01	1.179986e-01	5.039670e-01	
17  2.5456	3.335135e-01	5.695626e-02	5.644398e-01	
1  3.84747	3.717777e-01	1.742384e-01	4.088935e-01	
3  4.40126	3.321512e-01	1.811760e-01	4.415823e-01	
3  2.82323	3.252253e-01	1.402329e-01	4.894513e-01	
1  2.53105	3.386357e-01	7.115644e-02	5.451174e-01	
3  2.54684	2.936860e-01	-9.114588e-03	6.703381e-01	
5  2.33901	2.986009e-01	1.834624e-03	6.544740e-01	
14  2.19102	3.395509e-01	1.024268e-01	5.129318e-01	
9  1.93267	2.795502e-01	3.000726e-02	6.453521e-01	
14  3.46205	3.640181e-01	1.176805e-01	4.732110e-01	
2  2.5732	3.109145e-01	1.242024e-02	6.315748e-01	
1  2.01732	3.084443e-01	2.541117e-02	6.210541e-01	
5  2.72729	3.307575e-01	4.475768e-02	5.793944e-01	
3  3.79384	3.331723e-01	2.463145e-02	5.971058e-01	
3  2.46077	3.138740e-01	1.179858e-01	5.230497e-01	
1  3.14606	2.748546e-01	6.534801e-02	6.147069e-01	
1  2.70032	2.971859e-01	9.977961e-02	5.579440e-01	
2  5.14002	3.135142e-01	1.690835e-01	4.723118e-01	
2  4.21632	3.579201e-01	1.967130e-01	4.002765e-01	
1  2.47178	3.453621e-01	9.993285e-02	5.096146e-01	
1  2.36708	2.797756e-01	-1.393157e-02	6.890655e-01	
1  4.05519	3.321976e-01	1.790262e-02	6.048093e-01	
3  2.24581	3.358696e-01	7.732773e-02	5.417122e-01	
3  2.37566	3.445997e-01	1.108982e-01	4.994117e-01	
5  1.74468	2.886508e-01	4.615744e-02	6.201013e-01	
1  5.86053	2.859102e-01	1.329219e-01	5.360774e-01	
4  4.92466	3.686947e-01	2.172348e-01	3.689800e-01	
2  4.83794	3.740106e-01	2.148233e-01	3.660756e-01	
3  7.80246	4.022228e-01	1.156778e-01	4.370089e-01	
1  4.17836	2.732923e-01	8.272549e-02	5.988917e-01	
2  2.29052	3.264062e-01	1.242556e-01	5.042478e-01	
7  1.73315	2.870458e-01	2.170978e-02	6.461540e-01	
11  1.53977	3.055663e-01	5.799636e-02	5.913469e-01	
4  1.69392	3.055897e-01	7.710506e-02	5.722148e-01	
1  1.84858	3.160864e-01	4.653569e-02	5.922875e-01	
4  1.57545	2.959463e-01	4.519359e-02	6.137696e-01	
7  2.78085	2.740778e-01	5.374940e-02	6.270824e-01	
34  1.7226	3.210386e-01	6.999762e-02	5.638733e-01	
1  1.62823	3.080855e-01	4.546352e-02	6.013605e-01	
17  1.88091	2.976453e-01	7.447045e-02	5.827938e-01	
1  3.31107	2.514487e-01	-1.798971e-02	7.214506e-01	
8  3.23522	3.028955e-01	-1.329466e-02	6.653087e-01	
6  1.64005	2.981441e-01	6.089211e-02	5.958733e-01	
5  1.64825	2.905480e-01	3.085617e-02	6.335053e-01	
1  2.78903	3.314327e-01	1.444568e-01	4.790201e-01	
1  2.40058	3.290011e-01	5.142373e-02	5.744847e-01	
1  4.12588	2.950026e-01	-3.793435e-02	6.978413e-01	
5  3.04331	2.580470e-01	-2.975747e-02	7.266201e-01	
7  2.60067	2.628111e-01	1.325690e-03	6.907728e-01	
2  1.7926	2.831100e-01	2.416855e-02	6.476310e-01	
13  1.58781	3.127701e-01	7.138213e-02	5.707573e-01	
2  2.07108	3.329489e-01	1.128772e-01	5.090835e-01	
3  3.03316	3.506367e-01	1.579440e-01	4.463288e-01	
22  3.0905	3.596068e-01	1.468649e-01	4.484379e-01	
1  5.64653	3.017182e-01	1.578371e-01	4.953543e-01	
1  6.01371	3.816094e-01	9.351701e-02	4.797831e-01	
2  6.34769	3.683329e-01	5.379959e-02	5.327770e-01	
6  2.74753	2.853328e-01	-2.160710e-02	6.911838e-01	
1  2.65771	2.689578e-01	3.487583e-02	6.510759e-01	
5  2.20818	2.758472e-01	-7.007875e-03	6.860702e-01	
1  2.65642	3.369991e-01	6.173531e-02	5.561751e-01	
7  2.51293	3.480338e-01	1.184735e-01	4.884022e-01	
1  2.30058	3.210200e-01	1.205465e-01	5.133430e-01	
10  2.33796	3.357534e-01	1.290177e-01	4.901384e-01	
3  2.2302	3.401450e-01	1.147767e-01	4.999878e-01	
11  2.41098	3.417588e-01	1.299867e-01	4.831641e-01	
2  2.30902	3.429016e-01	1.099168e-01	5.020911e-01	
1  2.89676	3.540154e-01	1.464892e-01	4.544049e-01	
5  2.45347	3.465754e-01	1.175606e-01	4.907735e-01	
3  2.96431	3.385170e-01	5.547520e-02	5.609173e-01	
4  2.97928	3.435989e-01	6.786970e-02	5.434409e-01	
19  1.64642	2.901782e-01	3.504040e-02	6.296910e-01	
6  5.79736	2.286247e-01	-2.279865e-02	7.490835e-01	
3  3.5096	2.599615e-01	3.464103e-02	6.603070e-01	
2  1.56852	3.005502e-01	4.140237e-02	6.129570e-01	
3  1.64825	3.181551e-01	7.293980e-02	5.638146e-01	
1  1.94495	3.197533e-01	4.947569e-02	5.856806e-01	
1  2.23575	2.720383e-01	-4.440007e-03	6.873113e-01	
15  2.12355	2.890327e-01	-5.965500e-04	6.664734e-01	
2  1.6425	2.951025e-01	2.922628e-02	6.305807e-01	
1  2.3376	2.695304e-01	-7.495321e-03	6.928744e-01	
3  2.33556	2.703069e-01	-8.967479e-03	6.935701e-01	
9  1.95465	2.991029e-01	1.510618e-02	6.407004e-01	
5  2.39878	2.719045e-01	-1.447425e-02	6.974793e-01	
3  2.85211	2.649217e-01	-2.961436e-02	7.196023e-01	
4  3.48788	2.584135e-01	-4.718271e-02	7.436787e-01	
8  1.76878	2.867258e-01	4.211401e-02	6.260698e-01	
5  1.82389	3.118757e-01	9.203310e-02	5.510008e-01	
5  1.76132	3.064670e-01	3.370658e-02	6.147359e-01	
5  2.89512	2.596532e-01	9.195200e-03	6.860611e-01	
9  2.50091	2.973175e-01	9.488414e-02	5.627080e-01	
7  1.97893	2.873655e-01	4.347692e-03	6.631963e-01	
9  1.72476	2.870804e-01	2.295018e-02	6.448789e-01	
2  2.38035	2.990149e-01	9.439384e-02	5.615008e-01	
5  1.56539	3.082621e-01	6.732004e-02	5.793274e-01	
21  3.68339	2.551265e-01	-5.103114e-02	7.508141e-01	
2  3.23078	3.410205e-01	5.388550e-02	5.600035e-01	
4  1.85301	3.005956e-01	7.826116e-02	5.760528e-01	
13  1.79001	2.862810e-01	1.599018e-02	6.526384e-01	
1  3.82552	2.512327e-01	-5.208938e-02	7.557662e-01	
5  2.35963	2.677749e-01	-3.188797e-03	6.903234e-01	
12  1.57288	3.108095e-01	6.909691e-02	5.750032e-01	
4  3.07184	3.006864e-01	1.140469e-01	5.401762e-01	
3  3.68584	3.677383e-01	1.218796e-01	4.652916e-01	
14  2.76385	3.360764e-01	1.464345e-01	4.723987e-01	
5  2.97268	3.568129e-01	1.452777e-01	4.528189e-01	
1  3.78294	3.726924e-01	1.489737e-01	4.332434e-01	
8  1.85496	3.265530e-01	9.839852e-02	5.299581e-01	
4  1.64977	2.899801e-01	3.509571e-02	6.298337e-01	
1  3.04051	3.285447e-01	3.191693e-02	5.944480e-01	
19  2.15142	2.865949e-01	-3.188844e-03	6.715035e-01	
3  1.95947	3.004667e-01	8.266392e-02	5.717789e-01	
7  1.79564	3.196190e-01	5.809779e-02	5.771928e-01	
1  5.878	3.821583e-01	9.814474e-02	4.746065e-01	
1  5.27326	3.804021e-01	2.259988e-01	3.485086e-01	
5  3.87149	3.510880e-01	1.852979e-01	4.185237e-01	
10  1.58658	3.133737e-01	6.759700e-02	5.739389e-01	
8  1.64284	3.129180e-01	8.010042e-02	5.618912e-01	
6  2.24425	2.814083e-01	5.433693e-02	6.191643e-01	
7  2.4383	2.786726e-01	-1.669500e-02	6.929320e-01	
3  2.57605	2.772513e-01	-2.154647e-02	6.992048e-01	
2  2.17207	2.920534e-01	7.537752e-02	5.874786e-01	
4  2.30796	3.025776e-01	9.799008e-02	5.543418e-01	
7  3.61722	2.756568e-01	-4.673698e-02	7.259897e-01	
5  3.13237	2.920338e-01	-2.390927e-02	6.867850e-01	
2  4.03379	3.368141e-01	2.706309e-02	5.910324e-01	
4  1.63835	3.127101e-01	5.421909e-02	5.879803e-01	
28  1.60304	3.030168e-01	6.616509e-02	5.857276e-01	
2  3.07519	2.560019e-01	5.481622e-04	6.983594e-01	
4  3.05866	2.938002e-01	-2.057266e-02	6.816820e-01	
4  3.97769	3.225013e-01	2.356786e-03	6.300515e-01	
2  2.57297	2.809246e-01	6.432228e-02	6.096627e-01	
2  2.59023	3.049514e-01	3.334865e-03	6.466233e-01	
4  3.73828	2.678320e-01	-5.290084e-02	7.399784e-01	
4  1.85452	2.867463e-01	4.911068e-02	6.190526e-01	
12  1.54571	3.050781e-01	5.145436e-02	5.983770e-01	
10  2.41573	3.128512e-01	1.968313e-02	6.223753e-01	
4  2.19567	3.368980e-01	8.488386e-02	5.331277e-01	
4  3.79392	2.532677e-01	-5.296923e-02	7.546111e-01	
1  1.86972	2.802637e-01	2.136270e-02	6.532832e-01	
1  4.00359	2.498473e-01	1.464200e-02	6.904202e-01	
1  2.99758	2.980603e-01	-1.453748e-02	6.713867e-01	
2  3.53515	2.512856e-01	-4.067467e-02	7.442986e-01	
10  3.57688	2.802568e-01	-4.283931e-02	7.174920e-01	
12  2.66523	3.274021e-01	3.945904e-02	5.880484e-01	
1  4.20452	3.539497e-01	6.085537e-02	5.401045e-01	
1  2.83892	3.120745e-01	7.841963e-03	6.349930e-01	
10  1.5628	3.053194e-01	4.822632e-02	6.013639e-01	
3  4.47344	2.458025e-01	1.329277e-02	6.958143e-01	
23  3.01614	2.701465e-01	-3.576722e-02	7.205303e-01	
1  2.26232	2.697040e-01	1.077040e-02	6.744351e-01	
1  2.65452	3.457714e-01	8.826493e-02	5.208733e-01	
1  1.97401	2.771724e-01	2.099269e-02	6.567445e-01	
8  2.00666	2.861521e-01	5.597998e-02	6.127775e-01	
1  2.28692	2.902655e-01	7.566051e-02	5.889836e-01	
17  1.57756	2.962270e-01	4.746975e-02	6.112128e-01	
21  1.54287	3.040782e-01	5.070448e-02	6.001268e-01	
2  1.84122	3.156148e-01	4.594963e-02	5.933452e-01	
1  4.03585	3.039937e-01	-2.571364e-02	6.766295e-01	
6  2.14746	2.870202e-01	-2.791154e-03	6.706805e-01	
4  2.415	2.662611e-01	3.518550e-03	6.851299e-01	
3  2.37008	3.170056e-01	1.188614e-01	5.190425e-01	
1  2.80156	3.458791e-01	8.131833e-02	5.277122e-01	
4  3.42732	2.597584e-01	3.162582e-02	6.635253e-01	
3  2.01917	3.264470e-01	6.204757e-02	5.664150e-01	
6  2.26304	2.963418e-01	8.631597e-02	5.722518e-01	
4  1.77786	3.249364e-01	8.850174e-02	5.414714e-01	
6  2.20504	3.319150e-01	1.222786e-01	5.007159e-01	
5  2.87952	3.127396e-01	1.274099e-01	5.147600e-01	
2  2.07106	2.778691e-01	3.521651e-02	6.418239e-01	
1  6.17101	2.320047e-01	2.925347e-03	7.199795e-01	
1  4.8549	2.706467e-01	-7.008721e-02	7.543500e-01	
16  4.28669	2.453170e-01	5.708108e-03	7.038844e-01	
6  1.98473	3.304482e-01	1.076551e-01	5.168063e-01	
1  3.23892	3.252589e-01	1.505012e-01	4.791495e-01	
2  1.8898	2.914785e-01	1.084288e-02	6.525882e-01	
1  2.38161	2.686700e-01	-9.136568e-03	6.953761e-01	
7  2.66884	2.830253e-01	7.175458e-02	6.001297e-01	
1  2.38474	3.332805e-01	6.260500e-02	5.590240e-01	
4  2.86057	3.185014e-01	1.776505e-02	6.186431e-01	
7  3.05054	3.245562e-01	1.453476e-01	4.850057e-01	
24  1.98167	3.067115e-01	9.290757e-02	5.552905e-01	
3  2.33594	3.262937e-01	4.762965e-02	5.809862e-01	
2  2.35543	2.982593e-01	9.748162e-04	6.556754e-01	
1  4.87056	2.530857e-01	4.518369e-02	6.566402e-01	
3  4.67903	2.709412e-01	8.594367e-02	5.980247e-01	
13  2.48997	3.087986e-01	1.136463e-02	6.347463e-01	
1  4.06003	3.064083e-01	-2.292683e-02	6.714281e-01	
6  3.36902	2.534310e-01	-3.714646e-02	7.386250e-01	
9  5.05018	2.391031e-01	3.252535e-03	7.125539e-01	
16  2.28871	2.711227e-01	-6.932101e-03	6.907190e-01	
8  1.88287	2.887268e-01	9.727585e-03	6.564552e-01	
2  4.20102	3.148234e-01	-1.329051e-02	6.533766e-01	
6  3.74543	2.984633e-01	-2.787071e-02	6.843169e-01	
2  2.48158	2.925084e-01	-8.601245e-03	6.710024e-01	
1  1.85136	2.809069e-01	2.115280e-02	6.528499e-01	
11  2.24925	2.756498e-01	-9.065903e-03	6.883256e-01	
1  2.19505	3.385807e-01	9.327099e-02	5.230579e-01	
11  3.30364	2.967239e-01	-2.210811e-02	6.802937e-01	
5  2.16187	3.327866e-01	7.235223e-02	5.497708e-01	
1  2.9137	3.529548e-01	1.015039e-01	5.004509e-01	
2  7.87833	4.184540e-01	1.714332e-01	3.650224e-01	
5  2.42775	3.450260e-01	1.031777e-01	5.067059e-01	
17  1.90505	3.303345e-01	9.472084e-02	5.298542e-01	
5  2.52451	3.470159e-01	1.295994e-01	4.782942e-01	
7  2.4215	3.300914e-01	5.321026e-02	5.716079e-01	
4  1.76499	3.219568e-01	6.791228e-02	5.650404e-01	
4  1.87153	2.827578e-01	3.755058e-02	6.346011e-01	
3  1.6306	3.140451e-01	5.868597e-02	5.821785e-01	
6  5.67051	2.986657e-01	1.530851e-01	5.031587e-01	
2  3.59825	3.533076e-01	1.782643e-01	4.233377e-01	
1  5.39884	3.450388e-01	1.991227e-02	5.899585e-01	
26  1.69687	3.188175e-01	6.513229e-02	5.709598e-01	
4  2.03058	3.344999e-01	1.033375e-01	5.170721e-01	
5  2.18651	2.722358e-01	-2.948494e-05	6.827032e-01	
13  2.23806	3.376805e-01	8.462184e-02	5.326072e-01	
3  2.57459	2.728006e-01	-2.206214e-02	7.041711e-01	
1  1.7904	2.865692e-01	1.580231e-02	6.525380e-01	
5  1.72859	2.892402e-01	4.645954e-02	6.192098e-01	
4  1.85467	3.283127e-01	8.605651e-02	5.405403e-01	
11  2.33497	3.011380e-01	5.028574e-03	6.487429e-01	
1  5.00038	3.306870e-01	-1.064364e-04	6.243290e-01	
4  5.28679	3.021020e-01	1.535726e-01	4.992349e-01	
11  2.7489	3.400550e-01	1.472647e-01	4.675899e-01	
1  3.22313	2.657186e-01	4.374552e-02	6.454454e-01	
11  2.51291	3.024810e-01	1.036262e-01	5.488023e-01	
11  1.88718	3.027962e-01	8.330600e-02	5.688074e-01	
2  4.67662	3.816627e-01	1.343425e-01	4.389044e-01	
3  5.79608	3.078692e-01	1.696538e-01	4.773865e-01	
2  1.76927	2.982930e-01	2.273676e-02	6.338797e-01	
7  1.58104	3.119235e-01	7.045454e-02	5.725315e-01	
1  2.89493	2.791528e-01	6.909533e-02	6.066615e-01	
11  2.72232	3.161657e-01	1.278446e-01	5.108993e-01	
4  2.16092	3.283117e-01	1.195074e-01	5.070904e-01	
4  1.72136	2.943768e-01	2.233569e-02	6.381970e-01	
2  1.7564	3.154934e-01	5.082444e-02	5.885917e-01	
3  1.63583	2.962437e-01	5.637515e-02	6.022907e-01	
3  1.55538	3.012580e-01	4.439555e-02	6.092560e-01	
2  1.91937	3.178390e-01	1.021983e-01	5.348722e-01	
3  1.58161	3.067647e-01	6.865953e-02	5.794853e-01	
11  1.83607	2.989871e-01	7.473337e-02	5.811890e-01	
8  1.94728	2.777473e-01	1.639306e-02	6.607692e-01	
8  5.7991	2.678498e-01	-8.446535e-02	7.715251e-01	
5  6.8138	2.180820e-01	-7.196401e-02	8.087915e-01	
2  3.04623	2.625747e-01	-3.531891e-02	7.276538e-01	
3  3.23677	2.530921e-01	-2.647653e-02	7.282939e-01	
2  2.50078	3.065868e-01	7.867565e-03	6.404552e-01	
8  2.41397	3.455692e-01	1.168906e-01	4.924498e-01	
2  5.21914	3.818207e-01	1.144501e-01	4.586387e-01	
6  1.67998	2.960294e-01	5.978322e-02	5.990970e-01	
2  2.14468	3.380959e-01	1.082599e-01	5.085538e-01	
2  2.24302	3.407965e-01	1.135067e-01	5.006063e-01	
8  2.21963	3.288470e-01	5.828593e-02	5.677766e-01	
8  2.06778	3.232182e-01	1.128933e-01	5.187980e-01	
4  2.91386	3.496099e-01	8.858683e-02	5.167128e-01	
12  2.79453	2.683328e-01	3.807321e-02	6.485035e-01	
3  1.67506	2.992358e-01	2.954366e-02	6.261300e-01	
2  2.99365	2.835274e-01	8.095470e-02	5.904275e-01	
2  2.39205	3.448784e-01	1.182461e-01	4.917851e-01	
3  3.14331	3.183335e-01	1.404979e-01	4.960782e-01	
5  1.92754	2.903871e-01	6.212472e-02	6.023977e-01	
6  1.57635	3.023643e-01	6.204313e-02	5.905021e-01	
6  1.89614	3.102796e-01	3.330329e-02	6.113267e-01	
9  1.80735	2.967723e-01	6.927168e-02	5.888655e-01	
4  1.64519	3.101488e-01	7.852961e-02	5.662311e-01	
4  1.88738	2.905212e-01	1.037082e-02	6.540175e-01	
4  3.09048	3.572510e-01	1.094850e-01	4.881736e-01	
4  5.04049	3.809969e-01	1.172418e-01	4.566708e-01	
2  5.90554	3.372951e-01	2.111824e-01	4.064320e-01	
5  4.37807	3.749829e-01	1.980944e-01	3.818322e-01	
4  4.42851	3.800082e-01	1.397768e-01	4.351245e-01	
9  3.03058	2.900449e-01	9.464062e-02	5.702240e-01	
1  2.11721	3.034254e-01	1.464536e-02	6.368387e-01	
5  1.93256	2.809774e-01	3.620249e-02	6.377297e-01	
1  7.2164	2.158308e-01	-8.179832e-02	8.208771e-01	
3  4.22028	2.452744e-01	3.222567e-03	7.064126e-01	
4  3.06443	2.634654e-01	3.204468e-02	6.593995e-01	
7  3.28108	3.340132e-01	1.597278e-01	4.611686e-01	
4  2.65204	3.333452e-01	1.413064e-01	4.802580e-01	
1  1.96963	3.231199e-01	1.078519e-01	5.239377e-01	
1  6.12543	2.545812e-01	6.928453e-02	6.310438e-01	
2  6.3437	3.397717e-01	-2.879320e-03	6.180171e-01	
9  4.87225	3.580000e-01	5.637554e-02	5.405341e-01	
3  3.55234	3.685541e-01	1.402692e-01	4.460862e-01	
5  3.22609	3.582183e-01	1.054026e-01	4.912886e-01	
7  3.14442	3.414763e-01	1.609263e-01	4.525069e-01	
4  2.67787	3.437695e-01	1.441189e-01	4.670211e-01	
1  2.06939	3.357984e-01	1.047719e-01	5.143392e-01	
19  5.05149	2.362387e-01	-6.913489e-02	7.878058e-01	
2  5.2741	3.301950e-01	-4.873955e-03	6.295885e-01	
4  1.99632	2.782168e-01	5.499974e-03	6.711928e-01	
4  2.28297	2.803449e-01	5.313011e-02	6.214346e-01	
5  2.15455	3.342374e-01	7.774534e-02	5.429268e-01	
2  2.42859	3.125517e-01	1.883870e-02	6.235191e-01	
15  2.78754	3.016453e-01	-5.642582e-03	6.589068e-01	
3  3.37461	3.405412e-01	1.668281e-01	4.475402e-01	
1  2.75156	3.420952e-01	1.475997e-01	4.652146e-01	
10  2.88797	3.324050e-01	1.480489e-01	4.744557e-01	
1  3.10427	3.112687e-01	9.153687e-04	6.427255e-01	
2  4.04834	3.329558e-01	1.943116e-02	6.025226e-01	
2  2.49322	3.240078e-01	3.763286e-02	5.932688e-01	
2  2.66425	3.364133e-01	5.996574e-02	5.585305e-01	
3  3.51027	2.548514e-01	1.717351e-02	6.828847e-01	
4  1.66587	3.110991e-01	4.807645e-02	5.957340e-01	
20  1.95435	3.016604e-01	8.437793e-02	5.688712e-01	
1  1.94963	3.157805e-01	4.095363e-02	5.981755e-01	
1  2.65866	3.124202e-01	1.215495e-01	5.209398e-01	
10  2.92298	2.684763e-01	4.278958e-02	6.436437e-01	
2  3.45099	2.688562e-01	-4.657503e-02	7.326283e-01	
1  3.14937	3.488037e-01	7.653961e-02	5.295663e-01	
3  2.20278	2.805755e-01	-7.489298e-03	6.818233e-01	
2  4.14044	3.335970e-01	1.896319e-02	6.023494e-01	
2  2.17712	3.220113e-01	4.426269e-02	5.886355e-01	
4  2.91045	2.823331e-01	7.646637e-02	5.961101e-01	
36  2.18961	3.325330e-01	1.213678e-01	5.010087e-01	
21  1.83848	3.113253e-01	9.221315e-02	5.513711e-01	
9  1.81927	3.262044e-01	9.366695e-02	5.350382e-01	
2  2.8397	3.548125e-01	1.371339e-01	4.629632e-01	
7  3.84374	3.555425e-01	1.859624e-01	4.134046e-01	
2  2.68167	3.384199e-01	1.443596e-01	4.721300e-01	
7  2.95756	3.053425e-01	1.187934e-01	5.307736e-01	
1  4.85311	2.402333e-01	2.240700e-03	7.124355e-01	
4  3.62768	2.504028e-01	-4.317554e-02	7.476823e-01	
3  3.98988	2.936372e-01	-3.732597e-02	6.985983e-01	
7  2.44402	2.738945e-01	-1.726072e-02	6.982757e-01	
2  1.9604	2.797573e-01	6.554689e-03	6.685976e-01	
11  2.84412	3.179842e-01	1.330677e-01	5.038577e-01	
6  1.6514	3.095954e-01	4.628427e-02	5.990299e-01	
2  1.70579	3.007753e-01	2.916419e-02	6.249700e-01	
6  1.5786	3.088083e-01	5.258998e-02	5.935112e-01	
4  1.58056	3.064497e-01	4.760113e-02	6.008587e-01	
6  2.35211	3.332593e-01	1.296390e-01	4.920113e-01	
6  2.8241	3.507073e-01	1.469902e-01	4.572120e-01	
3  3.23656	3.617111e-01	1.225203e-01	4.706781e-01	
2  1.96219	3.321535e-01	8.982528e-02	5.329308e-01	
1  1.56889	2.976121e-01	4.044027e-02	6.168572e-01	
6  5.29685	2.306346e-01	-3.406723e-02	7.583422e-01	
2  3.12232	2.771770e-01	-3.573244e-02	7.134650e-01	
9  2.62882	2.765770e-01	-2.335686e-02	7.016894e-01	
4  1.91929	3.066063e-01	2.645726e-02	6.218460e-01	
2  2.19262	2.716859e-01	1.450764e-03	6.817729e-01	
14  1.70864	2.887031e-01	2.304325e-02	6.431632e-01	
9  4.63858	2.364397e-01	-3.048163e-02	7.489515e-01	
2  4.00692	3.147321e-01	-1.031881e-02	6.504963e-01	
6  2.60439	2.627086e-01	7.100788e-04	6.914908e-01	
6  4.56523	3.346300e-01	1.359161e-02	6.066879e-01	
2  3.91729	3.676864e-01	1.098570e-01	4.773661e-01	
15  3.08472	3.566724e-01	1.071309e-01	4.911063e-01	
1  3.24954	3.432815e-01	1.648458e-01	4.467822e-01	
1  4.00141	3.435265e-01	1.838590e-01	4.275241e-01	
6  4.13518	3.782513e-01	1.714141e-01	4.052442e-01	
13  1.87024	3.284136e-01	8.254465e-02	5.439513e-01	
7  2.22161	2.944739e-01	8.131042e-04	6.596226e-01	
7  1.86909	2.817888e-01	1.281044e-02	6.603103e-01	
3  2.44738	3.304310e-01	1.325079e-01	4.919706e-01	
1  3.68695	3.507125e-01	1.802157e-01	4.239814e-01	
1  1.73068	3.081652e-01	8.268320e-02	5.640611e-01	
13  2.64392	3.329989e-01	5.237133e-02	5.695393e-01	
21  1.54878	3.084065e-01	6.044951e-02	5.860535e-01	
1  1.97565	3.013418e-01	1.697871e-02	6.365890e-01	
4  2.30041	3.345375e-01	1.271969e-01	4.931752e-01	
8  2.16825	3.067397e-01	1.762347e-02	6.305464e-01	
1  3.28835	2.647211e-01	4.269711e-02	6.474914e-01	
3  1.94339	2.892972e-01	6.042877e-02	6.051836e-01	
1  1.54465	3.059818e-01	5.364379e-02	5.952839e-01	
2  2.53689	2.858615e-01	-1.580078e-02	6.848489e-01	
18  1.82996	2.865642e-01	1.263356e-02	6.557118e-01	
3  2.64514	2.652118e-01	-2.038929e-02	7.100870e-01	
9  1.98436	2.845135e-01	3.217906e-03	6.671782e-01	
2  2.45466	3.463259e-01	1.096325e-01	4.989511e-01	
4  2.39209	2.772332e-01	4.908723e-02	6.285891e-01	
19  1.96244	2.805013e-01	5.600203e-03	6.688080e-01	
1  3.8037	2.642186e-01	5.384641e-02	6.368446e-01	
5  4.57414	2.464319e-01	1.823902e-02	6.902386e-01	
7  3.91906	2.440699e-01	-3.621987e-02	7.470595e-01	
7  2.28139	2.863413e-01	6.728131e-02	6.012870e-01	
1  3.70387	3.597602e-01	9.048784e-02	5.046615e-01	
21  3.2642	2.520928e-01	-1.782689e-02	7.206436e-01	
5  2.08444	2.883321e-01	6.441845e-02	6.021590e-01	
7  2.5332	2.736544e-01	4.440209e-02	6.368530e-01	
5  3.1192	2.635765e-01	3.422488e-02	6.571082e-01	
2  3.33793	2.774455e-01	-4.016442e-02	7.176284e-01	
16  3.48623	3.326119e-01	2.981593e-02	5.924817e-01	
6  5.45125	2.965647e-01	-5.429136e-02	7.126362e-01	
4  3.30996	3.370505e-01	4.293593e-02	5.749231e-01	
1  2.90695	3.353905e-01	4.985144e-02	5.696676e-01	
9  1.59598	3.027078e-01	4.019288e-02	6.120089e-01	
10  2.83213	2.742446e-01	-2.987865e-02	7.105436e-01	
1  2.58799	2.647963e-01	1.475297e-02	6.753602e-01	
2  2.8779	3.329438e-01	4.521549e-02	5.767503e-01	
1  3.94912	2.754861e-01	-5.279505e-02	7.322185e-01	
10  2.07326	2.840837e-01	-1.139743e-03	6.719656e-01	
14  1.81901	3.094452e-01	8.911695e-02	5.563474e-01	
5  2.68587	3.495793e-01	1.387897e-01	4.665406e-01	
1  2.59338	3.409828e-01	7.536284e-02	5.385639e-01	
4  1.59655	3.142780e-01	7.002551e-02	5.706061e-01	
5  2.40126	3.122508e-01	1.142576e-01	5.284012e-01	
4  2.095	3.351954e-01	8.709985e-02	5.326143e-01	
9  2.86567	3.459688e-01	1.520491e-01	4.568917e-01	
1  2.29367	2.714003e-01	2.491486e-02	6.585944e-01	
11  2.06468	3.354062e-01	9.316747e-02	5.263359e-01	
5  2.1321	2.944559e-01	3.706002e-03	6.567476e-01	
1  1.70854	3.214230e-01	7.503252e-02	5.584540e-01	
5  3.26142	3.472954e-01	1.665697e-01	4.410444e-01	
3  1.78583	3.255414e-01	8.437390e-02	5.449943e-01	
2  1.81727	3.160614e-01	4.824372e-02	5.906044e-01	
5  3.71601	2.955773e-01	-3.071750e-02	6.900498e-01	
2  2.658	3.252525e-01	3.531842e-02	5.943387e-01	
17  1.60145	3.105006e-01	5.326197e-02	5.911470e-01	
9  2.2687	3.146290e-01	1.129869e-01	5.272936e-01	
4  1.959	2.978820e-01	1.356708e-02	6.434605e-01	
8  1.77058	3.003053e-01	2.487307e-02	6.297312e-01	
5  1.71267	2.867958e-01	2.669805e-02	6.414157e-01	
2  2.45204	3.423371e-01	8.764537e-02	5.249271e-01	
7  2.62751	3.085358e-01	7.495296e-03	6.388785e-01	
9  2.13459	2.853000e-01	5.950911e-02	6.101004e-01	
4  2.14746	2.777677e-01	-4.628125e-03	6.817700e-01	
4  2.48632	2.648561e-01	-3.188570e-03	6.932420e-01	
8  1.55993	3.046397e-01	6.298847e-02	5.872814e-01	
13  1.61254	2.960182e-01	5.319928e-02	6.056921e-01	
2  2.46685	3.467823e-01	1.205482e-01	4.875790e-01	
4  2.56565	3.306706e-01	1.368510e-01	4.873879e-01	
3  1.61441	2.983736e-01	3.391533e-02	6.226206e-01	
2  2.00829	2.908269e-01	5.134038e-03	6.589486e-01	
1  2.49385	2.733723e-01	4.206272e-02	6.394746e-01	
2  2.46751	2.971419e-01	9.367553e-02	5.640921e-01	
2  2.2247	2.709463e-01	2.185580e-04	6.837447e-01	
2  1.85419	3.085213e-01	3.229657e-02	6.140916e-01	
3  3.91085	2.512257e-01	1.691590e-02	6.867679e-01	
3  3.56261	3.386327e-01	4.044245e-02	5.758344e-01	
2  3.08484	3.543462e-01	9.741001e-02	5.031534e-01	
2  3.02432	3.585505e-01	1.242511e-01	4.721079e-01	
10  1.562	2.979119e-01	4.238872e-02	6.146089e-01	
6  1.69457	2.973500e-01	6.359268e-02	5.939668e-01	
3  5.54216	2.436958e-01	-8.730965e-02	7.985234e-01	
4  4.95677	2.371594e-01	-6.784300e-02	7.855931e-01	
3  1.74997	3.044267e-01	7.891685e-02	5.715660e-01	
3  2.94177	3.293746e-01	3.601575e-02	5.895192e-01	
2  3.44211	2.884175e-01	1.000937e-01	5.663984e-01	
2  2.54006	2.640022e-01	-7.108992e-03	6.980163e-01	
8  2.40557	3.073253e-01	1.078414e-01	5.397429e-01	
1  1.9868	3.269577e-01	1.095527e-01	5.183991e-01	
12  3.1102	3.503284e-01	1.612783e-01	4.433028e-01	
5  2.73743	3.497741e-01	1.424670e-01	4.626684e-01	
1  2.89146	3.364067e-01	1.506982e-01	4.678046e-01	
2  3.17142	3.599570e-01	1.542038e-01	4.407488e-01	
2  3.41501	3.658881e-01	1.551363e-01	4.338852e-01	
7  2.01122	3.339795e-01	9.389265e-02	5.270374e-01	
1  2.38017	3.297224e-01	5.387128e-02	5.713159e-01	
3  3.19471	2.922961e-01	1.022890e-01	5.603244e-01	
1  2.32047	3.387948e-01	8.292274e-02	5.331920e-01	
13  4.31808	3.165054e-01	-1.260264e-02	6.510068e-01	
2  3.14637	3.157277e-01	6.919017e-03	6.322629e-01	
3  2.81096	3.547022e-01	1.303191e-01	4.698882e-01	
5  1.74452	3.236241e-01	8.268945e-02	5.485960e-01	
2  2.0881	3.217524e-01	1.129014e-01	5.202557e-01	
2  3.28109	3.640432e-01	1.410951e-01	4.497712e-01	
3  2.05987	3.344894e-01	8.780291e-02	5.326172e-01	
3  3.77743	2.713694e-01	7.090858e-02	6.126316e-01	
2  1.6485	3.164878e-01	6.392957e-02	5.744922e-01	
13  3.54785	2.821947e-01	-4.080377e-02	7.135186e-01	
7  1.99797	2.769739e-01	8.400448e-03	6.695352e-01	
1  1.85375	2.808358e-01	2.051293e-02	6.535608e-01	
2  2.31736	3.228809e-01	4.100203e-02	5.910266e-01	
8  3.42997	2.658797e-01	-4.674093e-02	7.357708e-01	
1  3.18994	3.333173e-01	3.794165e-02	5.836505e-01	
3  2.29168	3.421657e-01	1.151880e-01	4.975558e-01	
1  3.35823	3.541026e-01	8.497161e-02	5.158353e-01	
2  1.89757	2.998276e-01	7.900153e-02	5.760804e-01	
7  1.99118	2.943495e-01	7.307496e-02	5.874851e-01	
8  2.4285	3.216762e-01	1.254001e-01	5.078333e-01	
7  1.86569	3.033996e-01	2.418048e-02	6.273294e-01	
5  2.5099	3.412368e-01	8.025315e-02	5.334196e-01	
3  1.9664	2.833791e-01	4.648120e-02	6.250493e-01	
7  1.6415	3.143469e-01	5.813423e-02	5.824285e-01	
6  2.43692	2.799671e-01	5.774459e-02	6.171978e-01	
6  3.05875	2.822647e-01	-3.104440e-02	7.036892e-01	
2  5.09567	2.605232e-01	6.843101e-02	6.259554e-01	
5  4.1819	3.024421e-01	1.374751e-01	5.149923e-01	
2  3.50591	2.835635e-01	9.190198e-02	5.794440e-01	
11  1.58461	3.131613e-01	6.820715e-02	5.735411e-01	
1  2.84854	2.983470e-01	-1.103092e-02	6.675935e-01	
1  2.91333	3.070187e-01	1.202721e-01	5.276188e-01	
13  1.70341	2.872532e-01	3.395355e-02	6.337028e-01	
6  2.01939	2.993486e-01	1.292179e-02	6.426392e-01	
1  4.29153	3.764830e-01	1.295868e-01	4.488397e-01	
10  1.90791	3.301253e-01	8.650055e-02	5.382837e-01	
2  1.94916	3.149456e-01	3.936101e-02	6.006029e-01	
22  2.01571	2.771444e-01	2.741184e-02	6.503533e-01	
2  1.80472	3.041085e-01	8.138195e-02	5.694191e-01	
3  3.34385	3.550456e-01	8.849038e-02	5.113736e-01	
3  1.74919	3.200433e-01	6.323218e-02	5.716341e-01	
11  5.92932	3.334895e-01	-8.234596e-03	6.296546e-01	
4  2.32169	3.386030e-01	8.212775e-02	5.341788e-01	
8  2.9599	2.565962e-01	-1.022385e-02	7.085372e-01	
8  1.94484	2.854911e-01	5.464699e-03	6.639537e-01	
29  1.70238	3.039289e-01	3.341318e-02	6.175675e-01	
4  3.22582	3.188627e-01	1.037650e-02	6.256704e-01	
1  3.33002	3.488330e-01	7.069768e-02	5.353789e-01	
2  3.25577	3.541561e-01	1.660577e-01	4.346957e-01	
3  1.85086	3.179689e-01	5.051097e-02	5.864297e-01	
3  3.86384	2.497130e-01	9.391221e-03	6.958053e-01	
8  1.71859	2.948111e-01	2.280466e-02	6.372938e-01	
2  1.71436	3.211296e-01	8.608033e-02	5.476997e-01	
25  2.05287	3.183540e-01	1.087734e-01	5.277822e-01	
4  2.17235	3.390267e-01	1.080811e-01	5.078017e-01	
4  2.09239	3.033445e-01	9.218385e-02	5.593812e-01	
2  4.84063	3.866794e-01	1.517312e-01	4.164989e-01	
1  4.38443	2.392021e-01	-4.589759e-02	7.616050e-01	
3  4.91643	2.425086e-01	-7.398383e-02	7.863848e-01	
6  2.21089	2.827331e-01	-7.249720e-03	6.794262e-01	
2  1.93295	3.302717e-01	8.264928e-02	5.419885e-01	
2  4.50252	3.234299e-01	1.726799e-01	4.587997e-01	
4  5.36075	3.701991e-01	2.279184e-01	3.567920e-01	
4  3.5919	3.489476e-01	1.769335e-01	4.290285e-01	
1  4.52712	3.669345e-01	8.731658e-02	5.006585e-01	
2  2.96038	3.530500e-01	9.905942e-02	5.028002e-01	
2  2.71678	3.440864e-01	7.941547e-02	5.314077e-01	
12  1.79706	3.203510e-01	5.996483e-02	5.745937e-01	
8  1.56859	3.112204e-01	6.680121e-02	5.768879e-01	
10  1.93899	3.311841e-01	8.741769e-02	5.363077e-01	
3  2.02138	3.030645e-01	8.917365e-02	5.626714e-01	
6  1.7773	3.233234e-01	7.164177e-02	5.599444e-01	
4  1.77322	3.246151e-01	7.924232e-02	5.510521e-01	
2  2.22684	2.772739e-01	4.214388e-02	6.354918e-01	
33  1.5438	3.065360e-01	5.544117e-02	5.929324e-01	
5  2.122	3.375762e-01	1.052155e-01	5.121178e-01	
9  6.7167	3.739213e-01	6.067508e-02	5.203131e-01	
1  1.6802	3.201789e-01	7.649373e-02	5.582369e-01	
2  3.04062	2.676435e-01	4.398986e-02	6.432762e-01	
2  2.97574	3.532610e-01	1.531118e-01	4.485368e-01	
5  2.8126	3.005586e-01	1.080519e-01	5.462991e-01	
3  2.65955	3.382554e-01	1.434735e-01	4.731807e-01	
13  2.15123	3.361337e-01	8.559643e-02	5.331794e-01	
12  2.41076	3.007494e-01	9.809140e-02	5.560687e-01	
2  3.22017	3.573639e-01	1.022128e-01	4.953328e-01	
5  1.74339	3.090992e-01	3.902379e-02	6.067865e-01	
1  1.90402	2.814597e-01	3.551331e-02	6.379365e-01	
1  4.03447	2.489396e-01	1.212248e-02	6.938474e-01	
2  2.52674	2.661816e-01	-1.465241e-02	7.033804e-01	
16  2.10974	3.237049e-01	5.073618e-02	5.804684e-01	
1  2.47145	2.791590e-01	5.690574e-02	6.188448e-01	
10  1.93327	2.853532e-01	5.010986e-02	6.194464e-01	
5  2.32717	2.763703e-01	-1.281467e-02	6.913539e-01	
1  3.24937	2.777011e-01	7.423933e-02	6.029691e-01	
3  1.96173	2.819746e-01	4.756359e-03	6.681786e-01	
8  2.31663	2.684819e-01	-5.534129e-05	6.864830e-01	
1  2.1341	2.922607e-01	1.595467e-03	6.610534e-01	
11  2.34379	2.921973e-01	-5.078162e-03	6.677904e-01	
2  1.86457	2.879897e-01	5.307820e-02	6.138417e-01	
16  1.61924	3.103148e-01	7.611891e-02	5.684759e-01	
1  3.0627	2.789722e-01	-3.334831e-02	7.092856e-01	
7  1.6298	3.144373e-01	7.870649e-02	5.617658e-01	
1  1.80145	2.871926e-01	1.468361e-02	6.530334e-01	
2  2.25877	2.891582e-01	-5.118597e-03	6.708700e-01	
26  2.5966	3.367080e-01	1.406566e-01	4.775450e-01	
3  2.98157	3.570827e-01	1.180370e-01	4.797899e-01	
1  2.01431	2.901076e-01	4.377034e-03	6.604250e-01	
9  1.76882	3.129535e-01	4.466863e-02	5.972874e-01	
3  2.06425	3.074751e-01	2.221955e-02	6.252149e-01	
8  2.20594	2.771382e-01	4.068679e-02	6.370845e-01	
16  1.79607	2.831066e-01	2.185993e-02	6.499430e-01	
4  1.89459	2.926455e-01	1.143710e-02	6.508269e-01	
2  2.26501	3.078180e-01	1.043286e-01	5.427629e-01	
11  2.68337	3.193840e-01	1.305094e-01	5.050161e-01	
4  4.12863	3.299174e-01	1.246923e-02	6.125229e-01	
2  2.31218	3.177510e-01	1.177919e-01	5.193666e-01	
1  2.7151	3.489323e-01	9.710962e-02	5.088676e-01	
4  1.76471	2.863705e-01	4.035800e-02	6.281811e-01	
4  1.83911	2.853003e-01	4.366711e-02	6.259421e-01	
6  1.97518	2.770571e-01	2.003220e-02	6.578202e-01	
4  1.60412	3.019983e-01	6.464053e-02	5.882707e-01	
1  1.58475	3.003758e-01	3.893788e-02	6.155959e-01	
30  2.06022	2.993184e-01	1.141843e-02	6.441727e-01	
1  2.20888	3.387981e-01	9.275548e-02	5.233560e-01	
8  2.7158	3.433165e-01	1.459913e-01	4.656018e-01	
3  3.06951	2.863761e-01	8.843682e-02	5.800966e-01	
22  2.24564	3.411712e-01	1.096237e-01	5.041147e-01	
1  2.63605	3.035584e-01	1.084807e-01	5.428704e-01	
2  2.59452	3.487658e-01	1.318450e-01	4.742988e-01	
2  3.17288	3.286782e-01	1.523819e-01	4.738495e-01	
2  2.94645	3.523235e-01	9.693236e-02	5.056537e-01	
1  1.7595	3.094086e-01	3.862688e-02	6.068741e-01	
3  3.69438	3.002680e-01	-2.483962e-02	6.794812e-01	
2  2.00664	2.833950e-01	1.940858e-03	6.695737e-01	
9  1.91374	2.795568e-01	1.232788e-02	6.630249e-01	
8  2.74436	2.622872e-01	1.288102e-02	6.797413e-01	
7  3.03055	3.189163e-01	1.461180e-02	6.213815e-01	
3  2.32471	3.235581e-01	4.215065e-02	5.892008e-01	
1  3.29898	2.683763e-01	5.298501e-02	6.335483e-01	
3  1.59571	3.083750e-01	7.194133e-02	5.745933e-01	
8  2.6832	3.327672e-01	1.420207e-01	4.801217e-01	
1  1.69454	3.080763e-01	4.033157e-02	6.065017e-01	
2  2.84607	2.882526e-01	8.698991e-02	5.796670e-01	
3  1.68433	2.932413e-01	5.362798e-02	6.080403e-01	
12  1.85926	3.286477e-01	9.002787e-02	5.362340e-01	
1  2.49515	3.445466e-01	9.378242e-02	5.165805e-01	
1  2.46695	3.461608e-01	1.057313e-01	5.030174e-01	
10  4.59051	3.801815e-01	2.008835e-01	3.738445e-01	
6  2.47715	3.416126e-01	1.344631e-01	4.788339e-01	
3  4.11635	2.596267e-01	4.827328e-02	6.470096e-01	
1  2.53052	2.650627e-01	1.132296e-02	6.785239e-01	
1  2.71518	3.279298e-01	3.912669e-02	5.878530e-01	
17  1.59093	3.031584e-01	4.132297e-02	6.104281e-01	
1  3.43412	2.921888e-01	1.068882e-01	5.558325e-01	
1  2.62354	3.501297e-01	1.294239e-01	4.753559e-01	
10  1.87552	3.290755e-01	9.444007e-02	5.313940e-01	
3  5.82598	3.097059e-01	-4.258364e-02	6.877873e-01	
4  4.01424	2.848971e-01	-4.644588e-02	7.164583e-01	
2  6.0929	3.282527e-01	-1.883293e-02	6.454897e-01	
2  3.32418	2.650825e-01	4.469549e-02	6.451316e-01	
7  3.10737	3.538776e-01	9.455099e-02	5.064810e-01	
11  1.72953	2.859009e-01	3.121326e-02	6.377954e-01	
7  2.7486	3.138653e-01	1.274405e-02	6.283002e-01	
2  2.28211	2.699232e-01	-3.051664e-03	6.880380e-01	
13  1.69701	2.876133e-01	3.470935e-02	6.325869e-01	
1  1.76886	2.996074e-01	2.416951e-02	6.311326e-01	
2  1.86173	2.825870e-01	1.237601e-02	6.599465e-01	
5  1.99633	3.336377e-01	9.739680e-02	5.238750e-01	
4  2.30483	3.034571e-01	9.924395e-02	5.522085e-01	
4  1.93745	3.315942e-01	9.410417e-02	5.292112e-01	
3  2.06371	2.929485e-01	7.320580e-02	5.887553e-01	
2  3.05843	3.451204e-01	1.593778e-01	4.504114e-01	
1  5.75343	3.783527e-01	9.008857e-02	4.864682e-01	
1  6.31903	2.981410e-01	1.604681e-01	4.963005e-01	
1  2.31549	2.807872e-01	5.549247e-02	6.186299e-01	
1  2.30076	2.999764e-01	4.568881e-03	6.503642e-01	
1  1.65299	3.035472e-01	3.627299e-02	6.150894e-01	
2  6.07294	3.752416e-01	2.448707e-01	3.347973e-01	
7  2.97095	3.289498e-01	1.475543e-01	4.784054e-01	
3  1.68087	3.108475e-01	8.208727e-02	5.619747e-01	
9  1.79233	3.077833e-01	8.572292e-02	5.614034e-01	
9  1.653	2.955085e-01	5.631946e-02	6.030816e-01	
3  2.61627	2.932700e-01	9.077019e-02	5.708694e-01	
19  3.09903	3.497908e-01	8.132335e-02	5.237954e-01	
3  3.08275	3.263609e-01	2.672377e-02	6.018249e-01	
7  1.98461	2.910518e-01	6.276689e-03	6.575811e-01	
13  2.16168	2.736355e-01	2.454926e-02	6.567248e-01	
10  1.66086	3.181259e-01	6.835351e-02	5.684301e-01	
11  1.72345	3.040625e-01	3.231348e-02	6.185336e-01	
4  2.27717	2.725783e-01	-8.304568e-03	6.906358e-01	
4  2.4975	3.179557e-01	2.608269e-02	6.108711e-01	
4  1.91037	2.789187e-01	1.784706e-02	6.581438e-01	
8  1.7861	3.206928e-01	9.496649e-02	5.392503e-01	
4  2.76996	3.538135e-01	1.241622e-01	4.769339e-01	
4  1.82184	3.269476e-01	9.081348e-02	5.371485e-01	
1  2.42335	3.285639e-01	4.960955e-02	5.767361e-01	
3  1.78542	2.845610e-01	3.526586e-02	6.350827e-01	
2  2.9085	2.580139e-01	-1.934863e-02	7.162443e-01	
7  2.41216	3.150800e-01	2.349468e-02	6.163349e-01	
1  2.71013	2.847088e-01	-2.115944e-02	6.913601e-01	
1  2.81933	2.690914e-01	-2.999836e-02	7.158165e-01	
7  1.84443	2.836246e-01	3.827287e-02	6.330120e-01	
17  1.88476	3.296190e-01	8.993926e-02	5.353513e-01	
2  2.59659	3.203333e-01	1.291259e-01	5.054503e-01	
3  2.69093	3.024835e-01	1.081872e-01	5.442389e-01	
7  1.70361	3.035389e-01	7.483786e-02	5.765327e-01	
2  2.00394	2.896122e-01	6.388688e-02	6.014105e-01	
31  2.17149	3.380207e-01	1.139799e-01	5.029089e-01	
3  1.93073	3.313312e-01	9.506231e-02	5.285160e-01	
3  2.62678	2.795315e-01	6.266038e-02	6.127177e-01	
1  1.88429	2.799303e-01	2.385960e-02	6.511196e-01	
2  2.14236	2.735388e-01	9.379177e-04	6.804328e-01	
1  3.10742	3.594580e-01	1.496569e-01	4.457947e-01	
2  4.7704	3.738342e-01	2.128277e-01	3.682477e-01	
3  4.17513	3.770469e-01	1.828368e-01	3.950259e-01	
9  1.93261	2.831778e-01	4.375855e-02	6.279732e-01	
4  1.62841	2.928525e-01	3.124611e-02	6.308109e-01	
6  1.86699	3.211507e-01	5.718044e-02	5.765784e-01	
2  2.40199	2.675020e-01	-7.535142e-03	6.949427e-01	
8  3.67359	3.154210e-01	-3.612930e-03	6.431014e-01	
3  2.72352	2.987365e-01	-7.764286e-03	6.639373e-01	
4  3.2675	3.300152e-01	2.952026e-02	5.953741e-01	
3  2.37684	3.028052e-01	1.003623e-01	5.517421e-01	
6  2.88156	3.537481e-01	1.458556e-01	4.553059e-01	
6  1.78783	3.256430e-01	8.507093e-02	5.441956e-01	
5  1.6242	2.916359e-01	3.638434e-02	6.268893e-01	
3  2.26981	3.090930e-01	1.798499e-02	6.278316e-01	
6  2.58766	3.496549e-01	1.163318e-01	4.889228e-01	
5  4.67664	3.574226e-01	2.074534e-01	3.900335e-01	
7  3.82248	3.655080e-01	1.831645e-01	4.062370e-01	
1  3.27879	2.775450e-01	-3.888541e-02	7.162499e-01	
4  3.3944	2.520325e-01	-1.414127e-03	7.042911e-01	
3  4.7551	3.875182e-01	1.676291e-01	3.997623e-01	
4  4.08546	3.741777e-01	1.845022e-01	3.962297e-01	
5  2.6854	2.914355e-01	8.913963e-02	5.743344e-01	
1  1.94783	2.913786e-01	8.092479e-03	6.554385e-01	
5  1.66393	3.136233e-01	5.384581e-02	5.874404e-01	
1  3.49508	3.660076e-01	1.262316e-01	4.626703e-01	
6  1.66486	3.191818e-01	7.831014e-02	5.574176e-01	
11  4.08506	3.764791e-01	1.770866e-01	4.013438e-01	
3  6.19367	3.553338e-01	2.340234e-01	3.655524e-01	
5  4.94734	3.212145e-01	1.769292e-01	4.567659e-01	
3  4.64937	3.562006e-01	2.062039e-01	3.925050e-01	
16  3.4948	3.644721e-01	1.675474e-01	4.228900e-01	
26  2.06365	2.944579e-01	7.610597e-02	5.843457e-01	
18  1.64459	3.053360e-01	3.950462e-02	6.100689e-01	
41  1.54912	3.075227e-01	6.282205e-02	5.845648e-01	
5  2.35316	3.439734e-01	1.154973e-01	4.954388e-01	
12  2.02194	3.076951e-01	9.580249e-02	5.514120e-01	
2  2.79521	3.204555e-01	2.273850e-02	6.117156e-01	
4  4.80863	3.870670e-01	1.569067e-01	4.109358e-01	
1  4.7092	3.670842e-01	2.114901e-01	3.763352e-01	
2  3.78469	2.698112e-01	6.738812e-02	6.177102e-01	
2  4.09357	3.595864e-01	7.817191e-02	5.171513e-01	
5  3.81449	3.414862e-01	4.101143e-02	5.724119e-01	
2  1.58312	3.033162e-01	4.243429e-02	6.091591e-01	
2  1.98376	3.272830e-01	6.663375e-02	5.609928e-01	
8  5.51227	2.281894e-01	-4.405306e-02	7.707732e-01	
2  4.84903	2.410068e-01	-7.073605e-02	7.846388e-01	
3  2.42247	3.082074e-01	1.229076e-02	6.344114e-01	
6  2.44162	3.113850e-01	1.661867e-02	6.269058e-01	
1  2.40394	2.679973e-01	-9.315883e-03	6.962281e-01	
25  1.73127	3.085985e-01	3.888675e-02	6.074243e-01	
5  2.50661	3.021556e-01	1.029504e-01	5.498035e-01	
1  2.21213	3.260646e-01	1.208753e-01	5.079697e-01	
1  2.22424	3.400455e-01	1.141631e-01	5.007010e-01	
15  2.75585	3.102188e-01	6.931228e-03	6.377595e-01	
2  5.89046	3.486019e-01	1.944889e-02	5.868588e-01	
1  3.772	2.896271e-01	-3.798432e-02	7.032668e-01	
2  4.41259	2.455067e-01	-6.374738e-02	7.731502e-01	
1  1.87989	2.873458e-01	9.462798e-03	6.581009e-01	
1  1.76231	2.843589e-01	2.754342e-02	6.430072e-01	
11  1.65704	3.136498e-01	5.458413e-02	5.866756e-01	
7  1.94589	2.926864e-01	6.786269e-02	5.943604e-01	
2  3.84918	3.227665e-01	5.030732e-03	6.271123e-01	
2  4.51976	3.173306e-01	-1.442345e-02	6.520024e-01	
1  2.11278	3.121789e-01	2.802142e-02	6.147093e-01	
6  1.77425	2.927099e-01	1.789304e-02	6.443066e-01	
1  2.61477	2.806306e-01	6.487280e-02	6.094062e-01	
2  2.00315	3.181797e-01	1.064610e-01	5.302688e-01	
2  1.76116	2.999017e-01	7.242111e-02	5.825867e-01	
2  2.39669	3.085824e-01	1.093268e-01	5.370004e-01	
1  2.46823	2.802400e-01	5.944672e-02	6.152229e-01	
2  1.70823	2.901436e-01	4.723194e-02	6.175340e-01	
15  1.67407	2.944364e-01	5.567661e-02	6.047965e-01	
30  1.56468	2.975386e-01	4.184152e-02	6.155294e-01	
5  1.8232	3.177490e-01	9.674612e-02	5.404144e-01	
6  1.67564	3.079728e-01	7.879052e-02	5.681462e-01	
8  1.67193	2.935109e-01	5.317975e-02	6.082188e-01	
7  1.8865	2.958802e-01	1.457032e-02	6.444590e-01	
4  1.84493	2.853900e-01	4.441054e-02	6.251090e-01	
7  3.5518	2.941392e-01	-2.949812e-02	6.902685e-01	
4  2.27154	2.849539e-01	-8.388379e-03	6.783440e-01	
31  1.76219	3.184637e-01	9.275540e-02	5.436905e-01	
10  1.65747	3.172839e-01	8.144988e-02	5.561758e-01	
2  2.74277	3.053760e-01	1.138550e-01	5.356785e-01	
11  1.63789	3.175048e-01	7.278498e-02	5.646198e-01	
1  2.20907	2.983145e-01	8.801955e-02	5.685755e-01	
6  1.92136	2.862294e-01	5.178111e-02	6.168991e-01	
6  1.95436	3.108378e-01	9.702462e-02	5.470472e-01	
4  4.19809	2.678293e-01	7.063094e-02	6.164493e-01	
2  7.21189	3.865510e-01	8.335193e-02	4.850066e-01	
2  1.74125	2.877148e-01	4.268473e-02	6.245100e-01	
6  3.63429	3.172006e-01	-1.495115e-04	6.378585e-01	
1  1.59026	3.070822e-01	7.006989e-02	5.777574e-01	
1  2.29727	3.406567e-01	9.281453e-02	5.214383e-01	
24  1.57064	2.967892e-01	4.071684e-02	6.174035e-01	
3  2.10259	3.192381e-01	1.115833e-01	5.240881e-01	
3  3.17191	3.559370e-01	1.610632e-01	4.379093e-01	
2  4.1363	3.685838e-01	1.045499e-01	4.817758e-01	
13  2.48782	3.438950e-01	1.329359e-01	4.780787e-01	
1  3.18192	2.888011e-01	9.555164e-02	5.705568e-01	
19  2.93525	2.627587e-01	2.475157e-02	6.673993e-01	
1  2.761	3.341315e-01	1.453258e-01	4.754523e-01	
2  4.31912	3.738669e-01	1.170432e-01	4.639994e-01	
3  4.33264	3.385039e-01	2.485843e-02	5.915472e-01	
3  4.59429	3.761929e-01	1.152486e-01	4.634681e-01	
4  4.47395	3.166798e-01	1.633364e-01	4.748934e-01	
12  1.62323	2.980668e-01	5.915176e-02	5.976910e-01	
14  1.90938	2.821184e-01	3.850537e-02	6.342858e-01	
7  3.06953	2.871800e-01	-2.728506e-02	6.950146e-01	
3  2.49122	2.685507e-01	2.557549e-02	6.607834e-01	
26  2.96359	2.573115e-01	-2.155799e-02	7.191561e-01	
15  2.07358	2.745025e-01	1.863374e-02	6.617733e-01	
3  2.54636	2.897768e-01	8.233729e-02	5.827954e-01	
2  2.69886	2.730778e-01	4.855118e-02	6.332806e-01	
22  1.72744	2.929242e-01	5.632132e-02	6.056640e-01	
12  1.98481	3.136573e-01	1.014381e-01	5.398141e-01	
10  2.10431	3.230057e-01	1.144332e-01	5.174707e-01	
3  2.99456	2.569036e-01	-2.263715e-02	7.206431e-01	
7  3.36852	3.047336e-01	-1.340057e-02	6.635765e-01	
2  3.78905	2.951433e-01	-3.242082e-02	6.921871e-01	
1  1.89855	3.001968e-01	7.966028e-02	5.750525e-01	
3  2.43465	2.688004e-01	-1.323875e-02	6.993479e-01	
7  1.97189	2.827992e-01	3.899471e-03	6.682109e-01	
8  2.08299	2.829342e-01	-1.851960e-03	6.738273e-01	
6  2.12304	2.729287e-01	1.356885e-02	6.684120e-01	
3  4.42818	3.513892e-01	5.004565e-02	5.534747e-01	
13  2.59843	3.167578e-01	1.252548e-01	5.128970e-01	
7  1.74997	2.911173e-01	1.881202e-02	6.449802e-01	
3  1.59818	3.021815e-01	3.931178e-02	6.134163e-01	
1  1.6475	2.902905e-01	3.220951e-02	6.324095e-01	
4  1.82224	2.874846e-01	4.897661e-02	6.184483e-01	
6  2.09599	2.741494e-01	1.981529e-02	6.609449e-01	
5  3.15636	3.553208e-01	9.752172e-02	5.020670e-01	
7  2.84185	2.630770e-01	2.183848e-02	6.699940e-01	
3  3.3946	2.823228e-01	8.716834e-02	5.854184e-01	
2  1.84991	3.171724e-01	9.798596e-02	5.397511e-01	
1  1.87155	2.894302e-01	5.705402e-02	6.084254e-01	
1  2.86385	3.398692e-01	1.513440e-01	4.636964e-01	
13  3.43843	3.157187e-01	1.434405e-01	4.957504e-01	
3  3.27081	2.678953e-01	5.100283e-02	6.360114e-01	
6  1.57097	3.116388e-01	6.655601e-02	5.767147e-01	
1  1.65165	3.041458e-01	3.720769e-02	6.135561e-01	
10  1.96992	2.833051e-01	3.955985e-03	6.676485e-01	
6  2.97396	2.649065e-01	3.359468e-02	6.564083e-01	
1  2.68089	2.716841e-01	4.405003e-02	6.391754e-01	
7  1.80825	3.056090e-01	8.368895e-02	5.656116e-01	
1  5.2029	3.266821e-01	-9.647183e-03	6.378746e-01	
3  5.46987	3.695271e-01	7.256883e-02	5.128136e-01	
3  9.29565	3.211852e-01	-6.276240e-02	6.964868e-01	
6  4.26559	2.608794e-01	-6.492918e-02	7.589593e-01	
1  2.84609	3.334171e-01	1.475178e-01	4.739747e-01	
6  1.83335	3.222454e-01	9.879133e-02	5.338728e-01	
1  2.79119	3.266045e-01	3.437988e-02	5.939252e-01	
7  1.70366	3.207661e-01	7.223580e-02	5.619076e-01	
3  2.06788	3.322809e-01	7.717235e-02	5.454563e-01	
3  2.39567	2.778685e-01	5.093014e-02	6.261109e-01	
1  2.83496	3.008858e-01	1.090984e-01	5.449253e-01	
11  2.99525	3.389715e-01	5.564846e-02	5.602896e-01	
1  1.76342	3.239233e-01	7.698563e-02	5.540006e-01	
5  1.79508	3.206480e-01	9.571777e-02	5.385438e-01	
3  1.76162	3.177507e-01	9.250327e-02	5.446556e-01	
3  1.65967	3.051932e-01	7.416219e-02	5.755542e-01	
7  2.53638	3.377943e-01	1.383708e-01	4.787444e-01	
1  3.75367	3.555534e-01	7.649216e-02	5.228640e-01	
1  2.67973	3.288260e-01	4.201118e-02	5.840723e-01	
6  3.15155	3.287367e-01	2.967404e-02	5.964989e-01	
2  2.05678	2.750696e-01	7.022984e-03	6.728170e-01	
13  2.72937	3.150514e-01	1.512186e-02	6.247363e-01	
1  2.81574	2.589376e-01	-1.122846e-02	7.072004e-01	
2  2.55689	2.979231e-01	9.739815e-02	5.595883e-01	
21  2.55217	2.730513e-01	4.336628e-02	6.384919e-01	
1  2.79263	3.382703e-01	1.483334e-01	4.683058e-01	
4  2.57292	3.219602e-01	1.300834e-01	5.028660e-01	
4  2.36311	3.239879e-01	1.252196e-01	5.057020e-01	
10  2.61993	2.681237e-01	-2.219283e-02	7.089787e-01	
7  3.43302	2.950121e-01	-2.642194e-02	6.863194e-01	
13  2.79207	2.609503e-01	-2.079180e-02	7.147510e-01	
3  6.04659	3.344089e-01	-8.216463e-03	6.287171e-01	
12  7.86279	3.092095e-01	-6.517553e-02	7.108756e-01	
7  1.78674	3.129980e-01	9.105044e-02	5.508611e-01	
5  3.31178	2.834721e-01	8.780998e-02	5.836274e-01	
3  3.16241	3.351559e-01	4.249245e-02	5.772612e-01	
7  1.8051	2.850017e-01	1.549152e-02	6.544163e-01	
4  3.38823	2.744231e-01	-4.292804e-02	7.234144e-01	
6  2.09531	2.798575e-01	4.327881e-02	6.317732e-01	
8  2.38687	3.195277e-01	3.218699e-02	6.031949e-01	
1  1.71166	3.059681e-01	7.875550e-02	5.701859e-01	
4  2.3237	3.322143e-01	1.281420e-01	4.945533e-01	
1  2.94897	2.610849e-01	1.885225e-02	6.749724e-01	
1  3.19974	3.262826e-01	2.393917e-02	6.046878e-01	
3  4.13314	3.363699e-01	2.434652e-02	5.941931e-01	
12  2.48257	3.078440e-01	1.107248e-01	5.363408e-01	
4  3.29013	3.599666e-01	1.626988e-01	4.322441e-01	
2  3.13401	3.612646e-01	1.381488e-01	4.554962e-01	
1  2.59493	3.360229e-01	6.146564e-02	5.574210e-01	
7  1.6147	2.925489e-01	4.097829e-02	6.213824e-01	
5  3.81771	3.232686e-01	6.430077e-03	6.252109e-01	
18  1.87351	3.272041e-01	9.975168e-02	5.279537e-01	
2  2.27583	3.109599e-01	2.071781e-02	6.232318e-01	
37  1.56034	3.101914e-01	6.488181e-02	5.798363e-01	
1  1.65338	3.104884e-01	7.953668e-02	5.648845e-01	
4  2.18132	3.373200e-01	1.169376e-01	5.006520e-01	
4  1.63894	2.959673e-01	2.995044e-02	6.289918e-01	
2  3.13742	2.539334e-01	-1.334158e-02	7.143178e-01	
15  1.65194	3.031721e-01	3.584563e-02	6.158918e-01	
2  1.70498	3.063041e-01	3.675880e-02	6.118466e-01	
1  2.93535	3.560779e-01	1.162887e-01	4.825429e-01	
4  1.68222	2.957342e-01	5.931859e-02	5.998567e-01	
2  1.72125	2.861949e-01	2.812037e-02	6.405943e-01	
10  2.23485	2.902386e-01	-3.483145e-03	6.681541e-01	
6  2.09773	3.067594e-01	9.731827e-02	5.508319e-01	
5  2.48859	3.230942e-01	1.285954e-01	5.032199e-01	
10  3.18354	3.005254e-01	1.161333e-01	5.382508e-01	
1  9.75541	4.216136e-01	1.357707e-01	3.975252e-01	
10  3.30074	3.196166e-01	1.454810e-01	4.898120e-01	
1  4.32844	3.199288e-01	1.652715e-01	4.697093e-01	
1  1.79166	3.256017e-01	8.915254e-02	5.401553e-01	
22  1.79005	2.833372e-01	2.802439e-02	6.435480e-01	
2  2.25766	3.404051e-01	1.180381e-01	4.964663e-01	
3  3.22068	3.099106e-01	1.311018e-01	5.138971e-01	
2  2.96455	3.249884e-01	1.436674e-01	4.862538e-01	
1  1.79107	2.831668e-01	2.536087e-02	6.463819e-01	
19  1.7032	3.162495e-01	5.679474e-02	5.818653e-01	
1  4.10549	3.538439e-01	6.289091e-02	5.381748e-01	
2  3.20497	3.469606e-01	6.954668e-02	5.384023e-01	
1  1.97107	3.304813e-01	1.062232e-01	5.182051e-01	
17  3.02669	3.580447e-01	1.463802e-01	4.504846e-01	
3  2.30535	3.427918e-01	1.091022e-01	5.030156e-01	
4  3.21548	3.581733e-01	1.058114e-01	4.909249e-01	
3  1.87345	3.289843e-01	9.440154e-02	5.315237e-01	
4  1.91601	2.789344e-01	1.496821e-02	6.610069e-01	
3  1.73933	3.177772e-01	5.766190e-02	5.794704e-01	
6  2.28835	2.821936e-01	5.796796e-02	6.147480e-01	
2  1.55464	3.075092e-01	6.455862e-02	5.828417e-01	
5  1.81643	3.112131e-01	3.873803e-02	6.049584e-01	
2  1.61191	2.987583e-01	5.943221e-02	5.967191e-01	
3  2.0798	3.333740e-01	1.131749e-01	5.083607e-01	
2  6.45907	3.510433e-01	1.613557e-02	5.877307e-01	
1  3.86889	2.513118e-01	-5.355200e-02	7.571497e-01	
1  3.49179	3.212937e-01	9.150553e-03	6.244653e-01	
1  4.36784	2.501865e-01	2.583360e-02	6.788894e-01	
7  2.4842	2.776827e-01	5.360336e-02	6.236235e-01	
2  1.88425	3.153580e-01	9.843109e-02	5.411205e-01	
3  1.84954	3.135754e-01	4.144066e-02	5.998934e-01	
14  2.63407	3.012381e-01	1.048101e-01	5.488613e-01	
12  2.97953	3.440365e-01	1.564285e-01	4.544445e-01	
5  4.71821	3.867840e-01	1.643035e-01	4.038220e-01	
1  5.96993	4.024462e-01	2.228470e-01	3.296164e-01	
5  4.93206	3.688787e-01	2.174506e-01	3.685803e-01	
11  4.19005	3.633735e-01	1.968072e-01	3.947289e-01	
9  2.17062	3.000427e-01	8.964592e-02	5.652210e-01	
2  2.47016	3.251594e-01	1.297677e-01	4.999824e-01	
6  2.81733	3.517153e-01	1.449972e-01	4.581971e-01	
1  3.26888	3.478098e-01	6.982878e-02	5.372709e-01	
3  3.0907	3.012250e-01	-1.258717e-02	6.662717e-01	
1  3.29835	3.088115e-01	-6.488968e-03	6.525870e-01	
5  1.69129	2.919466e-01	5.083317e-02	6.121297e-01	
6  1.6416	3.049432e-01	7.241761e-02	5.775488e-01	
22  2.25404	2.872433e-01	-6.369804e-03	6.740360e-01	
13  2.73592	2.876044e-01	-1.948043e-02	6.867856e-01	
2  3.28841	2.773684e-01	-3.919326e-02	7.167344e-01	
8  2.12089	3.068980e-01	1.940990e-02	6.286017e-01	
1  3.36671	2.772548e-01	7.580565e-02	6.018491e-01	
9  4.00286	3.139614e-01	1.516455e-01	4.893027e-01	
3  2.84425	3.335892e-01	4.759442e-02	5.737260e-01	
1  2.8635	2.700553e-01	4.542794e-02	6.394263e-01	
2  1.78274	2.836592e-01	2.874575e-02	6.425046e-01	
3  1.61549	2.963405e-01	3.264190e-02	6.259272e-01	
3  2.14456	3.103775e-01	1.037317e-01	5.408003e-01	
1  2.25834	3.244364e-01	4.639317e-02	5.840800e-01	
3  1.78454	3.003069e-01	2.414166e-02	6.304610e-01	
1  1.57297	2.962066e-01	4.110683e-02	6.175961e-01	
1  2.81518	3.393743e-01	6.230784e-02	5.532274e-01	
3  1.85928	3.160276e-01	9.767327e-02	5.412087e-01	
8  1.84225	2.836374e-01	1.311315e-02	6.581590e-01	
2  4.45829	2.735670e-01	8.808670e-02	5.932559e-01	
6  1.81608	3.264663e-01	8.145389e-02	5.469893e-01	
3  2.48232	3.221841e-01	1.275665e-01	5.051590e-01	
7  5.14643	2.489337e-01	3.849122e-02	6.674846e-01	
7  1.80204	3.198529e-01	5.824267e-02	5.768140e-01	
4  3.76731	2.502591e-01	-4.879047e-02	7.534409e-01	
9  1.59828	2.941033e-01	3.642315e-02	6.243831e-01	
1  1.89653	3.180463e-01	1.011565e-01	5.357068e-01	
3  3.00247	3.569470e-01	1.149549e-01	4.830077e-01	
4  5.66276	3.571694e-01	4.034855e-02	5.573916e-01	
1  5.35658	3.253396e-01	-1.390588e-02	6.434758e-01	
2  5.51095	2.736462e-01	-7.683967e-02	7.581030e-01	
3  4.26523	3.036341e-01	-2.969882e-02	6.809743e-01	
1  4.05316	2.724973e-01	7.872162e-02	6.036907e-01	
21  2.19588	2.959363e-01	3.129440e-03	6.558438e-01	
2  3.38335	2.696466e-01	5.828222e-02	6.269807e-01	
3  3.09688	3.560268e-01	1.035199e-01	4.953629e-01	
3  3.96556	3.748049e-01	1.432572e-01	4.368475e-01	
5  2.34673	3.313441e-01	1.289051e-01	4.946603e-01	
3  1.69906	3.209765e-01	7.486507e-02	5.590680e-01	
18  1.73733	3.102975e-01	4.151704e-02	6.030950e-01	
4  3.04265	2.568498e-01	-2.651737e-02	7.245771e-01	
3  2.73951	2.608189e-01	-1.532264e-02	7.094133e-01	
10  2.35931	3.143236e-01	2.374705e-02	6.168389e-01	
5  3.28772	3.170593e-01	1.420546e-01	4.957956e-01	
11  2.58293	3.484702e-01	1.315163e-01	4.749230e-01	
1  3.97183	3.579089e-01	7.686047e-02	5.201402e-01	
1  5.49998	3.848017e-01	1.162231e-01	4.538847e-01	
3  2.8385	3.049461e-01	1.154844e-01	5.344790e-01	
1  2.38817	2.964817e-01	9.030592e-02	5.681220e-01	
1  2.13673	3.305465e-01	6.698901e-02	5.573741e-01	
1  3.60944	3.131819e-01	-5.856395e-03	6.475840e-01	
2  4.60696	3.377267e-01	1.863578e-02	5.985471e-01	
13  1.87735	3.048625e-01	8.592821e-02	5.641188e-01	
1  5.87722	3.522815e-01	2.687568e-02	5.757524e-01	
4  3.1092	3.449340e-01	6.717466e-02	5.428009e-01	
6  3.68907	2.836440e-01	9.555637e-02	5.757092e-01	
2  1.55575	3.065598e-01	6.423949e-02	5.841102e-01	
18  2.26603	3.277987e-01	5.374844e-02	5.733624e-01	
3  1.58134	3.104151e-01	5.609724e-02	5.883972e-01	
9  2.47533	3.172618e-01	1.223330e-01	5.153147e-01	
9  6.40379	3.142901e-01	1.872908e-01	4.533286e-01	
1  2.04033	3.350865e-01	9.962463e-02	5.201984e-01	
1  1.88653	3.244153e-01	1.027262e-01	5.277680e-01	
13  1.68021	3.178055e-01	6.385442e-02	5.732497e-01	
4  3.17206	2.977246e-01	1.112819e-01	5.459030e-01	
13  1.6483	3.180554e-01	7.723915e-02	5.596150e-01	
3  1.86395	2.859064e-01	1.033175e-02	6.586714e-01	
6  1.94945	2.786932e-01	9.757556e-03	6.664588e-01	
17  2.35828	3.246202e-01	1.255416e-01	5.047477e-01	
7  1.64733	3.178929e-01	7.767136e-02	5.593453e-01	
3  2.60398	2.715824e-01	4.097351e-02	6.423536e-01	
8  1.57076	3.075374e-01	5.108333e-02	5.962888e-01	
6  1.64165	3.175937e-01	7.665582e-02	5.606600e-01	
6  1.68123	3.130424e-01	8.378659e-02	5.580806e-01	
20  2.03611	2.756400e-01	7.860204e-03	6.714093e-01	
2  1.68703	2.942471e-01	2.482997e-02	6.358325e-01	
8  2.36326	3.434753e-01	1.214943e-01	4.899400e-01	
2  1.54649	3.067185e-01	6.176013e-02	5.864309e-01	
8  1.73814	2.946999e-01	6.107737e-02	5.991323e-01	
30  1.67348	2.924942e-01	5.059903e-02	6.118163e-01	
2  2.37479	3.021029e-01	9.921297e-02	5.535937e-01	
4  2.13741	3.098315e-01	1.027923e-01	5.422857e-01	
2  1.99522	3.332954e-01	9.147024e-02	5.301439e-01	
10  2.41742	2.733458e-01	3.878753e-02	6.427762e-01	
2  2.45096	2.776373e-01	-1.738445e-02	6.946567e-01	
1  1.73763	2.899974e-01	1.960101e-02	6.453111e-01	
2  6.54603	3.042397e-01	-5.782985e-02	7.084997e-01	
12  2.79797	2.950429e-01	-1.366365e-02	6.735303e-01	
1  2.58706	3.260581e-01	3.897511e-02	5.898763e-01	
1  2.51698	3.474525e-01	1.266961e-01	4.807610e-01	
2  3.00425	3.246997e-01	1.443645e-01	4.858453e-01	
3  2.06297	3.334654e-01	8.238322e-02	5.390609e-01	
4  2.58166	3.075996e-01	7.265604e-03	6.400443e-01	
3  3.65383	3.082235e-01	-1.376556e-02	6.604516e-01	
7  2.53746	2.925422e-01	8.735711e-02	5.750103e-01	
1  2.84287	3.374602e-01	1.496852e-01	4.677641e-01	
9  2.7028	3.395610e-01	6.679236e-02	5.485562e-01	
4  3.16419	3.594184e-01	1.151621e-01	4.803291e-01	
3  2.76456	3.246555e-01	1.381019e-01	4.921522e-01	
6  3.44388	2.752489e-01	7.296359e-02	6.066970e-01	
7  2.826	3.532900e-01	1.099597e-01	4.916598e-01	
11  2.18377	2.986122e-01	8.770080e-02	5.685965e-01	
2  2.17503	2.813752e-01	-6.188958e-03	6.797233e-01	
4  1.73473	3.151786e-01	5.163894e-02	5.880920e-01	
5  1.86926	2.867959e-01	1.000775e-02	6.581059e-01	
8  1.6209	3.016702e-01	3.650170e-02	6.167377e-01	
19  1.6157	3.124172e-01	7.670850e-02	5.657838e-01	
4  4.0737	3.297369e-01	1.725247e-01	4.526479e-01	
4  1.71805	2.898444e-01	4.729644e-02	6.177688e-01	
8  1.76096	3.079188e-01	8.417218e-02	5.628186e-01	
7  2.11153	3.162781e-01	1.092044e-01	5.294271e-01	
2  2.41992	3.456925e-01	1.118563e-01	4.973608e-01	
11  2.46622	3.241464e-01	1.288028e-01	5.019604e-01	
1  2.23479	3.090786e-01	1.050692e-01	5.407618e-01	
2  3.13857	2.940642e-01	1.042773e-01	5.565680e-01	
6  2.91239	2.977888e-01	-1.306576e-02	6.701865e-01	
2  2.81034	3.067036e-01	1.174237e-01	5.307823e-01	
10  1.92161	3.232266e-01	5.916556e-02	5.725174e-01	
3  1.68215	2.992863e-01	6.639714e-02	5.892261e-01	
5  1.89817	3.035981e-01	2.304135e-02	6.282701e-01	
5  2.85622	2.631477e-01	-2.828637e-02	7.200482e-01	
7  2.19299	2.824349e-01	-6.653547e-03	6.791282e-01	
10  3.81837	3.219456e-01	4.213267e-03	6.287507e-01	
3  3.65269	3.289528e-01	1.633634e-01	4.625933e-01	
8  2.0714	3.351939e-01	9.033954e-02	5.293761e-01	
1  3.45681	2.843207e-01	9.244769e-02	5.781411e-01	
20  1.92824	2.977388e-01	1.465973e-02	6.425110e-01	
4  2.14685	2.923204e-01	1.210955e-03	6.613782e-01	
5  1.66368	3.090224e-01	7.901797e-02	5.668691e-01	
2  2.22098	3.388052e-01	9.136912e-02	5.247353e-01	
1  3.43202	3.667809e-01	1.441394e-01	4.439892e-01	
2  2.99463	3.551197e-01	1.059361e-01	4.938537e-01	
2  3.44582	2.897677e-01	1.026919e-01	5.624499e-01	
1  3.24852	3.543328e-01	1.656819e-01	4.348948e-01	
5  6.24269	3.489602e-01	2.287713e-01	3.771780e-01	
4  4.77963	3.881201e-01	1.835444e-01	3.832451e-01	
13  1.99802	3.030146e-01	8.820699e-02	5.636880e-01	
1  2.92098	3.071248e-01	-1.241012e-03	6.490257e-01	
8  2.00122	3.264810e-01	6.319712e-02	5.652314e-01	
2  3.59263	2.684718e-01	6.009079e-02	6.263469e-01	
2  5.94699	3.131673e-01	-3.935401e-02	6.810962e-01	
1  2.82757	3.127650e-01	1.262044e-01	5.159401e-01	
2  3.44406	3.617815e-01	1.085530e-01	4.845750e-01	
2  4.83752	3.693014e-01	2.150835e-01	3.705247e-01	
9  4.96962	3.225360e-01	1.790149e-01	4.533587e-01	
7  5.86009	4.029084e-01	2.007550e-01	3.512461e-01	
4  6.73816	3.835750e-01	2.611392e-01	3.101954e-01	
1  3.19726	3.541980e-01	9.161670e-02	5.090949e-01	
13  3.05631	3.588921e-01	1.460460e-01	4.499715e-01	
13  2.62721	3.165299e-01	2.013053e-02	6.182491e-01	
29  2.07465	2.779381e-01	-3.629679e-04	6.773344e-01	
4  1.97942	3.039418e-01	2.024609e-02	6.307216e-01	
3  1.56978	2.975978e-01	5.033412e-02	6.069776e-01	
4  1.78843	3.244310e-01	7.496142e-02	5.555172e-01	
4  1.69634	2.967842e-01	6.258280e-02	5.955425e-01	
3  2.77575	3.435244e-01	7.517012e-02	5.362150e-01	
10  1.91093	3.211298e-01	5.448924e-02	5.792905e-01	
6  3.06728	2.670508e-01	4.308382e-02	6.447750e-01	
4  2.79134	3.126103e-01	1.251245e-01	5.171747e-01	
6  2.29724	2.959466e-01	8.667282e-02	5.722901e-01	
4  2.76053	2.762838e-01	5.871792e-02	6.199079e-01	
1  2.15997	3.167370e-01	3.443839e-02	6.037342e-01	
3  2.72716	2.642435e-01	-2.342669e-02	7.140927e-01	
7  4.58593	2.552175e-01	-7.151774e-02	7.712098e-01	
6  2.52707	3.042546e-01	3.966004e-03	6.466889e-01	
3  1.87405	2.833542e-01	1.048057e-02	6.610748e-01	
5  3.02509	3.363315e-01	1.546285e-01	4.639495e-01	
13  1.74787	3.175667e-01	5.641811e-02	5.809248e-01	
1  2.98492	3.360816e-01	1.533123e-01	4.655156e-01	
1  3.0083	3.168664e-01	1.168919e-02	6.263539e-01	
7  4.03443	2.520931e-01	-5.885787e-02	7.616743e-01	
12  2.2872	2.690512e-01	1.813986e-03	6.840443e-01	
2  1.66487	3.053849e-01	7.480524e-02	5.747194e-01	
4  1.69286	2.967593e-01	2.602800e-02	6.321223e-01	
1  2.89389	3.485662e-01	1.524958e-01	4.538475e-01	
10  3.41576	3.499557e-01	1.720242e-01	4.329296e-01	
2  2.16387	3.364802e-01	1.166858e-01	5.017436e-01	
4  1.63365	3.116138e-01	5.212975e-02	5.911660e-01	
6  1.99519	2.767720e-01	9.761801e-03	6.683757e-01	
12  4.15262	2.644660e-01	-6.190440e-02	7.523480e-01	
2  4.32279	2.567172e-01	-6.647406e-02	7.646664e-01	
12  1.60699	3.002243e-01	6.179977e-02	5.928855e-01	
2  1.62635	3.145220e-01	7.815075e-02	5.622367e-01	
13  1.55536	3.079559e-01	6.488488e-02	5.820688e-01	
1  2.77123	3.535037e-01	1.337438e-01	4.676621e-01	
3  1.98707	2.766523e-01	1.883472e-02	6.594225e-01	
12  1.66167	3.076164e-01	4.188172e-02	6.054114e-01	
3  1.7366	2.887652e-01	1.989589e-02	6.462484e-01	
2  1.59104	2.982182e-01	3.656402e-02	6.201274e-01	
6  1.76456	3.008439e-01	2.583124e-02	6.282344e-01	
22  2.50254	3.109089e-01	1.423932e-02	6.297613e-01	
13  1.95348	3.050928e-01	2.286089e-02	6.269559e-01	
1  2.02666	3.325733e-01	8.217920e-02	5.401570e-01	
15  2.26718	2.725183e-01	-7.579473e-03	6.899708e-01	
8  2.02549	2.964375e-01	9.478554e-03	6.489935e-01	
3  3.1431	2.538337e-01	-1.721503e-02	7.182909e-01	
1  2.61312	3.291571e-01	4.471027e-02	5.810422e-01	
3  1.92586	3.216718e-01	1.048006e-01	5.284372e-01	
5  1.8284	3.244484e-01	7.000649e-02	5.604547e-01	
12  2.50528	2.735518e-01	4.304116e-02	6.383166e-01	
1  2.03458	2.929869e-01	5.834613e-03	6.560881e-01	
6  2.20682	2.818819e-01	5.404228e-02	6.189854e-01	
12  1.66142	2.910856e-01	2.744494e-02	6.363790e-01	
2  3.46036	3.636587e-01	1.160244e-01	4.752264e-01	
4  4.30745	3.797368e-01	1.836485e-01	3.915242e-01	
2  4.38233	3.664022e-01	8.973700e-02	4.987704e-01	
2  3.13415	2.722266e-01	-3.824515e-02	7.209281e-01	
2  2.52253	3.067635e-01	7.559460e-03	6.405866e-01	
5  3.05598	3.395763e-01	5.532783e-02	5.600054e-01	
5  2.62817	2.674248e-01	2.832361e-02	6.591612e-01	
1  2.6946	3.195577e-01	2.366296e-02	6.116889e-01	
3  1.75163	3.109363e-01	4.182622e-02	6.021470e-01	
2  1.99069	2.996322e-01	8.252510e-02	5.727523e-01	
8  1.91764	3.224804e-01	1.046116e-01	5.278176e-01	
25  2.83143	3.532294e-01	1.427734e-01	4.589067e-01	
16  2.23481	3.029094e-01	9.625552e-02	5.557446e-01	
1  1.57866	2.954188e-01	4.288337e-02	6.166074e-01	
4  3.18745	2.976631e-01	-1.880513e-02	6.760516e-01	
2  1.91695	2.811798e-01	8.740897e-03	6.649888e-01	
5  1.93548	2.782585e-01	2.152267e-02	6.551284e-01	
2  2.66414	3.372770e-01	6.217336e-02	5.554592e-01	
1  2.36812	3.303381e-01	5.581557e-02	5.687559e-01	
3  2.74852	3.339552e-01	5.127680e-02	5.696775e-01	
7  2.05567	2.748268e-01	8.854063e-03	6.712287e-01	
6  1.98464	2.869755e-01	3.914280e-03	6.640198e-01	
2  2.86388	3.113684e-01	6.202310e-03	6.373388e-01	
7  3.27253	3.551424e-01	1.663293e-01	4.334379e-01	
3  2.31937	3.229398e-01	1.228428e-01	5.091269e-01	
1  3.56083	3.490951e-01	1.761123e-01	4.297021e-01	
7  2.64254	3.411047e-01	1.430137e-01	4.707911e-01	
16  2.56891	3.448089e-01	8.972257e-02	5.203780e-01	
2  1.72512	2.886095e-01	2.115323e-02	6.451468e-01	
6  1.79888	2.858347e-01	4.196089e-02	6.271140e-01	
1  2.70784	3.514936e-01	1.352411e-01	4.681748e-01	
4  2.65395	3.042131e-01	1.099258e-01	5.407707e-01	
3  3.18215	2.766404e-01	7.033474e-02	6.079344e-01	
3  2.17777	2.908028e-01	7.309118e-02	5.910155e-01	
9  1.76876	3.135273e-01	4.582533e-02	5.955569e-01	
3  2.04991	2.895049e-01	2.530233e-03	6.628744e-01	
6  2.66772	2.674165e-01	3.009184e-02	6.574012e-01	
2  2.19247	2.826259e-01	-6.571944e-03	6.788556e-01	
3  2.54204	3.483572e-01	1.256262e-01	4.809262e-01	
7  2.15486	2.802917e-01	-5.425048e-03	6.800429e-01	
1  5.87519	3.582539e-01	3.923094e-02	5.574247e-01	
1  3.21709	2.528811e-01	-2.141370e-02	7.234421e-01	
3  2.82455	3.068910e-01	5.419264e-04	6.474766e-01	
9  2.49796	3.406126e-01	1.361582e-01	4.781387e-01	
3  2.16891	3.335671e-01	7.445524e-02	5.468872e-01	
2  1.96472	2.978408e-01	7.842220e-02	5.786466e-01	
5  2.06514	3.121349e-01	1.029727e-01	5.398019e-01	
1  3.29478	2.620927e-01	3.503672e-02	6.577801e-01	
5  3.29721	2.629493e-01	-4.328650e-02	7.352467e-01	
3  6.46174	2.259244e-01	-9.022402e-02	8.192092e-01	
4  5.11518	2.899087e-01	-5.729661e-02	7.222975e-01	
3  2.03963	3.049616e-01	1.943406e-02	6.305138e-01	
6  3.77954	2.588141e-01	-5.492292e-02	7.510183e-01	
1  3.15888	2.798899e-01	-3.485873e-02	7.098784e-01	
2  2.60718	2.736695e-01	-2.320013e-02	7.044402e-01	
11  2.34065	3.115359e-01	1.970873e-02	6.236649e-01	
7  1.77531	2.910361e-01	1.702651e-02	6.468469e-01	
5  2.47921	2.965350e-01	9.294836e-02	5.654262e-01	
10  2.93365	3.226195e-01	1.404554e-01	4.918346e-01	
7  1.54074	3.063086e-01	5.772971e-02	5.908712e-01	
8  1.64077	3.023180e-01	3.560785e-02	6.169837e-01	
1  2.44686	2.994057e-01	-1.545310e-04	6.556584e-01	
11  2.50162	2.673584e-01	2.116081e-02	6.663903e-01	
1  2.18227	3.182506e-01	3.650579e-02	6.001532e-01	
2  3.06494	3.195563e-01	1.494290e-02	6.204103e-01	
3  3.49935	2.852429e-01	9.510171e-02	5.745649e-01	
16  2.68819	3.130190e-01	1.230767e-01	5.188139e-01	
14  1.87514	2.838222e-01	1.010779e-02	6.609796e-01	
10  3.04716	2.552598e-01	-1.199443e-02	7.116442e-01	
5  1.55339	2.991629e-01	5.042077e-02	6.053259e-01	
1  1.57539	3.103351e-01	6.984350e-02	5.747309e-01	
4  2.9716	2.632878e-01	2.809418e-02	6.635276e-01	
1  2.26215	2.718815e-01	2.471282e-02	6.583152e-01	
5  2.20846	2.796067e-01	4.806625e-02	6.272366e-01	
1  1.79292	3.074059e-01	8.527878e-02	5.622248e-01	
6  2.0274	2.963491e-01	9.315741e-03	6.492447e-01	
1  3.10526	2.846018e-01	8.568076e-02	5.846270e-01	
1  1.5863	2.950232e-01	4.478120e-02	6.151051e-01	
1  2.80159	2.813747e-01	7.166209e-02	6.018728e-01	
1  3.08895	2.655321e-01	3.928604e-02	6.500914e-01	
2  3.51087	3.582293e-01	9.252065e-02	5.041596e-01	
6  2.13699	3.335956e-01	1.175809e-01	5.037330e-01	
8  2.98532	2.781747e-01	-3.204283e-02	7.087776e-01	
2  4.82746	3.357013e-01	1.132515e-02	6.078831e-01	
4  3.58569	2.778011e-01	-4.475794e-02	7.218664e-01	
2  4.72766	3.648439e-01	7.651707e-02	5.135486e-01	
6  6.85594	2.215882e-01	-2.600124e-02	7.593225e-01	
3  7.74033	2.329748e-01	-1.178098e-01	8.397445e-01	
1  3.69163	2.592352e-01	-5.287102e-02	7.485454e-01	
3  2.16014	3.308685e-01	6.663551e-02	5.574055e-01	
12  2.28525	3.020117e-01	7.565781e-03	6.453320e-01	
2  2.13924	2.838522e-01	5.620105e-02	6.148563e-01	
12  1.66986	3.088427e-01	7.931023e-02	5.667566e-01	
11  3.03731	3.446534e-01	1.585623e-01	4.516938e-01	
3  3.67698	3.044903e-01	1.319542e-01	5.184650e-01	
5  2.73467	2.909874e-01	8.952555e-02	5.743966e-01	
3  3.00558	3.550759e-01	1.050004e-01	4.948332e-01	
17  1.86649	3.022344e-01	8.150883e-02	5.711663e-01	
11  3.06508	2.964691e-01	1.069000e-01	5.515405e-01	
5  2.20332	3.250581e-01	1.199292e-01	5.099222e-01	
4  1.53914	3.037617e-01	5.613212e-02	5.950157e-01	
1  2.31296	3.336556e-01	6.684411e-02	5.544098e-01	
7  2.14735	3.326245e-01	1.187757e-01	5.035094e-01	
13  2.07776	2.744238e-01	1.877897e-02	6.617068e-01	
3  2.0542	2.864253e-01	5.764204e-04	6.679078e-01	
6  3.77266	3.148764e-01	-6.172227e-03	6.462054e-01	
1  2.43848	3.196504e-01	3.086058e-02	6.043986e-01	
7  2.1469	3.098299e-01	2.302066e-02	6.220590e-01	
5  2.18023	3.354838e-01	1.193239e-01	5.001019e-01	
5  3.14294	3.126539e-01	1.332338e-01	5.090218e-01	
7  2.67937	3.393099e-01	6.699603e-02	5.486037e-01	
1  2.58868	3.277073e-01	4.235470e-02	5.848475e-01	
6  1.72669	3.127511e-01	4.694650e-02	5.952120e-01	
11  1.77416	2.953563e-01	6.466840e-02	5.948848e-01	
1  1.55328	2.986722e-01	4.780286e-02	6.084345e-01	
1  1.60047	3.138456e-01	7.344411e-02	5.676198e-01	
2  3.66874	3.496978e-01	6.338484e-02	5.418269e-01	
1  2.86401	3.333533e-01	4.650598e-02	5.750503e-01	
3  2.4083	3.106970e-01	1.645940e-02	6.277531e-01	
12  1.61759	3.009017e-01	6.407671e-02	5.899312e-01	
1  2.81341	2.792742e-01	6.725971e-02	6.083757e-01	
5  1.90109	2.800709e-01	1.263286e-02	6.622058e-01	
7  2.70364	3.356911e-01	1.442149e-01	4.750035e-01	
3  6.13471	3.842299e-01	9.833846e-02	4.723412e-01	
1  6.07399	3.631600e-01	2.382593e-01	3.534902e-01	
4  3.25693	3.629739e-01	1.507001e-01	4.412355e-01	
4  2.33347	3.028575e-01	9.918016e-02	5.528719e-01	
9  2.49046	2.647446e-01	1.095057e-03	6.890699e-01	
1  1.89129	2.884346e-01	9.160593e-03	6.573144e-01	
2  2.64856	3.085436e-01	6.994789e-03	6.393711e-01	
1  3.56903	2.483685e-01	-1.556182e-02	7.221029e-01	
10  3.44736	2.599200e-01	-4.664824e-02	7.416378e-01	
6  4.05172	2.919437e-01	-4.011464e-02	7.030805e-01	
1  3.09901	2.833510e-01	-3.108801e-02	7.026466e-01	
12  1.64487	3.150135e-01	8.071254e-02	5.591835e-01	
1  2.3311	3.168909e-01	1.175022e-01	5.205165e-01	
8  1.71171	2.986744e-01	6.727729e-02	5.889578e-01	
6  2.69545	3.309736e-01	1.412784e-01	4.826576e-01	
9  5.22272	3.677335e-01	2.240221e-01	3.631539e-01	
17  3.53778	3.655861e-01	1.680468e-01	4.212766e-01	
3  4.23412	3.648281e-01	1.980585e-01	3.920230e-01	
2  3.09685	3.599717e-01	1.261915e-01	4.687464e-01	
1  2.29156	3.305987e-01	1.262679e-01	4.980430e-01	
6  1.73327	3.215254e-01	8.869810e-02	5.446860e-01	
2  1.75047	3.223485e-01	7.132846e-02	5.612325e-01	
1  1.81592	3.261385e-01	9.319989e-02	5.355712e-01	
8  1.94148	3.306223e-01	1.022031e-01	5.220841e-01	
2  2.50084	2.845997e-01	7.041809e-02	5.998918e-01	
1  2.64307	3.192042e-01	1.292193e-01	5.064861e-01	
6  3.76928	3.494678e-01	1.819315e-01	4.235103e-01	
2  3.51839	3.682981e-01	1.508161e-01	4.357954e-01	
2  3.4619	3.655052e-01	1.259799e-01	4.634245e-01	
7  1.66839	3.172207e-01	6.348513e-02	5.742037e-01	
3  3.23984	2.565261e-01	1.306752e-02	6.853160e-01	
1  1.68703	2.901569e-01	2.465059e-02	6.401021e-01	
4  2.09395	3.364441e-01	1.068795e-01	5.115860e-01	
4  2.07912	2.796012e-01	4.158481e-02	6.337236e-01	
14  2.79203	2.683287e-01	3.797190e-02	6.486089e-01	
1  4.95443	3.590139e-01	5.713404e-02	5.387616e-01	
1  2.79582	3.313317e-01	4.402361e-02	5.795543e-01	
8  2.2503	3.372538e-01	8.201221e-02	5.356435e-01	
5  1.68229	3.115696e-01	4.773317e-02	5.956068e-01	
8  1.8917	2.803932e-01	1.308319e-02	6.614332e-01	
3  1.61835	3.045549e-01	4.054351e-02	6.098111e-01	
15  1.59056	2.973278e-01	5.353430e-02	6.040474e-01	
12  2.16767	2.764065e-01	3.618812e-02	6.423149e-01	
1  4.201	3.743929e-01	1.245828e-01	4.559338e-01	
3  3.45189	3.312440e-01	1.613045e-01	4.623610e-01	
1  3.67152	3.608929e-01	1.798543e-01	4.141624e-01	
7  3.54956	3.341079e-01	1.661313e-01	4.546704e-01	
4  3.20483	3.581978e-01	1.065330e-01	4.901788e-01	
5  2.71197	3.317473e-01	1.423116e-01	4.808506e-01	
1  1.64326	3.118352e-01	7.958558e-02	5.634887e-01	
7  2.31251	3.080914e-01	1.061652e-01	5.406530e-01	
7  1.54722	3.034609e-01	4.854918e-02	6.028995e-01	
5  1.60772	2.974675e-01	3.406856e-02	6.233735e-01	
1  3.74041	3.242590e-01	9.509388e-03	6.211412e-01	
17  2.7377	3.412917e-01	1.470004e-01	4.666174e-01	
5  1.74574	2.852219e-01	2.477224e-02	6.449154e-01	
2  2.09871	2.885315e-01	-1.261510e-05	6.663906e-01	
1  1.63183	2.978075e-01	3.177753e-02	6.253245e-01	
7  1.55882	2.984444e-01	4.991860e-02	6.065465e-01	
1  5.80551	2.513339e-01	5.627785e-02	6.472978e-01	
1  5.15871	3.701897e-01	8.094207e-02	5.037778e-01	
1  4.55772	3.070774e-01	1.507302e-01	4.971020e-01	
1  4.19153	2.965128e-01	1.278510e-01	5.305457e-01	
1  6.22318	4.005766e-01	1.529934e-01	4.013395e-01	
3  6.00811	3.303574e-01	2.042589e-01	4.202933e-01	
2  5.29023	2.939241e-01	1.398207e-01	5.211648e-01	
1  3.47749	3.302324e-01	2.540356e-02	5.992736e-01	
3  4.28964	3.613444e-01	7.783112e-02	5.157340e-01	
4  4.01075	2.536388e-01	-5.904323e-02	7.603140e-01	
2  3.6373	3.150023e-01	-3.608103e-03	6.435154e-01	
6  1.95014	2.785189e-01	1.018975e-02	6.662009e-01	
9  2.0155	2.854591e-01	1.913750e-03	6.675367e-01	
19  1.64792	2.900858e-01	3.435997e-02	6.304638e-01	
2  1.71674	3.044536e-01	3.326815e-02	6.171878e-01	
1  2.18123	2.860580e-01	6.307924e-02	6.057724e-01	
3  2.12823	2.832575e-01	5.424361e-02	6.174084e-01	
9  1.85911	2.828285e-01	1.233867e-02	6.597424e-01	
2  2.98629	2.674966e-01	4.192118e-02	6.454918e-01	
1  3.55368	2.808802e-01	8.737226e-02	5.866571e-01	
1  5.93117	2.895848e-01	1.405933e-01	5.247315e-01	
3  2.99018	3.580043e-01	1.246951e-01	4.722102e-01	
4  4.79631	2.787319e-01	1.042060e-01	5.719717e-01	
3  2.26549	3.336944e-01	1.254276e-01	4.957875e-01	
1  2.91584	3.330778e-01	4.445911e-02	5.773726e-01	
2  3.44132	3.025437e-01	1.244934e-01	5.278725e-01	
5  2.32397	3.361235e-01	7.361411e-02	5.451719e-01	
3  6.01643	2.755392e-01	1.147127e-01	5.646577e-01	
1  5.08642	3.152122e-01	-2.557390e-02	6.652712e-01	
7  2.42897	2.994166e-01	3.338094e-04	6.551591e-01	
16  3.00661	2.782514e-01	-3.249621e-02	7.091544e-01	
2  1.81924	3.203878e-01	5.841293e-02	5.761088e-01	
1  2.15658	3.342718e-01	7.772297e-02	5.429148e-01	
2  2.96558	3.261960e-01	1.448789e-01	4.838346e-01	
1  2.58595	3.192063e-01	1.276346e-01	5.080686e-01	
4  2.89583	3.543776e-01	1.455206e-01	4.550114e-01	
3  1.62314	3.067378e-01	7.310780e-02	5.750640e-01	
14  2.30042	3.194078e-01	1.190486e-01	5.164531e-01	
1  3.18602	2.913046e-01	1.003041e-01	5.633008e-01	
4  3.88641	3.634195e-01	9.595141e-02	4.955387e-01	
6  2.53968	3.467529e-01	1.320176e-01	4.761390e-01	
2  1.61147	3.155639e-01	7.063388e-02	5.687117e-01	
2  2.95686	3.551539e-01	1.487456e-01	4.510100e-01	
1  4.08737	3.731950e-01	1.249723e-01	4.567422e-01	
7  2.68324	2.811615e-01	6.802421e-02	6.057238e-01	
3  4.12451	3.253754e-01	4.658116e-03	6.248761e-01	
2  2.39279	3.444643e-01	1.044093e-01	5.060360e-01	
1  2.33536	2.848304e-01	6.575188e-02	6.043273e-01	
1  2.32114	2.682578e-01	6.755591e-03	6.798962e-01	
1  1.84972	3.128225e-01	4.000411e-02	6.020829e-01	
8  3.70446	3.392512e-01	3.863430e-02	5.770241e-01	
1  5.96624	3.871640e-01	1.112323e-01	4.565132e-01	
11  4.94117	3.903521e-01	1.883638e-01	3.761936e-01	
3  3.20133	3.618065e-01	1.273910e-01	4.657120e-01	
3  3.9275	3.196075e-01	1.578160e-01	4.774861e-01	
1  5.9584	3.090596e-01	1.736329e-01	4.722171e-01	
2  2.09339	3.318090e-01	7.360678e-02	5.494937e-01	
1  2.08562	3.226974e-01	4.950253e-02	5.827096e-01	
1  3.40337	3.029789e-01	-1.633239e-02	6.682631e-01	
5  2.19147	3.336155e-01	7.320581e-02	5.480882e-01	
5  2.12551	2.760708e-01	3.224262e-02	6.465962e-01	
5  2.94403	2.681027e-01	-3.379490e-02	7.206017e-01	
3  2.31723	2.863191e-01	-9.041194e-03	6.776317e-01	
1  3.38153	2.614197e-01	3.550484e-02	6.579850e-01	
3  2.54178	2.714416e-01	3.809715e-02	6.453707e-01	
3  3.04787	3.451079e-01	6.964534e-02	5.401563e-01	
11  1.63151	3.169171e-01	7.539781e-02	5.625947e-01	
4  1.89047	2.803624e-01	1.337247e-02	6.611747e-01	
6  1.64316	2.935244e-01	2.889134e-02	6.324938e-01	
6  1.65968	3.132068e-01	5.325542e-02	5.884473e-01	
9  2.13245	3.350237e-01	1.158773e-01	5.040086e-01	
2  2.4307	3.419244e-01	8.746552e-02	5.255196e-01	
1  2.39124	2.805177e-01	-1.450795e-02	6.888998e-01	
5  2.04512	2.759256e-01	2.423423e-02	6.547497e-01	
1  2.13398	3.039878e-01	9.459013e-02	5.563316e-01	
3  4.68902	3.099708e-01	-2.746263e-02	6.724013e-01	
4  3.65315	2.635026e-01	4.853737e-02	6.428696e-01	
4  2.3779	3.239127e-01	4.109262e-02	5.899043e-01	
4  1.78387	2.989639e-01	2.266401e-02	6.332816e-01	
2  3.20011	3.578140e-01	1.604785e-01	4.366171e-01	
1  2.76986	3.214054e-01	1.349827e-01	4.985215e-01	
5  2.77682	3.538970e-01	1.228607e-01	4.781519e-01	
1  5.27945	2.815748e-01	1.168638e-01	5.564709e-01	
4  4.45125	3.370527e-01	2.000101e-02	5.978559e-01	
10  3.51822	3.553771e-01	8.328778e-02	5.162446e-01	
2  4.95558	3.043246e-01	1.524286e-01	4.981563e-01	
5  5.76539	3.949702e-01	1.463574e-01	4.135819e-01	
26  1.93699	3.206657e-01	1.049330e-01	5.293109e-01	
2  1.81851	3.018660e-01	7.865731e-02	5.743863e-01	
6  2.34089	2.827096e-01	6.107231e-02	6.111276e-01	
11  1.9404	3.190383e-01	1.041146e-01	5.317567e-01	
1  1.72175	2.982307e-01	2.543635e-02	6.312425e-01	
16  2.60837	3.359912e-01	1.408971e-01	4.780212e-01	
2  2.16303	3.064605e-01	9.914877e-02	5.493003e-01	
3  2.67579	3.197716e-01	2.452756e-02	6.106104e-01	
3  1.90996	3.006595e-01	8.091637e-02	5.733337e-01	
2  3.72641	2.685482e-01	6.314495e-02	6.232164e-01	
2  2.93061	3.088977e-01	1.078443e-03	6.449334e-01	
3  2.34404	2.804040e-01	5.557956e-02	6.189259e-01	
16  1.81804	2.927601e-01	1.538346e-02	6.467660e-01	
3  1.97936	2.813383e-01	3.863687e-03	6.697076e-01	
3  5.25885	2.529616e-01	5.176228e-02	6.501857e-01	
5  3.20923	2.832480e-01	8.518941e-02	5.864722e-01	
3  1.78577	3.246107e-01	9.168567e-02	5.386131e-01	
1  2.00407	2.826122e-01	2.079360e-03	6.702180e-01	
4  2.25906	3.065097e-01	1.447132e-02	6.339285e-01	
3  3.11877	2.827108e-01	-3.199543e-02	7.041942e-01	
6  2.24081	2.963344e-01	8.560393e-02	5.729713e-01	
5  3.79925	3.166093e-01	-3.982322e-03	6.422826e-01	
4  2.50334	2.653964e-01	1.069938e-02	6.788137e-01	
3  1.59556	2.949976e-01	4.735469e-02	6.125573e-01	
3  2.54646	3.062820e-01	1.102235e-01	5.384040e-01	
7  1.96204	3.136050e-01	3.630194e-02	6.050026e-01	
3  1.92559	3.311641e-01	9.313883e-02	5.306066e-01	
6  1.53853	3.025418e-01	5.260255e-02	5.997652e-01	
16  2.87024	2.600817e-01	-2.394524e-02	7.187731e-01	
3  3.75226	2.459754e-01	-3.257210e-02	7.415063e-01	
8  7.16141	2.698620e-01	-9.848147e-02	7.835290e-01	
3  7.07494	2.586287e-01	-1.046872e-01	8.009680e-01	
12  2.76618	2.597972e-01	-1.073163e-02	7.058440e-01	
4  1.85285	2.822867e-01	3.354070e-02	6.390822e-01	
1  1.83104	3.152441e-01	9.549661e-02	5.441689e-01	
1  2.03921	2.982972e-01	1.099236e-02	6.456200e-01	
3  2.05999	2.757723e-01	2.516934e-02	6.539679e-01	
14  2.15338	3.384908e-01	1.014503e-01	5.149685e-01	
14  2.68329	3.438259e-01	1.443612e-01	4.667224e-01	
1  2.33921	2.687366e-01	1.486095e-02	6.713120e-01	
1  3.45764	3.279004e-01	2.144977e-02	6.055593e-01	
8  2.19684	3.385865e-01	9.306799e-02	5.232551e-01	
