4  25.2931	1.675305e-01	-1.218046e-02	7.995595e-01	
1  1.69186	2.881410e-01	3.690619e-02	6.298623e-01	
19  4.33464	2.393889e-01	-4.163896e-02	7.571597e-01	
4  3.20128	2.554234e-01	-3.270394e-02	7.321901e-01	
5  4.04369	3.552063e-01	6.781580e-02	5.318874e-01	
1  1.74954	2.850618e-01	3.067681e-02	6.391710e-01	
5  2.49555	3.472501e-01	1.239002e-01	4.837592e-01	
9  2.66429	3.094442e-01	7.942612e-03	6.375228e-01	
21  2.39854	3.304440e-01	1.306502e-01	4.938153e-01	
2  1.93472	3.187961e-01	4.787451e-02	5.882390e-01	
5  4.15682	2.568481e-01	-6.311148e-02	7.611729e-01	
6  4.23381	2.475178e-01	1.283981e-02	6.945520e-01	
2  3.92662	2.626653e-01	-5.803931e-02	7.502836e-01	
3  2.88465	2.805984e-01	-2.822428e-02	7.025354e-01	
1  2.88174	3.236051e-01	1.401700e-01	4.911345e-01	
15  3.47735	3.287058e-01	1.593791e-01	4.668246e-01	
3  2.01199	2.971544e-01	7.908315e-02	5.786720e-01	
5  1.75713	2.993833e-01	7.129516e-02	5.842311e-01	
1  3.98256	3.122972e-01	-1.350045e-02	6.561128e-01	
21  2.9122	2.733419e-01	-3.230011e-02	7.138678e-01	
4  1.54473	3.009190e-01	4.753217e-02	6.064584e-01	
2  1.94421	3.136888e-01	3.722038e-02	6.040003e-01	
3  1.93646	2.867463e-01	5.394461e-02	6.142187e-01	
2  2.56768	3.284917e-01	4.467698e-02	5.817409e-01	
2  2.56746	2.732434e-01	-2.183537e-02	7.035015e-01	
6  2.05463	2.826165e-01	-5.491332e-04	6.728422e-01	
7  1.90609	2.892747e-01	8.763272e-03	6.568715e-01	
4  2.74424	3.383406e-01	6.208124e-02	5.544877e-01	
1  3.53529	3.665632e-01	1.262454e-01	4.621009e-01	
3  3.16015	3.004439e-01	1.155168e-01	5.389489e-01	
2  2.22412	3.310556e-01	1.232098e-01	5.006441e-01	
11  1.74149	2.871255e-01	2.048934e-02	6.472947e-01	
14  2.28125	3.420851e-01	1.124292e-01	5.003952e-01	
6  3.61038	2.608254e-01	-5.111456e-02	7.451987e-01	
3  2.55061	2.762610e-01	5.216266e-02	6.264859e-01	
1  2.58119	2.649573e-01	1.508761e-02	6.748646e-01	
4  2.37704	2.708496e-01	2.807714e-02	6.559828e-01	
2  3.43397	3.604025e-01	1.699402e-01	4.245668e-01	
1  3.64669	3.555554e-01	7.968829e-02	5.196658e-01	
3  1.77116	3.162140e-01	5.146069e-02	5.872349e-01	
2  2.98811	3.501611e-01	8.706152e-02	5.176869e-01	
1  2.71823	2.613638e-01	-1.571368e-02	7.092595e-01	
2  3.23785	2.629863e-01	3.609017e-02	6.558331e-01	
1  3.99584	2.436041e-01	-4.101078e-02	7.523163e-01	
1  4.80416	2.881664e-01	-5.494013e-02	7.216832e-01	
1  5.03358	3.056081e-01	-3.797644e-02	6.872778e-01	
2  3.11229	3.454889e-01	6.855463e-02	5.408660e-01	
1  1.85168	2.890004e-01	1.157136e-02	6.543378e-01	
4  2.71858	3.056815e-01	1.137190e-01	5.355090e-01	
1  3.95614	3.288839e-01	1.367771e-02	6.123479e-01	
1  3.36322	3.397584e-01	4.758067e-02	5.675704e-01	
14  1.64146	2.977254e-01	6.015825e-02	5.970259e-01	
2  2.92025	3.531319e-01	1.018595e-01	4.999181e-01	
2  2.25806	3.370406e-01	1.236955e-01	4.941735e-01	
5  1.54843	3.054670e-01	5.141175e-02	5.980308e-01	
16  2.55709	2.635271e-01	-5.603633e-03	6.969861e-01	
2  1.93005	2.782760e-01	1.760576e-02	6.590278e-01	
12  2.71943	2.618741e-01	-1.789267e-02	7.109281e-01	
2  1.75465	3.003726e-01	2.581671e-02	6.287202e-01	
2  1.5766	3.005781e-01	5.883529e-02	5.954961e-01	
1  3.66511	3.663217e-01	1.163723e-01	4.722155e-01	
1  3.80895	3.446265e-01	4.800349e-02	5.622796e-01	
10  1.97463	3.049547e-01	9.016578e-02	5.597890e-01	
6  3.05281	3.185545e-01	1.387163e-01	4.976388e-01	
1  4.31991	3.811563e-01	1.753747e-01	3.983786e-01	
5  2.051	3.299769e-01	1.132833e-01	5.116493e-01	
7  2.07006	3.199186e-01	1.107796e-01	5.242113e-01	
5  2.91134	3.241695e-01	2.666934e-02	6.040707e-01	
1  3.5687	3.293849e-01	2.194404e-02	6.035806e-01	
10  2.02323	2.872576e-01	5.939669e-02	6.082553e-01	
5  3.10413	3.144638e-01	1.347773e-01	5.056685e-01	
1  2.58938	3.498077e-01	1.190607e-01	4.860411e-01	
2  2.21979	3.302133e-01	1.228467e-01	5.018496e-01	
4  2.67983	3.385064e-01	6.481943e-02	5.515838e-01	
1  4.07808	3.475258e-01	1.883478e-01	4.190360e-01	
3  4.95659	3.234497e-01	1.800024e-01	4.514574e-01	
1  4.18985	3.418321e-01	1.865127e-01	4.265647e-01	
27  2.38569	3.435609e-01	1.242191e-01	4.871296e-01	
9  2.35519	3.419310e-01	9.350445e-02	5.194741e-01	
5  2.35039	2.729862e-01	-1.275833e-02	6.946817e-01	
2  1.86868	2.967836e-01	7.233354e-02	5.857924e-01	
18  1.88155	3.228707e-01	6.078630e-02	5.712525e-01	
17  1.80572	2.836899e-01	1.737109e-02	6.538486e-01	
4  1.90157	3.131076e-01	9.715688e-02	5.446451e-01	
3  2.06151	3.355376e-01	9.528950e-02	5.240825e-01	
11  1.77193	3.236120e-01	7.369498e-02	5.576026e-01	
3  1.64009	2.912356e-01	3.119412e-02	6.324799e-01	
18  1.97532	3.165939e-01	4.141601e-02	5.968996e-01	
14  2.00204	2.774581e-01	2.748097e-02	6.499705e-01	
3  1.90376	3.126711e-01	9.680976e-02	5.454287e-01	
4  1.8619	3.210030e-01	1.006421e-01	5.332644e-01	
3  2.20635	2.720017e-01	-1.543578e-03	6.844515e-01	
7  2.1955	3.085826e-01	1.950365e-02	6.268233e-01	
10  2.60633	3.451350e-01	8.868215e-02	5.210924e-01	
1  3.74936	3.644152e-01	1.046271e-01	4.858672e-01	
1  2.49266	3.378505e-01	1.364225e-01	4.806366e-01	
2  1.54981	3.056719e-01	6.208732e-02	5.871503e-01	
2  1.90501	3.298105e-01	9.834208e-02	5.267569e-01	
2  1.75907	3.139840e-01	9.016863e-02	5.507569e-01	
7  2.04073	3.186190e-01	4.268302e-02	5.936075e-01	
3  2.02892	3.207000e-01	4.758629e-02	5.866232e-01	
2  4.40257	3.252506e-01	-1.010127e-04	6.297600e-01	
2  3.30003	2.998181e-01	-1.838027e-02	6.734717e-01	
1  2.34256	3.167340e-01	1.176997e-01	5.204759e-01	
6  1.91978	3.228139e-01	5.819689e-02	5.738988e-01	
10  1.67124	3.191726e-01	7.134986e-02	5.643871e-01	
12  1.93445	2.913972e-01	8.700797e-03	6.548115e-01	
5  4.56539	2.523254e-01	3.694779e-02	6.656363e-01	
4  4.05096	3.010073e-01	-2.971676e-02	6.836190e-01	
7  1.75801	2.907320e-01	1.812336e-02	6.460542e-01	
1  1.63813	3.070802e-01	4.283486e-02	6.049944e-01	
2  2.00354	3.317718e-01	8.106733e-02	5.420704e-01	
2  2.20574	3.081396e-01	1.850908e-02	6.282609e-01	
11  1.9542	3.036559e-01	8.744140e-02	5.638122e-01	
7  2.41319	3.387652e-01	1.322794e-01	4.838650e-01	
3  1.60515	3.147898e-01	6.691204e-02	5.732077e-01	
12  1.5572	3.090149e-01	5.778265e-02	5.881120e-01	
12  1.93438	2.897949e-01	7.672120e-03	6.574425e-01	
3  1.78641	3.045436e-01	8.106920e-02	5.692967e-01	
6  2.83672	2.816092e-01	7.307537e-02	6.002250e-01	
15  2.28169	2.733933e-01	3.213264e-02	6.493837e-01	
5  2.08637	3.361221e-01	1.070846e-01	5.117029e-01	
6  2.64227	3.239335e-01	1.339837e-01	4.969923e-01	
1  2.76467	3.530384e-01	1.357041e-01	4.661671e-01	
11  2.26099	3.199895e-01	3.713210e-02	5.977879e-01	
3  2.88687	3.465094e-01	7.964920e-02	5.287510e-01	
5  1.60133	3.095804e-01	5.120076e-02	5.941284e-01	
3  1.88443	3.059456e-01	2.695659e-02	6.220073e-01	
2  1.83057	2.944760e-01	6.598530e-02	5.944483e-01	
5  1.93108	3.301820e-01	1.017699e-01	5.229577e-01	
2  1.90103	3.245099e-01	1.037934e-01	5.266063e-01	
3  1.76745	3.230129e-01	7.169834e-02	5.601983e-01	
12  1.80119	2.909186e-01	5.650052e-02	6.074905e-01	
23  1.8304	2.828859e-01	3.347493e-02	6.385488e-01	
3  1.56587	3.002809e-01	5.653300e-02	5.980956e-01	
3  2.50057	3.208057e-01	3.120196e-02	6.029019e-01	
1  4.0372	3.572847e-01	1.917731e-01	4.058518e-01	
3  2.91371	3.516641e-01	1.512827e-01	4.519628e-01	
4  5.8116	3.995465e-01	2.229588e-01	3.324043e-01	
10  5.01141	3.762666e-01	2.194368e-01	3.592061e-01	
18  2.87483	3.427275e-01	1.524299e-01	4.597521e-01	
4  4.17812	3.442487e-01	1.882109e-01	4.224500e-01	
4  4.70195	3.452925e-01	1.994977e-01	4.101194e-01	
3  4.93904	3.844580e-01	1.348003e-01	4.356512e-01	
3  4.11676	3.764401e-01	1.802168e-01	3.982526e-01	
1  2.89589	3.549470e-01	1.438342e-01	4.561283e-01	
2  3.17797	3.621002e-01	1.378886e-01	4.549208e-01	
3  3.2605	2.999082e-01	1.167024e-01	5.382989e-01	
7  2.88435	3.562503e-01	1.323778e-01	4.662814e-01	
3  2.23869	3.404588e-01	9.946242e-02	5.149884e-01	
2  2.45431	3.430544e-01	1.315669e-01	4.802883e-01	
1  2.24375	3.376081e-01	8.388170e-02	5.334197e-01	
26  1.59728	2.957217e-01	3.512177e-02	6.240660e-01	
1  2.08104	2.825278e-01	5.018480e-02	6.221970e-01	
5  2.53949	3.259505e-01	4.017919e-02	5.887798e-01	
3  2.52312	3.013428e-01	1.021093e-01	5.514575e-01	
6  2.62126	3.139103e-01	1.224584e-01	5.185409e-01	
1  2.11775	3.368154e-01	1.099618e-01	5.081323e-01	
1  3.58586	2.868682e-01	9.990672e-02	5.681347e-01	
11  3.10666	2.577820e-01	-3.258295e-02	7.297105e-01	
1  3.38747	3.383601e-01	4.390879e-02	5.726407e-01	
1  1.69756	3.160621e-01	8.658896e-02	5.522585e-01	
7  2.3466	3.392381e-01	8.282889e-02	5.328426e-01	
4  2.38635	2.869076e-01	7.189531e-02	5.961066e-01	
5  2.72351	2.812051e-01	6.922251e-02	6.044820e-01	
3  2.86238	3.433344e-01	7.126451e-02	5.403107e-01	
3  1.59338	2.940160e-01	4.005622e-02	6.208373e-01	
12  1.64137	3.132234e-01	5.516381e-02	5.865223e-01	
4  3.48483	2.898079e-01	1.035194e-01	5.615823e-01	
3  1.92325	3.134926e-01	9.855630e-02	5.428606e-01	
6  2.8826	3.254650e-01	1.420344e-01	4.874101e-01	
9  3.0864	3.514630e-01	1.599424e-01	4.435041e-01	
7  3.61791	3.699551e-01	1.461297e-01	4.388247e-01	
1  3.29198	3.013245e-01	1.196227e-01	5.339624e-01	
2  3.75967	2.773574e-01	8.392065e-02	5.936315e-01	
16  1.59035	3.122857e-01	5.997887e-02	5.826450e-01	
2  1.88502	2.937477e-01	1.274840e-02	6.484134e-01	
11  2.12931	2.975482e-01	7.034601e-03	6.503267e-01	
3  1.66244	2.940692e-01	2.691786e-02	6.339225e-01	
14  1.69399	2.929838e-01	5.381951e-02	6.081062e-01	
14  2.86328	2.677032e-01	-3.118862e-02	7.183950e-01	
2  3.97509	2.432675e-01	-2.511297e-02	7.367550e-01	
2  2.77538	2.776690e-01	-2.707332e-02	7.043139e-01	
10  2.98723	2.573092e-01	-2.379401e-02	7.213944e-01	
1  2.5482	2.688302e-01	-1.944906e-02	7.055284e-01	
7  3.55123	3.461150e-01	5.761094e-02	5.511836e-01	
11  3.56863	3.687028e-01	1.586678e-01	4.275389e-01	
5  2.11266	3.119776e-01	1.045517e-01	5.383802e-01	
14  2.41863	3.427899e-01	9.199024e-02	5.201294e-01	
3  3.66087	3.041826e-01	1.311828e-01	5.195442e-01	
2  5.73698	3.150757e-01	-3.415094e-02	6.739848e-01	
1  3.05217	3.375504e-01	5.069675e-02	5.666624e-01	
2  2.73512	3.251839e-01	1.377824e-01	4.919432e-01	
4  1.85941	3.281198e-01	8.289314e-02	5.438966e-01	
3  1.80251	3.148338e-01	9.352380e-02	5.465520e-01	
1  2.69994	3.085747e-01	1.174204e-01	5.289144e-01	
2  3.00126	3.396853e-01	5.719207e-02	5.580322e-01	
7  2.65725	2.947295e-01	9.443889e-02	5.657411e-01	
2  2.3711	3.199912e-01	1.219552e-01	5.129632e-01	
10  2.83899	2.588255e-01	-1.545479e-02	7.115389e-01	
4  3.68672	3.707635e-01	1.423027e-01	4.418434e-01	
2  3.50092	3.614503e-01	1.044056e-01	4.890537e-01	
2  4.25282	3.803509e-01	1.696464e-01	4.049123e-01	
7  4.07895	3.455287e-01	1.870173e-01	4.223635e-01	
1  6.07588	4.027452e-01	1.715434e-01	3.806210e-01	
10  2.19586	3.329192e-01	1.216624e-01	5.003280e-01	
3  2.35906	2.736105e-01	3.695075e-02	6.443483e-01	
12  1.82108	2.820086e-01	2.287345e-02	6.500275e-01	
1  3.09985	3.595596e-01	1.222386e-01	4.731113e-01	
6  3.39409	2.992201e-01	1.182227e-01	5.374667e-01	
5  2.09193	2.932473e-01	7.484359e-02	5.868187e-01	
2  4.6096	3.651939e-01	8.029785e-02	5.094178e-01	
1  3.9856	3.710412e-01	1.204869e-01	4.633814e-01	
16  2.54917	3.438650e-01	1.370990e-01	4.739456e-01	
5  4.90242	3.722097e-01	9.283598e-02	4.898639e-01	
3  3.69279	3.547989e-01	1.813655e-01	4.187451e-01	
4  9.15012	4.397736e-01	2.769273e-01	2.382086e-01	
2  8.59269	4.256894e-01	2.927710e-01	2.364491e-01	
3  10.0352	4.497182e-01	2.638721e-01	2.413193e-01	
3  7.56126	3.785198e-01	2.735892e-01	3.028006e-01	
3  7.4241	4.214116e-01	2.165298e-01	3.169681e-01	
4  6.65414	4.084626e-01	1.729913e-01	3.734557e-01	
8  6.85373	4.013629e-01	2.623333e-01	2.912133e-01	
16  2.69867	3.522918e-01	1.232789e-01	4.793388e-01	
2  2.69525	3.432748e-01	7.783845e-02	5.337963e-01	
5  1.58522	3.127063e-01	7.063169e-02	5.715715e-01	
25  1.59308	3.101733e-01	5.361841e-02	5.911178e-01	
3  2.03991	2.809412e-01	3.209885e-04	6.736473e-01	
14  1.74611	3.029213e-01	2.945779e-02	6.225304e-01	
8  2.68408	3.343976e-01	5.435860e-02	5.661534e-01	
2  1.79996	3.051453e-01	2.971284e-02	6.200514e-01	
7  1.75268	2.862274e-01	3.825638e-02	6.304257e-01	
19  2.24342	3.203303e-01	3.840700e-02	5.961723e-01	
4  2.87856	3.382898e-01	5.753712e-02	5.590826e-01	
4  3.53246	3.542479e-01	1.762294e-01	4.244322e-01	
2  3.9387	3.732055e-01	1.344483e-01	4.472558e-01	
3  1.92801	2.849439e-01	4.867280e-02	6.212928e-01	
7  1.69312	3.183458e-01	8.594712e-02	5.506166e-01	
2  1.62125	3.147749e-01	7.712987e-02	5.630048e-01	
8  1.78817	2.970598e-01	2.049190e-02	6.373578e-01	
2  1.6504	3.181231e-01	7.784648e-02	5.589400e-01	
7  2.39641	2.672441e-01	1.124005e-02	6.764254e-01	
6  1.87922	2.905819e-01	6.015031e-02	6.041774e-01	
4  1.9406	3.272782e-01	6.973703e-02	5.578943e-01	
7  3.02517	2.559689e-01	-5.129299e-03	7.040700e-01	
15  1.89756	3.232314e-01	6.070565e-02	5.709725e-01	
6  3.74399	3.721938e-01	1.521810e-01	4.305347e-01	
2  2.80717	3.463444e-01	1.493512e-01	4.592139e-01	
1  3.09193	3.535278e-01	9.401633e-02	5.073654e-01	
1  2.04672	3.278118e-01	6.425676e-02	5.628410e-01	
1  3.22795	2.944611e-01	-2.320699e-02	6.836554e-01	
1  2.3669	2.729501e-01	-1.354966e-02	6.955091e-01	
6  1.84014	2.874284e-01	1.192077e-02	6.555604e-01	
9  1.81797	3.248822e-01	7.283505e-02	5.571923e-01	
1  2.78585	3.507500e-01	1.443613e-01	4.597983e-01	
1  2.38089	2.998956e-01	9.586014e-02	5.591538e-01	
6  2.39496	3.393859e-01	1.309422e-01	4.845815e-01	
9  2.08749	3.320988e-01	1.149044e-01	5.079063e-01	
8  1.85757	3.283962e-01	9.314993e-02	5.333634e-01	
6  4.00804	2.851980e-01	1.042948e-01	5.654167e-01	
1  2.86758	3.463064e-01	1.520645e-01	4.565387e-01	
9  3.62069	3.542566e-01	7.679461e-02	5.238583e-01	
2  3.68728	3.313953e-01	1.665707e-01	4.569436e-01	
1  4.85288	3.116659e-01	1.621316e-01	4.811120e-01	
3  4.38753	3.580629e-01	6.685052e-02	5.299962e-01	
6  2.62977	3.423669e-01	7.797907e-02	5.345636e-01	
4  2.48373	2.648660e-01	8.962433e-04	6.891473e-01	
1  2.12548	2.731150e-01	1.653365e-02	6.652609e-01	
2  4.80512	2.506356e-01	3.686959e-02	6.674044e-01	
3  2.27689	2.697739e-01	-1.677722e-03	6.868133e-01	
7  2.87062	3.191118e-01	1.857632e-02	6.172214e-01	
3  3.19727	3.023382e-01	1.193090e-01	5.332623e-01	
2  1.93198	2.815941e-01	3.844399e-02	6.348715e-01	
8  2.33506	2.795180e-01	5.298797e-02	6.224036e-01	
4  2.59937	3.120737e-01	1.356047e-02	6.292754e-01	
2  1.57411	3.033292e-01	6.328460e-02	5.882957e-01	
2  1.89241	3.230668e-01	1.031323e-01	5.287105e-01	
3  2.04684	3.153439e-01	3.605823e-02	6.035074e-01	
1  1.86622	2.806745e-01	2.597300e-02	6.482620e-01	
4  1.94407	2.817853e-01	6.060613e-03	6.670636e-01	
4  8.2778	2.362394e-01	-1.245736e-01	8.432438e-01	
5  6.79911	2.358591e-01	2.771044e-02	6.913400e-01	
2  2.86864	2.757827e-01	-3.032159e-02	7.094485e-01	
7  3.27762	2.652634e-01	4.395205e-02	6.456941e-01	
2  2.19652	2.745238e-01	3.110671e-02	6.492790e-01	
2  1.87349	2.801928e-01	1.863643e-02	6.560803e-01	
1  2.21665	2.839301e-01	5.947095e-02	6.115085e-01	
9  1.57178	3.020207e-01	4.232142e-02	6.105674e-01	
3  1.61048	3.039858e-01	6.834568e-02	5.825780e-01	
2  1.96961	3.097840e-01	9.640049e-02	5.487251e-01	
3  4.85504	3.125711e-01	1.634890e-01	4.788494e-01	
3  4.80321	3.507704e-01	2.058358e-01	3.983033e-01	
5  4.55736	3.849998e-01	1.742940e-01	3.956158e-01	
2  5.33814	3.948643e-01	1.708276e-01	3.892176e-01	
3  5.28319	3.565024e-01	2.192084e-01	3.791987e-01	
1  5.25301	3.540662e-01	2.168606e-01	3.839828e-01	
1  6.68027	4.096829e-01	1.786690e-01	3.665577e-01	
3  5.64802	3.125186e-01	1.747585e-01	4.676324e-01	
5  5.68949	2.827160e-01	1.246384e-01	5.475551e-01	
2  2.10579	2.905784e-01	1.199262e-03	6.631319e-01	
5  4.2702	3.695229e-01	1.030767e-01	4.823099e-01	
5  3.74404	3.549727e-01	1.829381e-01	4.169988e-01	
6  6.85341	3.632696e-01	2.512130e-01	3.404269e-01	
3  6.35692	3.516703e-01	2.331713e-01	3.700679e-01	
1  5.66634	3.680956e-01	2.335755e-01	3.532384e-01	
8  5.86942	3.143200e-01	1.804102e-01	4.601793e-01	
3  4.68806	3.859071e-01	1.902165e-01	3.787859e-01	
3  2.0235	3.057465e-01	9.318837e-02	5.559746e-01	
13  1.82536	2.983777e-01	7.313570e-02	5.833961e-01	
1  2.13536	3.372951e-01	9.393201e-02	5.236825e-01	
2  2.37929	3.310996e-01	1.301683e-01	4.936417e-01	
8  2.31268	3.309272e-01	1.273014e-01	4.966809e-01	
6  1.98285	3.329829e-01	1.002978e-01	5.216289e-01	
3  1.87898	2.943708e-01	6.818881e-02	5.923499e-01	
4  1.58682	3.076422e-01	7.018853e-02	5.770788e-01	
3  3.19811	2.946146e-01	-2.246271e-02	6.827576e-01	
2  5.67532	2.430625e-01	3.069361e-02	6.811535e-01	
7  3.54568	2.702267e-01	-4.810807e-02	7.327909e-01	
2  3.87428	2.585567e-01	3.982691e-02	6.565260e-01	
7  3.55853	3.023382e-01	-1.992447e-02	6.724958e-01	
9  1.73164	3.006868e-01	7.204813e-02	5.821746e-01	
1  1.93762	3.206184e-01	1.049410e-01	5.293502e-01	
13  2.11107	3.310788e-01	1.169226e-01	5.069081e-01	
1  2.32656	2.786777e-01	5.044964e-02	6.257822e-01	
2  3.40847	3.615923e-01	1.672045e-01	4.261127e-01	
2  3.53008	3.509380e-01	1.757478e-01	4.282238e-01	
8  4.55354	3.677856e-01	2.072955e-01	3.798285e-01	
5  3.04952	3.566515e-01	1.526130e-01	4.456451e-01	
2  2.53431	3.282248e-01	1.341946e-01	4.924901e-01	
1  2.07799	2.833529e-01	5.223171e-02	6.193249e-01	
26  2.36748	3.268217e-01	1.274325e-01	5.006553e-01	
3  1.54942	2.997031e-01	5.057391e-02	6.046325e-01	
8  2.28044	2.864485e-01	6.748314e-02	6.009779e-01	
2  3.4008	3.469989e-01	6.381905e-02	5.440916e-01	
9  2.98394	2.963449e-01	-1.623408e-02	6.747987e-01	
10  2.63715	2.936655e-01	9.202316e-02	5.692209e-01	
2  2.98259	3.046398e-01	-5.952737e-03	6.562225e-01	
3  3.97939	2.958163e-01	-3.473733e-02	6.938306e-01	
19  1.55126	3.050932e-01	6.183297e-02	5.879833e-01	
3  1.73837	2.876722e-01	4.220299e-02	6.250343e-01	
15  1.55122	3.024138e-01	5.788321e-02	5.946125e-01	
1  4.28684	2.627466e-01	5.986821e-02	6.322947e-01	
3  4.55732	2.734115e-01	-6.391041e-02	7.454084e-01	
3  2.71321	2.795940e-01	6.527848e-02	6.100371e-01	
4  2.73333	3.374280e-01	6.013494e-02	5.573467e-01	
2  2.50098	3.475276e-01	1.227768e-01	4.846051e-01	
2  2.8712	3.553172e-01	1.188147e-01	4.807776e-01	
6  1.86404	3.233681e-01	6.344123e-02	5.681002e-01	
10  3.18387	3.300179e-01	1.538922e-01	4.709994e-01	
1  2.02848	2.759134e-01	7.882490e-03	6.711136e-01	
6  2.13485	2.890754e-01	6.797238e-02	5.978618e-01	
1  1.90113	3.302034e-01	9.426410e-02	5.304421e-01	
14  1.81163	3.243411e-01	9.584763e-02	5.347209e-01	
2  1.56316	3.094024e-01	5.717900e-02	5.883281e-01	
4  3.00767	3.100933e-01	1.267704e-01	5.180458e-01	
3  2.38759	3.438073e-01	1.004198e-01	5.106824e-01	
2  2.18217	2.992556e-01	8.872710e-02	5.669269e-01	
2  1.55808	3.042513e-01	4.734561e-02	6.033127e-01	
8  1.59076	2.978377e-01	5.483575e-02	6.022361e-01	
8  3.65207	2.481529e-01	-9.204022e-03	7.159607e-01	
3  1.91655	3.109538e-01	3.355627e-02	6.103994e-01	
9  1.89283	3.292459e-01	8.344290e-02	5.422208e-01	
1  3.88223	3.386778e-01	3.374566e-02	5.824861e-01	
3  2.37297	3.437027e-01	1.017449e-01	5.094619e-01	
2  2.79217	3.027231e-01	1.109996e-01	5.411869e-01	
9  1.99331	3.119063e-01	9.987922e-02	5.431240e-01	
1  2.41612	3.299024e-01	5.296132e-02	5.720459e-01	
6  2.19989	3.395672e-01	1.117910e-01	5.035514e-01	
4  3.02902	3.291635e-01	1.492505e-01	4.764955e-01	
2  3.27491	3.527640e-01	1.672221e-01	4.349234e-01	
9  2.35059	2.697747e-01	2.169116e-02	6.634436e-01	
6  1.91306	2.789138e-01	1.623360e-02	6.597622e-01	
3  2.64853	2.664422e-01	2.563050e-02	6.628368e-01	
21  1.62892	3.167364e-01	7.507551e-02	5.630976e-01	
1  3.54109	3.619830e-01	1.045963e-01	4.883302e-01	
2  2.36456	3.337733e-01	6.480166e-02	5.563346e-01	
7  2.32132	3.034077e-01	8.353013e-03	6.431489e-01	
3  3.78841	3.704508e-01	1.294460e-01	4.550128e-01	
7  4.41519	3.730174e-01	1.101750e-01	4.717171e-01	
2  3.00276	3.585249e-01	1.286141e-01	4.677706e-01	
5  1.76207	3.204035e-01	9.282775e-02	5.416783e-01	
3  1.56114	3.103214e-01	6.498310e-02	5.796050e-01	
6  2.10234	2.764650e-01	3.211157e-02	6.463330e-01	
12  2.3193	2.688419e-01	-3.100328e-03	6.891680e-01	
21  2.32873	2.780094e-01	4.872708e-02	6.281731e-01	
4  3.04181	2.554739e-01	-8.672803e-03	7.081084e-01	
4  2.45572	2.665746e-01	-9.776867e-03	6.981118e-01	
1  1.83581	2.814785e-01	2.147329e-02	6.519578e-01	
5  2.09493	3.065834e-01	1.982688e-02	6.284993e-01	
8  2.10371	2.843526e-01	-2.370147e-03	6.729271e-01	
10  2.17805	3.318223e-01	6.844608e-02	5.546411e-01	
9  3.15814	2.931996e-01	-2.320460e-02	6.849145e-01	
4  3.55045	2.503519e-01	-3.902061e-02	7.435783e-01	
3  3.60465	2.505604e-01	2.372124e-03	7.019770e-01	
1  6.53501	3.267861e-01	-2.645499e-02	6.545784e-01	
12  2.60246	2.646956e-01	-1.673871e-02	7.069526e-01	
5  3.32859	2.528169e-01	-1.006655e-03	7.030993e-01	
4  1.55438	3.029484e-01	5.948451e-02	5.924767e-01	
6  1.67934	3.197342e-01	7.249047e-02	5.626849e-01	
3  4.43107	3.620862e-01	7.627378e-02	5.165495e-01	
10  2.02967	2.810326e-01	8.818616e-04	6.729950e-01	
3  1.59085	3.110767e-01	5.624681e-02	5.875860e-01	
13  2.18932	2.904302e-01	7.274015e-02	5.917392e-01	
2  2.11531	2.925650e-01	2.517222e-03	6.598274e-01	
2  2.38991	2.797389e-01	5.555447e-02	6.196162e-01	
6  1.59335	2.960863e-01	5.054267e-02	6.082806e-01	
3  1.80126	2.853445e-01	4.043906e-02	6.291260e-01	
3  1.8368	3.254989e-01	7.308442e-02	5.563262e-01	
5  2.43718	2.751136e-01	-1.712584e-02	6.969218e-01	
4  1.74759	2.934725e-01	5.899863e-02	6.024385e-01	
9  1.7703	3.192943e-01	5.918941e-02	5.764258e-01	
25  1.82058	2.977270e-01	1.949454e-02	6.376880e-01	
3  1.54604	3.067444e-01	6.158709e-02	5.865780e-01	
8  2.71203	3.093043e-01	1.187354e-01	5.268698e-01	
4  2.0081	3.318551e-01	1.081732e-01	5.148813e-01	
3  2.58521	3.479428e-01	1.028139e-01	5.041529e-01	
4  1.6644	2.989036e-01	3.000061e-02	6.260053e-01	
2  3.74612	3.070476e-01	1.371058e-01	5.107561e-01	
1  4.19718	3.451243e-01	4.089853e-02	5.688867e-01	
5  1.76956	3.203151e-01	9.353504e-02	5.410594e-01	
1  1.88648	3.048310e-01	2.525373e-02	6.248248e-01	
7  1.59107	3.112656e-01	5.672820e-02	5.869157e-01	
3  1.69916	3.208265e-01	8.331181e-02	5.507712e-01	
2  1.84104	3.267708e-01	9.603243e-02	5.321063e-01	
8  1.84102	3.193884e-01	9.869005e-02	5.368311e-01	
4  1.74148	3.214419e-01	6.889730e-02	5.645703e-01	
2  2.28245	2.731032e-01	3.110085e-02	6.507055e-01	
7  2.06063	2.755483e-01	4.590449e-03	6.747708e-01	
3  2.0214	2.757110e-01	1.083659e-02	6.683620e-01	
2  2.13286	2.790998e-01	4.297180e-02	6.328380e-01	
7  1.63593	2.909861e-01	3.828219e-02	6.256412e-01	
1  1.72593	3.226943e-01	8.093714e-02	5.512781e-01	
3  2.14001	2.996061e-01	8.790350e-02	5.674000e-01	
11  2.75646	2.892859e-01	-1.848426e-02	6.841079e-01	
9  3.0926	3.601860e-01	1.429210e-01	4.518025e-01	
3  2.60031	2.928113e-01	8.951677e-02	5.725815e-01	
16  1.53838	3.049244e-01	5.658715e-02	5.933980e-01	
6  3.08188	3.100062e-01	1.282826e-01	5.166207e-01	
5  1.75306	2.921069e-01	5.619220e-02	6.066104e-01	
2  1.85538	3.025919e-01	8.155271e-02	5.707650e-01	
3  2.06039	3.352856e-01	9.311178e-02	5.265122e-01	
7  2.24313	3.125055e-01	2.424042e-02	6.181636e-01	
8  1.68883	2.969216e-01	2.644710e-02	6.315408e-01	
3  2.48012	3.023092e-01	2.599193e-03	6.500011e-01	
5  2.2887	3.360766e-01	7.542750e-02	5.434055e-01	
8  2.30885	3.407386e-01	9.207280e-02	5.220981e-01	
2  3.48921	2.722600e-01	-4.607298e-02	7.287225e-01	
2  2.63181	3.146495e-01	1.687512e-02	6.233849e-01	
4  2.36174	2.885106e-01	-8.801960e-03	6.752009e-01	
2  2.59451	2.864403e-01	-1.689750e-02	6.853667e-01	
11  1.84384	2.851110e-01	4.343412e-02	6.263645e-01	
21  1.8662	2.841571e-01	4.208392e-02	6.286686e-01	
2  2.08864	2.812071e-01	4.689859e-02	6.268039e-01	
7  3.89404	2.471809e-01	-4.821402e-02	7.559427e-01	
7  2.83686	2.616401e-01	1.547545e-02	6.777940e-01	
6  2.17063	3.000388e-01	8.587146e-03	6.462836e-01	
7  2.68073	2.617849e-01	-1.349069e-02	7.066153e-01	
6  2.51132	3.399863e-01	7.613990e-02	5.387834e-01	
1  3.23695	2.958165e-01	1.093675e-01	5.497255e-01	
4  1.9889	2.789130e-01	5.135749e-03	6.708608e-01	
10  1.76525	2.957182e-01	2.055679e-02	6.386346e-01	
2  2.28918	2.689993e-01	8.478868e-03	6.774313e-01	
12  1.66402	3.138933e-01	5.449484e-02	5.865214e-01	
3  2.44674	2.889593e-01	7.792075e-02	5.880295e-01	
4  3.13828	2.936377e-01	1.035154e-01	5.577565e-01	
5  2.37854	2.919252e-01	8.171702e-02	5.812673e-01	
7  2.23112	3.203871e-01	3.895056e-02	5.955719e-01	
5  1.54138	3.014385e-01	5.190074e-02	6.015703e-01	
6  1.93325	3.296491e-01	1.031867e-01	5.220738e-01	
30  2.19308	3.270381e-01	1.205351e-01	5.073363e-01	
8  3.66173	3.704629e-01	1.597722e-01	4.246745e-01	
6  2.94458	3.360403e-01	5.025729e-02	5.686119e-01	
2  3.01682	3.209338e-01	1.406318e-01	4.933439e-01	
1  2.31686	3.175855e-01	3.076799e-02	6.065561e-01	
9  1.81006	2.848890e-01	1.509235e-02	6.549282e-01	
14  2.15693	2.842124e-01	-4.585839e-03	6.752830e-01	
1  2.23255	2.741660e-01	-7.183400e-03	6.879269e-01	
3  2.22434	2.886715e-01	-4.367126e-03	6.706052e-01	
2  2.2067	2.749607e-01	-6.314200e-03	6.862631e-01	
3  2.03791	3.314574e-01	7.655350e-02	5.468987e-01	
35  1.79725	3.214683e-01	9.586630e-02	5.375749e-01	
2  1.94715	2.979179e-01	1.408062e-02	6.429110e-01	
11  1.89648	3.287866e-01	8.019679e-02	5.459262e-01	
19  2.19502	2.765969e-01	3.837747e-02	6.399352e-01	
2  2.57574	3.419652e-01	7.928464e-02	5.336597e-01	
1  2.10889	3.045697e-01	9.458784e-02	5.557520e-01	
3  2.39395	3.323066e-01	5.969673e-02	5.629062e-01	
10  2.62848	3.381117e-01	6.569825e-02	5.510996e-01	
2  4.16208	2.651487e-01	6.349047e-02	6.262703e-01	
6  1.7166	3.012714e-01	2.908364e-02	6.245545e-01	
2  2.62507	2.790013e-01	-2.234145e-02	6.982496e-01	
3  4.05876	2.684226e-01	-5.866843e-02	7.451554e-01	
21  2.05205	2.753918e-01	2.180080e-02	6.577169e-01	
2  2.00151	3.147151e-01	1.032288e-01	5.369656e-01	
10  2.91762	2.917759e-01	-1.971697e-02	6.828507e-01	
3  1.64023	2.915482e-01	3.055958e-02	6.328018e-01	
2  2.74527	3.469967e-01	8.778244e-02	5.201304e-01	
2  2.49537	2.672125e-01	-1.454076e-02	7.022378e-01	
2  2.4357	3.176012e-01	2.721130e-02	6.100970e-01	
1  2.30856	3.412930e-01	1.217138e-01	4.919028e-01	
3  2.30138	2.811066e-01	5.576812e-02	6.180348e-01	
4  3.20896	2.932608e-01	-2.413356e-02	6.857823e-01	
2  6.46485	2.386145e-01	3.075292e-02	6.855422e-01	
1  3.24828	2.581169e-01	-3.910449e-02	7.358971e-01	
6  3.21167	2.708140e-01	-4.054011e-02	7.246357e-01	
1  2.63677	2.843777e-01	7.379252e-02	5.967394e-01	
1  2.26332	2.895009e-01	-4.992150e-03	6.704008e-01	
3  6.46188	2.941588e-01	-6.868592e-02	7.294367e-01	
10  3.66528	2.509399e-01	-4.586616e-02	7.498358e-01	
2  3.91343	3.168149e-01	-5.611860e-03	6.437065e-01	
2  4.17169	2.914076e-01	-4.252901e-02	7.060309e-01	
4  2.16288	2.721486e-01	4.094232e-03	6.786667e-01	
8  1.59246	2.963186e-01	3.585818e-02	6.227328e-01	
1  3.92463	3.609166e-01	8.685800e-02	5.071350e-01	
2  2.67063	3.343569e-01	1.424568e-01	4.780959e-01	
3  2.16317	2.945781e-01	7.988006e-02	5.804514e-01	
3  1.89638	3.139304e-01	3.983189e-02	6.011473e-01	
5  3.32481	3.571352e-01	9.635412e-02	5.014202e-01	
1  3.08599	2.808284e-01	7.738615e-02	5.966950e-01	
1  3.73978	3.008328e-01	1.273044e-01	5.267724e-01	
1  5.99285	3.669869e-01	2.392856e-01	3.486371e-01	
1  2.30792	3.180155e-01	3.184036e-02	6.050537e-01	
1  1.59357	3.107027e-01	5.484525e-02	5.893616e-01	
2  3.7567	2.697394e-01	6.664924e-02	6.185209e-01	
1  3.97128	3.758438e-01	1.643862e-01	4.146796e-01	
3  4.74521	3.775252e-01	1.147498e-01	4.626345e-01	
5  4.66582	2.662156e-01	7.500648e-02	6.136874e-01	
1  4.26913	2.621391e-01	5.798427e-02	6.347862e-01	
1  1.67639	2.997004e-01	6.673565e-02	5.884735e-01	
1  1.66788	3.147063e-01	5.616278e-02	5.840405e-01	
1  2.27629	3.356445e-01	1.256272e-01	4.936379e-01	
1  3.34821	3.576069e-01	1.682130e-01	4.290897e-01	
9  1.8031	2.835926e-01	3.302672e-02	6.382902e-01	
1  2.74118	2.651275e-01	-2.512368e-02	7.149057e-01	
6  2.35297	2.752049e-01	-1.373623e-02	6.934408e-01	
10  2.07039	2.742973e-01	1.533668e-02	6.652756e-01	
1  7.4819	2.381131e-01	4.445628e-02	6.723402e-01	
6  2.46298	2.771789e-01	5.155016e-02	6.261805e-01	
13  2.17344	2.778273e-01	4.116842e-02	6.359138e-01	
1  1.79967	2.972494e-01	6.976289e-02	5.878973e-01	
4  1.78641	3.173415e-01	9.412455e-02	5.434435e-01	
8  2.02591	2.800947e-01	1.443998e-03	6.733709e-01	
2  2.33358	2.793686e-01	5.254383e-02	6.229971e-01	
4  2.28009	3.016065e-01	9.563007e-02	5.576730e-01	
6  3.19347	3.623074e-01	1.353154e-01	4.572868e-01	
4  3.48348	3.223954e-01	1.526144e-01	4.798997e-01	
8  4.3746	3.780506e-01	1.326971e-01	4.441619e-01	
10  5.06518	3.867974e-01	1.397016e-01	4.284106e-01	
6  2.23909	3.001420e-01	6.591647e-03	6.481759e-01	
4  1.9267	3.170501e-01	1.019577e-01	5.359017e-01	
3  2.07171	3.360823e-01	1.000618e-01	5.187655e-01	
4  2.61739	3.090743e-01	8.536674e-03	6.372986e-01	
1  1.95615	2.781201e-01	2.504700e-02	6.517424e-01	
2  3.86041	2.940719e-01	1.180513e-01	5.427863e-01	
7  2.07887	3.044098e-01	9.329445e-02	5.572053e-01	
1  3.34875	3.500960e-01	7.357033e-02	5.312432e-01	
6  2.80057	3.533426e-01	1.130138e-01	4.885531e-01	
5  3.08426	3.274403e-01	1.490441e-01	4.784251e-01	
5  3.08323	3.127434e-01	1.320531e-01	5.101131e-01	
6  2.52211	3.393576e-01	7.369699e-02	5.418550e-01	
1  2.53017	2.904943e-01	8.328625e-02	5.811289e-01	
3  2.34027	2.835452e-01	6.299869e-02	6.083657e-01	
3  2.50893	2.833400e-01	6.789224e-02	6.036774e-01	
9  1.72208	3.152277e-01	8.835390e-02	5.513280e-01	
16  1.98655	3.329385e-01	1.017367e-01	5.202344e-01	
3  2.35245	3.114797e-01	1.927634e-02	6.241535e-01	
6  2.12184	2.863401e-01	-2.207267e-03	6.707767e-01	
7  2.32971	2.737591e-01	-1.216921e-02	6.933196e-01	
1  1.6251	3.056067e-01	4.154083e-02	6.077620e-01	
5  2.82112	3.214191e-01	2.382784e-02	6.096626e-01	
2  3.14786	3.381044e-01	4.936913e-02	5.674360e-01	
6  1.93342	3.296741e-01	1.031642e-01	5.220713e-01	
14  2.01246	3.294785e-01	7.157437e-02	5.538567e-01	
3  1.83409	3.173255e-01	5.003783e-02	5.875462e-01	
1  4.1079	3.747587e-01	1.315225e-01	4.486283e-01	
13  5.43364	3.397609e-01	2.067388e-01	4.084098e-01	
1  4.06093	3.687368e-01	1.905676e-01	3.956052e-01	
9  3.76703	3.711018e-01	1.353704e-01	4.484374e-01	
10  2.41851	3.397924e-01	1.321095e-01	4.830077e-01	
1  1.90513	2.939493e-01	6.857489e-02	5.923853e-01	
7  2.18995	3.137778e-01	1.093725e-01	5.317592e-01	
2  1.66268	3.001545e-01	3.140442e-02	6.233506e-01	
10  2.30535	2.750226e-01	3.892576e-02	6.409612e-01	
14  2.75512	3.458741e-01	8.343333e-02	5.256021e-01	
5  1.54253	3.066690e-01	5.960957e-02	5.886310e-01	
6  2.50954	3.393316e-01	1.370877e-01	4.784903e-01	
3  2.10416	3.366891e-01	9.534239e-02	5.228781e-01	
5  1.85287	3.242613e-01	1.000282e-01	5.306200e-01	
1  1.75183	2.903791e-01	5.173674e-02	6.127937e-01	
11  1.71395	3.068100e-01	3.699538e-02	6.111042e-01	
5  1.91174	2.833427e-01	7.622938e-03	6.639439e-01	
1  2.02571	2.765259e-01	2.525077e-02	6.531329e-01	
5  1.96074	2.780641e-01	1.014416e-02	6.667013e-01	
3  2.70653	2.914925e-01	8.977490e-02	5.736421e-01	
2  2.23341	3.212143e-01	1.183091e-01	5.153861e-01	
4  1.57509	3.098354e-01	6.974900e-02	5.753252e-01	
2  2.174	2.903202e-01	-1.402580e-03	6.659919e-01	
1  2.25215	2.839954e-01	-8.225297e-03	6.791394e-01	
2  2.69718	2.614390e-01	-1.356440e-02	7.070350e-01	
13  1.80176	2.935501e-01	1.682159e-02	6.445379e-01	
3  2.4385	3.293814e-01	1.316062e-01	4.939220e-01	
4  1.80381	3.224229e-01	6.552620e-02	5.669604e-01	
2  2.26719	3.216122e-01	4.014531e-02	5.931520e-01	
28  1.55359	3.015227e-01	5.670575e-02	5.966811e-01	
2  1.65192	3.173109e-01	6.655272e-02	5.710459e-01	
1  2.44326	3.322249e-01	5.755866e-02	5.651260e-01	
5  2.0008	2.865174e-01	5.659747e-02	6.117947e-01	
4  2.01789	2.787572e-01	2.953787e-03	6.731986e-01	
7  2.24292	3.410576e-01	1.054301e-01	5.084219e-01	
6  1.93899	3.120301e-01	9.771567e-02	5.451637e-01	
16  2.23479	2.973946e-01	8.726601e-02	5.702489e-01	
6  1.72598	3.132152e-01	8.734298e-02	5.543514e-01	
1  5.24334	3.171478e-01	1.757844e-01	4.619773e-01	
1  5.38782	3.715895e-01	7.964043e-02	5.036797e-01	
1  3.4326	3.664173e-01	1.370151e-01	4.514771e-01	
6  2.21662	3.193486e-01	1.160541e-01	5.195069e-01	
8  2.98621	3.348933e-01	1.525860e-01	4.674303e-01	
3  3.21788	2.930954e-01	1.042034e-01	5.576108e-01	
2  2.00684	3.317115e-01	1.082566e-01	5.149415e-01	
1  2.42151	3.442819e-01	9.922719e-02	5.114004e-01	
2  3.61834	3.224323e-01	8.665977e-03	6.238113e-01	
1  3.31358	3.607587e-01	1.628488e-01	4.313021e-01	
12  2.23265	3.196223e-01	1.168841e-01	5.184032e-01	
1  2.03626	3.348063e-01	9.512484e-02	5.249784e-01	
3  2.8604	2.920852e-01	9.457439e-02	5.682500e-01	
2  2.08674	3.158491e-01	1.078188e-01	5.312417e-01	
5  1.82294	3.234240e-01	6.701120e-02	5.644744e-01	
3  4.36916	3.370586e-01	2.143432e-02	5.964167e-01	
1  4.96398	2.451924e-01	2.322803e-02	6.864891e-01	
24  1.79941	3.224181e-01	6.591963e-02	5.665718e-01	
3  2.80949	3.016464e-01	1.097168e-01	5.435463e-01	
5  2.53671	3.065910e-01	6.952983e-03	6.413655e-01	
4  2.91723	2.643054e-01	-3.169930e-02	7.223035e-01	
1  1.98505	3.255170e-01	1.093828e-01	5.200098e-01	
27  2.05743	3.292633e-01	6.785753e-02	5.577887e-01	
5  2.25195	3.319136e-01	1.246991e-01	4.982969e-01	
3  3.92832	2.809152e-01	9.442993e-02	5.795644e-01	
2  4.35933	3.769827e-01	1.284149e-01	4.495120e-01	
1  4.06391	3.247921e-01	1.666989e-01	4.634186e-01	
18  2.15108	2.813800e-01	5.034817e-02	6.231814e-01	
1  4.14182	2.448981e-01	-1.555729e-03	7.115672e-01	
4  1.74122	3.190314e-01	9.100261e-02	5.448755e-01	
23  1.63899	3.141970e-01	7.997646e-02	5.607361e-01	
7  2.37694	3.256512e-01	1.269672e-01	5.022911e-01	
12  1.65189	3.115860e-01	5.030662e-02	5.930169e-01	
4  2.08048	3.267898e-01	1.150137e-01	5.131060e-01	
7  1.92456	3.261820e-01	1.052706e-01	5.234570e-01	
14  1.96806	2.876918e-01	5.786602e-02	6.093517e-01	
1  2.15453	2.759772e-01	3.384764e-02	6.450847e-01	
19  1.79757	3.246730e-01	9.353179e-02	5.367047e-01	
6  2.36761	3.300153e-01	1.292307e-01	4.956635e-01	
5  2.83818	3.179161e-01	1.729531e-02	6.196981e-01	
2  2.58425	2.741515e-01	4.764160e-02	6.331164e-01	
5  3.22204	3.085663e-01	-5.364691e-03	6.517080e-01	
12  1.90851	2.798454e-01	2.835282e-02	6.467114e-01	
5  2.19605	2.755133e-01	3.474325e-02	6.446530e-01	
5  2.71652	2.979644e-01	1.014922e-01	5.554529e-01	
4  2.81403	2.709546e-01	4.639040e-02	6.375646e-01	
19  4.27398	3.529502e-01	1.960226e-01	4.059368e-01	
2  4.59282	3.829745e-01	1.946097e-01	3.773253e-01	
3  4.55789	3.730420e-01	2.062928e-01	3.755747e-01	
4  5.84669	4.027264e-01	2.018403e-01	3.503429e-01	
2  6.60851	4.115462e-01	1.990019e-01	3.443615e-01	
5  4.71581	3.756497e-01	1.091401e-01	4.701198e-01	
4  4.68309	3.868482e-01	1.756153e-01	3.924461e-01	
1  5.13562	3.125934e-01	1.676734e-01	4.746427e-01	
1  5.46822	3.827915e-01	1.104388e-01	4.616793e-01	
7  2.53047	2.659316e-01	-1.435766e-02	7.033356e-01	
3  1.79407	2.866273e-01	1.545402e-02	6.528282e-01	
8  3.40937	3.652840e-01	1.297023e-01	4.599233e-01	
3  2.21347	3.003877e-01	9.160050e-02	5.629214e-01	
6  2.92476	2.613611e-01	1.883756e-02	6.747109e-01	
6  2.27193	2.972242e-01	2.200288e-03	6.554851e-01	
4  1.89615	3.160364e-01	4.397556e-02	5.948975e-01	
10  2.21824	2.705156e-01	7.728378e-03	6.766656e-01	
4  3.98569	2.548320e-01	-5.888900e-02	7.589666e-01	
1  2.51744	2.874450e-01	-1.405936e-02	6.815239e-01	
2  4.02867	2.810853e-01	-4.996285e-02	7.237871e-01	
3  2.87506	2.806285e-01	7.189150e-02	6.023895e-01	
5  2.23323	3.271394e-01	5.351982e-02	5.742503e-01	
6  2.15038	3.301404e-01	6.508223e-02	5.596869e-01	
2  2.21579	3.340186e-01	7.304361e-02	5.478473e-01	
2  4.78021	2.348730e-01	-3.497940e-02	7.550160e-01	
1  6.51057	2.678826e-01	1.049525e-01	5.820745e-01	
9  1.67479	3.079959e-01	4.156642e-02	6.053472e-01	
4  2.28452	2.717685e-01	2.587038e-02	6.572706e-01	
1  1.86989	2.850128e-01	4.509385e-02	6.248029e-01	
8  2.39547	2.697786e-01	2.485601e-02	6.602750e-01	
1  2.47132	3.470074e-01	1.150045e-01	4.928976e-01	
8  1.57952	3.109503e-01	5.799762e-02	5.859616e-01	
16  1.54492	3.030762e-01	4.872851e-02	6.031049e-01	
2  1.87052	2.899607e-01	5.825440e-02	6.066945e-01	
9  2.01139	3.017994e-01	1.621415e-02	6.368960e-01	
1  5.05646	2.359506e-01	-1.069757e-02	7.296565e-01	
3  3.81085	3.529074e-01	6.784223e-02	5.341599e-01	
3  2.7133	3.359020e-01	1.446412e-01	4.743664e-01	
3  2.6318	2.935323e-01	9.164564e-02	5.697316e-01	
9  2.75923	3.205939e-01	1.338381e-01	5.004776e-01	
7  1.96502	2.798676e-01	3.466386e-02	6.403781e-01	
1  2.7916	2.593440e-01	-1.078547e-02	7.063510e-01	
3  2.59773	2.981875e-01	-5.429143e-03	6.621511e-01	
5  1.87954	3.112191e-01	3.567153e-02	6.080190e-01	
5  1.64001	2.926626e-01	4.706227e-02	6.151847e-01	
8  2.67491	3.245180e-01	1.354647e-01	4.949269e-01	
4  2.68794	3.011177e-01	1.059590e-01	5.478328e-01	
23  1.77786	3.140839e-01	4.641180e-02	5.944139e-01	
20  1.75337	2.907649e-01	1.846940e-02	6.456753e-01	
1  1.67458	3.073496e-01	4.048413e-02	6.070758e-01	
11  2.05235	2.987395e-01	1.102448e-02	6.451456e-01	
9  2.68304	3.481293e-01	9.582969e-02	5.109506e-01	
1  4.16992	2.980234e-01	1.300486e-01	5.268376e-01	
7  4.14123	3.785068e-01	1.577347e-01	4.186680e-01	
1  3.90393	3.567428e-01	7.552973e-02	5.226370e-01	
9  1.66569	3.185715e-01	8.110970e-02	5.552284e-01	
4  2.46954	2.900896e-01	8.081194e-02	5.840080e-01	
9  2.4359	2.707158e-01	-1.546185e-02	6.996556e-01	
3  2.26439	3.126952e-01	2.388999e-02	6.183243e-01	
1  5.51398	3.504009e-01	2.868090e-02	5.758277e-01	
3  3.08672	2.869750e-01	8.999256e-02	5.779419e-01	
6  2.07051	3.327733e-01	1.130126e-01	5.091237e-01	
5  2.13877	2.752865e-01	3.007296e-02	6.495501e-01	
1  2.32094	2.743293e-01	3.744892e-02	6.431314e-01	
2  3.01157	3.352060e-01	1.535145e-01	4.661891e-01	
2  1.97959	3.184515e-01	1.055961e-01	5.308620e-01	
1  2.54856	2.643083e-01	-1.054209e-02	7.011434e-01	
10  3.21039	2.535135e-01	-5.974245e-03	7.073703e-01	
8  2.27059	3.160425e-01	1.146139e-01	5.242532e-01	
3  2.59301	3.027483e-01	1.061382e-01	5.460230e-01	
5  2.28544	2.809614e-01	5.480193e-02	6.191462e-01	
2  4.55192	2.371597e-01	-4.499185e-02	7.627417e-01	
2  4.01481	3.592833e-01	7.948795e-02	5.161383e-01	
14  2.40043	2.708159e-01	2.928858e-02	6.548051e-01	
1  2.25503	3.411627e-01	1.025151e-01	5.112318e-01	
2  5.17206	2.600003e-01	6.837279e-02	6.265365e-01	
4  1.95567	2.986444e-01	1.454413e-02	6.417210e-01	
1  1.67073	3.183778e-01	6.749266e-02	5.690391e-01	
10  2.91812	3.424432e-01	1.539447e-01	4.585217e-01	
1  2.36367	3.187986e-01	1.205345e-01	5.155765e-01	
5  2.24208	2.701994e-01	1.178422e-02	6.729259e-01	
16  2.60172	2.672404e-01	-2.060829e-02	7.082774e-01	
8  1.78004	2.905127e-01	5.412394e-02	6.102730e-01	
2  2.20251	3.370842e-01	8.508579e-02	5.327395e-01	
2  2.29623	3.290877e-01	5.562822e-02	5.701937e-01	
6  5.00215	3.019953e-01	1.493670e-01	5.035472e-01	
2  8.25411	3.802012e-01	5.189455e-02	5.228138e-01	
1  1.75648	3.145755e-01	4.879704e-02	5.915370e-01	
13  1.86812	3.048948e-01	2.614852e-02	6.238662e-01	
6  1.71029	2.867889e-01	2.784661e-02	6.402741e-01	
3  2.34133	3.193487e-01	3.326787e-02	6.022930e-01	
9  4.03688	2.632970e-01	5.635936e-02	6.352532e-01	
6  3.22613	2.785625e-01	7.562515e-02	6.007219e-01	
1  1.80011	3.237801e-01	7.061265e-02	5.605168e-01	
6  1.61986	3.105882e-01	7.637200e-02	5.679493e-01	
5  2.11062	2.777636e-01	-2.521235e-03	6.796672e-01	
4  2.18501	3.394793e-01	1.064016e-01	5.090287e-01	
22  3.0332	3.444598e-01	1.583830e-01	4.520667e-01	
1  2.8464	3.123251e-01	1.260791e-01	5.165053e-01	
1  4.90833	2.699957e-01	-7.126102e-02	7.561749e-01	
13  3.88602	2.526943e-01	-5.520954e-02	7.574248e-01	
3  1.71027	2.988855e-01	2.681335e-02	6.292107e-01	
37  1.78795	3.201072e-01	9.510244e-02	5.396999e-01	
7  2.49481	3.108830e-01	1.440333e-02	6.296232e-01	
5  2.9723	2.752686e-01	-3.315668e-02	7.127976e-01	
1  2.41446	3.250242e-01	4.219941e-02	5.876860e-01	
3  2.1855	2.896729e-01	7.105698e-02	5.941797e-01	
13  2.58811	2.797892e-01	-2.092110e-02	6.960414e-01	
11  1.96093	3.034674e-01	2.031519e-02	6.311269e-01	
4  2.25798	3.081692e-01	1.045874e-01	5.421529e-01	
26  2.83184	3.488028e-01	1.492784e-01	4.568283e-01	
3  2.63354	3.496183e-01	1.077262e-01	4.975651e-01	
9  1.70246	3.149967e-01	8.664433e-02	5.532686e-01	
2  3.8149	2.667162e-01	6.046449e-02	6.277288e-01	
4  1.72529	3.225891e-01	7.905299e-02	5.532675e-01	
24  1.54844	3.011501e-01	4.610139e-02	6.076581e-01	
3  1.65616	3.017778e-01	3.375082e-02	6.193809e-01	
2  1.5967	3.118227e-01	5.735141e-02	5.857355e-01	
12  1.73514	3.185782e-01	9.043673e-02	5.458946e-01	
1  1.84914	3.240180e-01	9.978812e-02	5.311034e-01	
3  1.57297	3.057957e-01	6.642951e-02	5.826844e-01	
9  2.08629	2.744244e-01	5.137791e-03	6.753474e-01	
11  3.1237	2.924924e-01	1.011558e-01	5.612614e-01	
8  3.44918	3.630859e-01	1.140045e-01	4.778191e-01	
8  3.0531	3.571420e-01	1.116975e-01	4.860700e-01	
14  3.2641	3.626389e-01	1.261652e-01	4.661054e-01	
1  2.90237	3.530597e-01	1.487520e-01	4.530978e-01	
16  3.53011	3.324401e-01	1.641771e-01	4.582924e-01	
2  2.57864	3.446316e-01	8.843681e-02	5.218412e-01	
7  3.10338	3.514895e-01	8.651903e-02	5.169011e-01	
6  3.21651	2.547979e-01	3.366114e-03	6.967455e-01	
14  3.46832	2.644102e-01	-4.778240e-02	7.382818e-01	
1  5.03672	3.234603e-01	-1.246208e-02	6.439113e-01	
1  4.39214	3.463975e-01	3.980102e-02	5.687110e-01	
2  6.12991	2.845409e-01	-7.489613e-02	7.452648e-01	
9  3.07989	2.701147e-01	-3.745369e-02	7.222486e-01	
3  4.42122	3.068861e-01	1.482898e-01	4.997337e-01	
12  1.96455	3.237670e-01	5.804504e-02	5.730975e-01	
3  3.7548	3.636811e-01	1.017423e-01	4.894862e-01	
13  2.73991	3.465395e-01	1.459496e-01	4.624204e-01	
2  2.64625	3.510558e-01	1.258729e-01	4.779808e-01	
13  1.9607	3.075980e-01	9.325270e-02	5.540588e-01	
5  1.55483	3.089036e-01	6.444897e-02	5.815570e-01	
1  1.91486	3.242049e-01	6.225975e-02	5.684449e-01	
14  2.63843	3.464978e-01	1.401361e-01	4.682756e-01	
1  2.71283	3.523272e-01	1.181718e-01	4.844106e-01	
5  2.42233	3.148903e-01	2.288210e-02	6.171371e-01	
1  3.51628	2.577564e-01	2.775480e-02	6.693983e-01	
5  2.82076	2.810153e-01	-2.641665e-02	7.003109e-01	
9  1.74542	2.852386e-01	3.087116e-02	6.387998e-01	
8  1.85431	2.898869e-01	1.178134e-02	6.532414e-01	
13  1.99223	3.163083e-01	1.043582e-01	5.342430e-01	
3  3.1548	3.204883e-01	1.433103e-01	4.911109e-01	
4  4.21012	3.394556e-01	1.848571e-01	4.305969e-01	
3  4.14668	3.650089e-01	1.952911e-01	3.946095e-01	
8  1.86861	2.832123e-01	3.899049e-02	6.327067e-01	
1  1.61895	2.920185e-01	3.659589e-02	6.262952e-01	
7  2.43501	3.005735e-01	1.585106e-03	6.527509e-01	
3  2.20912	3.160445e-01	1.125244e-01	5.263407e-01	
5  3.34915	3.616935e-01	1.136404e-01	4.795757e-01	
41  1.6136	3.031451e-01	6.739395e-02	5.843705e-01	
1  2.5497	2.820623e-01	-1.864253e-02	6.914897e-01	
17  2.19261	2.721087e-01	-3.226788e-04	6.831235e-01	
1  2.66018	2.670428e-01	-2.316876e-02	7.110355e-01	
7  4.7778	2.352323e-01	-5.141507e-02	7.710923e-01	
7  2.9286	2.589173e-01	-2.476662e-02	7.207589e-01	
13  2.10198	2.742661e-01	2.149030e-02	6.591532e-01	
2  2.14196	2.824822e-01	5.285204e-02	6.195753e-01	
6  2.89017	3.486207e-01	8.631155e-02	5.199773e-01	
1  3.26431	3.632949e-01	1.320930e-01	4.595216e-01	
11  4.16504	3.360598e-01	1.807956e-01	4.380542e-01	
3  5.84329	3.900162e-01	1.241502e-01	4.407431e-01	
4  4.76449	3.046910e-01	-3.552174e-02	6.857402e-01	
6  9.055	3.219259e-01	-5.954854e-02	6.925322e-01	
4  2.58244	2.651942e-01	1.639542e-02	6.733199e-01	
3  2.57164	3.091110e-01	1.148769e-01	5.309216e-01	
1  1.70467	3.103021e-01	4.363277e-02	6.009747e-01	
1  2.60592	2.775538e-01	-2.235555e-02	6.997113e-01	
2  3.47753	2.496791e-01	-3.015149e-02	7.353819e-01	
1  3.01249	3.123797e-01	4.503373e-03	6.380265e-01	
6  2.65453	2.938618e-01	-1.159368e-02	6.726414e-01	
2  3.98852	2.567313e-01	-5.943312e-02	7.576114e-01	
3  2.9972	3.504283e-01	8.755499e-02	5.169262e-01	
6  2.90529	3.084295e-01	9.511831e-04	6.455289e-01	
4  1.91236	3.155848e-01	1.000254e-01	5.392993e-01	
1  2.6101	3.381081e-01	1.414914e-01	4.753100e-01	
1  3.37815	3.463027e-01	1.698386e-01	4.387683e-01	
8  4.6793	3.822175e-01	1.368605e-01	4.358315e-01	
5  3.66202	3.618937e-01	1.789597e-01	4.140561e-01	
12  1.7575	3.218916e-01	9.162832e-02	5.413896e-01	
2  2.21851	3.253423e-01	1.207272e-01	5.088401e-01	
1  2.16769	3.385792e-01	9.790887e-02	5.184215e-01	
4  1.68551	3.097351e-01	4.391214e-02	6.012623e-01	
1  1.54966	3.037805e-01	5.976161e-02	5.913675e-01	
3  3.08431	3.070434e-01	-4.764665e-03	6.526308e-01	
3  5.00594	3.660309e-01	7.334818e-02	5.155304e-01	
7  5.59725	3.904816e-01	1.338948e-01	4.305332e-01	
1  4.43148	3.816819e-01	1.503306e-01	4.228970e-01	
3  3.341	3.598029e-01	1.057644e-01	4.893422e-01	
9  2.41133	3.385803e-01	7.675644e-02	5.395728e-01	
1  1.7525	3.158766e-01	9.097916e-02	5.480538e-01	
6  1.75991	3.197386e-01	9.269885e-02	5.424721e-01	
7  3.03519	2.688098e-01	4.710143e-02	6.389983e-01	
1  3.04782	3.559936e-01	1.064236e-01	4.924923e-01	
1  2.95296	3.033343e-01	1.156339e-01	5.359414e-01	
9  2.44028	3.421950e-01	8.788168e-02	5.248329e-01	
2  3.17102	3.569192e-01	1.599580e-01	4.380323e-01	
6  3.6024	2.920882e-01	-3.257710e-02	6.953984e-01	
6  2.20343	3.275226e-01	5.570344e-02	5.716835e-01	
13  1.6832	3.179539e-01	6.395965e-02	5.729960e-01	
1  1.68791	3.193421e-01	8.427524e-02	5.512923e-01	
27  2.26605	2.755668e-01	-9.867189e-03	6.892100e-01	
7  2.10768	2.792717e-01	4.215395e-02	6.334839e-01	
12  2.14067	3.045924e-01	9.571217e-02	5.546050e-01	
14  2.60786	3.318117e-01	1.389590e-01	4.841389e-01	
4  2.15584	3.244850e-01	1.175792e-01	5.128454e-01	
8  4.09687	2.428605e-01	-1.613446e-02	7.281835e-01	
4  3.92619	3.154742e-01	-7.871273e-03	6.473066e-01	
3  2.91836	3.280134e-01	1.453380e-01	4.815582e-01	
1  4.22826	3.215029e-01	1.655804e-01	4.678263e-01	
3  3.60773	3.593803e-01	9.268678e-02	5.028425e-01	
5  1.56108	3.078419e-01	6.622386e-02	5.808438e-01	
3  2.47038	2.651636e-01	2.361126e-03	6.873848e-01	
1  1.60172	2.933209e-01	3.878154e-02	6.228072e-01	
5  4.60195	3.348784e-01	1.344315e-02	6.065880e-01	
1  3.74398	2.862974e-01	1.017417e-01	5.668704e-01	
7  2.40327	3.244916e-01	4.145590e-02	5.889621e-01	
6  1.80363	3.151814e-01	4.716455e-02	5.925636e-01	
2  2.21873	3.101383e-01	1.059290e-01	5.388423e-01	
2  7.0691	3.896967e-01	9.437784e-02	4.708350e-01	
1  6.35948	2.371651e-01	2.445371e-02	6.932908e-01	
2  6.43091	2.501938e-01	-1.003851e-01	8.051008e-01	
4  3.1944	3.048015e-01	-1.000667e-02	6.601147e-01	
5  2.30637	3.115144e-01	1.104673e-01	5.329278e-01	
3  1.5882	3.080645e-01	7.074076e-02	5.761043e-01	
5  2.96541	2.702884e-01	4.913315e-02	6.354880e-01	
10  1.74337	3.137774e-01	4.796126e-02	5.931709e-01	
2  2.59494	2.740923e-01	4.784909e-02	6.329682e-01	
9  1.89059	2.866489e-01	5.111129e-02	6.171493e-01	
4  1.84237	3.221852e-01	6.164992e-02	5.710744e-01	
1  1.66871	3.171711e-01	6.327129e-02	5.744672e-01	
3  3.26576	3.556082e-01	9.353927e-02	5.057620e-01	
6  2.42751	2.949455e-01	8.871122e-02	5.712529e-01	
5  2.19323	3.338809e-01	1.212261e-01	4.998025e-01	
1  2.66604	3.443224e-01	8.257793e-02	5.280093e-01	
5  2.35435	2.698600e-01	2.237989e-02	6.626696e-01	
9  2.73923	2.612561e-01	-1.738027e-02	7.110337e-01	
4  3.12587	2.852358e-01	8.740852e-02	5.822652e-01	
6  2.07651	3.361678e-01	1.033663e-01	5.153754e-01	
5  1.65583	2.981908e-01	6.232594e-02	5.943928e-01	
7  2.79168	3.482798e-01	8.997391e-02	5.166559e-01	
4  1.62607	2.924609e-01	4.385600e-02	6.185926e-01	
1  1.58472	3.073481e-01	6.964180e-02	5.779196e-01	
4  1.88163	3.295220e-01	9.116708e-02	5.342205e-01	
2  4.77634	3.722634e-01	9.638920e-02	4.862569e-01	
1  2.69568	2.823188e-01	7.093807e-02	6.016526e-01	
2  2.15406	2.720708e-01	1.052727e-02	6.723115e-01	
1  3.44163	2.502771e-01	-1.062932e-02	7.152618e-01	
1  3.649	2.987000e-01	-2.596306e-02	6.821726e-01	
3  2.94636	2.656571e-01	-3.336072e-02	7.226132e-01	
4  1.54493	3.023754e-01	5.610476e-02	5.964294e-01	
5  4.30712	3.153645e-01	1.587832e-01	4.807619e-01	
6  4.15948	3.198059e-01	1.622105e-01	4.728931e-01	
2  3.51363	3.223778e-01	1.056136e-02	6.219704e-01	
3  7.40618	2.606750e-01	9.987058e-02	5.943639e-01	
2  6.81793	3.467122e-01	2.347542e-01	3.734432e-01	
3  5.21262	3.936337e-01	1.996969e-01	3.615790e-01	
2  5.26784	3.482079e-01	2.122883e-01	3.944134e-01	
2  2.07965	3.220697e-01	1.127402e-01	5.200996e-01	
4  1.53914	3.041112e-01	5.245053e-02	5.983478e-01	
1  2.91062	3.254863e-01	1.427833e-01	4.866400e-01	
13  2.53546	2.924507e-01	8.713344e-02	5.753254e-01	
22  2.71331	2.979743e-01	-8.426678e-03	6.653619e-01	
1  2.70822	2.624279e-01	1.101127e-02	6.814704e-01	
8  2.25744	2.906421e-01	7.545767e-02	5.888098e-01	
11  2.91881	3.540579e-01	1.062512e-01	4.946005e-01	
2  2.85497	2.675038e-01	3.764281e-02	6.497629e-01	
12  3.73155	2.465356e-01	-3.522742e-02	7.436014e-01	
20  1.79947	3.258361e-01	8.118367e-02	5.478898e-01	
8  2.50935	3.395928e-01	7.501278e-02	5.403040e-01	
2  1.90482	2.856646e-01	4.928696e-02	6.199580e-01	
3  2.50928	3.465674e-01	1.028834e-01	5.054588e-01	
4  3.42083	3.604063e-01	1.692880e-01	4.252153e-01	
4  3.27809	2.839942e-01	8.816446e-02	5.827509e-01	
8  2.06177	3.242968e-01	5.431639e-02	5.762963e-01	
4  1.94111	2.987309e-01	7.899882e-02	5.771799e-01	
6  1.60039	3.119176e-01	5.702518e-02	5.859668e-01	
2  2.3291	3.056389e-01	1.032069e-01	5.460637e-01	
10  3.79753	3.729030e-01	1.487487e-01	4.332578e-01	
1  4.01973	3.117748e-01	1.488639e-01	4.942709e-01	
5  3.29586	3.522380e-01	1.680869e-01	4.345846e-01	
5  4.36221	3.820275e-01	1.654735e-01	4.074085e-01	
27  1.86572	2.962760e-01	7.124643e-02	5.873872e-01	
2  1.8914	2.839885e-01	4.344641e-02	6.274746e-01	
1  2.71133	2.766601e-01	5.821686e-02	6.200326e-01	
6  2.516	2.888096e-01	7.959511e-02	5.865048e-01	
5  2.65659	2.627609e-01	-1.542566e-02	7.075743e-01	
3  3.39138	2.808626e-01	-3.888871e-02	7.129357e-01	
6  1.91453	2.990233e-01	1.664830e-02	6.392379e-01	
7  1.97389	3.215444e-01	5.210773e-02	5.812574e-01	
5  2.24922	2.776620e-01	4.435440e-02	6.328932e-01	
5  2.03377	3.035388e-01	9.035510e-02	5.610157e-01	
5  2.93413	3.499508e-01	1.537003e-01	4.512585e-01	
17  2.90073	2.905135e-01	-2.059461e-02	6.849906e-01	
4  3.50604	3.054908e-01	-1.489044e-02	6.643092e-01	
5  3.33802	2.511607e-01	-2.307595e-02	7.268248e-01	
3  2.85782	2.719401e-01	5.042110e-02	6.325483e-01	
5  4.34982	2.512861e-01	2.895244e-02	6.746710e-01	
10  1.7772	3.036220e-01	7.923787e-02	5.720497e-01	
3  1.61644	3.145394e-01	6.257281e-02	5.777974e-01	
10  1.62734	3.021137e-01	6.701199e-02	5.857838e-01	
4  1.98941	2.810574e-01	4.075038e-02	6.331018e-01	
5  2.77036	3.537778e-01	1.303051e-01	4.708266e-01	
7  2.35995	3.379135e-01	1.296194e-01	4.873766e-01	
3  2.91147	2.782720e-01	6.750922e-02	6.091283e-01	
11  1.93927	3.054774e-01	2.397936e-02	6.254528e-01	
6  2.27583	3.215793e-01	1.201608e-01	5.131695e-01	
6  2.36814	3.385545e-01	7.907462e-02	5.372804e-01	
5  1.97258	2.803490e-01	4.950545e-03	6.696100e-01	
15  2.10016	2.954137e-01	5.753395e-03	6.537425e-01	
2  3.6813	3.310420e-01	2.280077e-02	6.010668e-01	
4  1.7985	3.254952e-01	9.163038e-02	5.377839e-01	
13  2.02895	2.996325e-01	8.399109e-02	5.712860e-01	
3  2.13407	3.092193e-01	1.018887e-01	5.438015e-01	
2  2.9427	2.791269e-01	-3.049511e-02	7.062778e-01	
1  2.61193	3.311113e-01	4.906777e-02	5.747305e-01	
3  2.0927	2.753218e-01	1.668802e-03	6.779189e-01	
9  3.42491	2.623263e-01	-4.661887e-02	7.392021e-01	
10  1.83816	3.130009e-01	4.092495e-02	6.009837e-01	
4  2.55728	2.727684e-01	4.273083e-02	6.394103e-01	
1  2.22519	3.136052e-01	2.666003e-02	6.146443e-01	
4  1.61131	3.115463e-01	5.451757e-02	5.888456e-01	
5  2.07757	3.078516e-01	2.232003e-02	6.247379e-01	
1  1.81446	3.165139e-01	4.939639e-02	5.889993e-01	
4  2.52286	3.379446e-01	6.952295e-02	5.474420e-01	
14  1.96103	3.253402e-01	6.246652e-02	5.671028e-01	
7  2.1224	3.374386e-01	1.071735e-01	5.102974e-01	
3  3.48158	3.577252e-01	9.197108e-02	5.052133e-01	
14  2.34114	3.390784e-01	8.259752e-02	5.332336e-01	
4  4.2744	2.422582e-01	-5.299948e-02	7.656508e-01	
2  3.92217	3.304004e-01	1.702969e-02	6.074795e-01	
4  2.43106	2.662125e-01	7.356584e-03	6.813404e-01	
8  2.10837	3.122905e-01	2.836523e-02	6.142538e-01	
12  1.71818	2.973396e-01	2.482068e-02	6.327493e-01	
11  1.68216	2.903498e-01	2.514245e-02	6.394173e-01	
1  3.89994	2.516603e-01	1.818007e-02	6.850692e-01	
13  1.71708	3.122193e-01	8.592233e-02	5.567679e-01	
1  3.4632	3.190327e-01	5.958319e-03	6.299185e-01	
5  2.43429	3.082211e-01	1.199060e-02	6.346978e-01	
1  2.78571	2.681922e-01	-2.868069e-02	7.153981e-01	
14  1.88783	2.851157e-01	4.664150e-02	6.231523e-01	
22  2.12206	2.737474e-01	2.083386e-02	6.603282e-01	
4  1.59434	3.129341e-01	6.138623e-02	5.805892e-01	
1  7.60638	3.167385e-01	2.053665e-01	4.328046e-01	
10  4.22998	3.797554e-01	1.734287e-01	4.017254e-01	
1  3.34781	3.565182e-01	1.688485e-01	4.295429e-01	
1  4.09921	3.354147e-01	1.788819e-01	4.406129e-01	
7  4.86239	3.055766e-01	-3.572073e-02	6.850537e-01	
1  4.64434	3.043789e-01	-3.424965e-02	6.847803e-01	
6  4.07097	2.827415e-01	-4.925301e-02	7.214211e-01	
4  4.1479	2.519351e-01	2.607355e-02	6.769009e-01	
2  3.16929	2.603066e-01	-3.813290e-02	7.327359e-01	
5  3.12106	2.596174e-01	2.057093e-02	6.747212e-01	
4  2.63248	3.305286e-01	1.389774e-01	4.854035e-01	
3  1.84458	3.163426e-01	9.709966e-02	5.414673e-01	
3  1.87698	3.064925e-01	8.817733e-02	5.602397e-01	
6  2.95068	2.571662e-01	-3.132720e-03	7.008760e-01	
20  2.24427	2.830909e-01	-8.356195e-03	6.801748e-01	
30  2.04233	2.814472e-01	1.004588e-04	6.733619e-01	
3  1.9593	3.214660e-01	1.065485e-01	5.268951e-01	
16  1.67676	2.931379e-01	2.532287e-02	6.364488e-01	
5  2.3657	2.776311e-01	4.915296e-02	6.281255e-01	
6  2.73765	3.010384e-01	-5.277720e-03	6.591489e-01	
1  2.223	2.745754e-01	-6.967857e-03	6.873020e-01	
1  2.39825	2.707393e-01	-1.349443e-02	6.976647e-01	
6  3.75106	3.373258e-01	3.367444e-02	5.839093e-01	
2  4.59431	2.951880e-01	1.319337e-01	5.277879e-01	
7  3.31983	3.259416e-01	2.072569e-02	6.082423e-01	
4  5.64526	2.933643e-01	1.436311e-01	5.179141e-01	
1  3.35999	3.624991e-01	1.169087e-01	4.755018e-01	
2  3.52795	3.317027e-01	2.716685e-02	5.960400e-01	
10  1.72044	3.219330e-01	7.504087e-02	5.579357e-01	
4  2.97492	3.569012e-01	1.175191e-01	4.804893e-01	
12  2.48971	3.464828e-01	1.271306e-01	4.812961e-01	
2  2.08546	2.821718e-01	4.943170e-02	6.233060e-01	
3  3.0992	3.080312e-01	-3.681231e-03	6.505596e-01	
1  1.67591	2.971805e-01	6.188143e-02	5.958476e-01	
4  1.75018	3.238276e-01	8.080914e-02	5.502728e-01	
12  2.05957	2.913383e-01	6.982209e-02	5.937492e-01	
2  2.16447	2.926292e-01	7.623580e-02	5.860445e-01	
11  2.45285	3.126569e-01	1.162623e-01	5.259904e-01	
6  2.61751	3.450571e-01	1.402185e-01	4.696339e-01	
7  2.68953	3.330223e-01	5.096495e-02	5.709223e-01	
2  2.15622	3.364562e-01	8.658718e-02	5.318662e-01	
5  2.71656	2.690464e-01	-2.647024e-02	7.123334e-01	
4  3.3497	2.659681e-01	-4.480266e-02	7.337441e-01	
1  2.3387	2.689651e-01	1.627673e-02	6.696677e-01	
1  3.19832	3.622945e-01	1.334894e-01	4.591257e-01	
1  4.19449	2.695903e-01	7.467566e-02	6.106435e-01	
2  4.398	2.584426e-01	5.080125e-02	6.456657e-01	
1  4.65002	2.573148e-01	5.259898e-02	6.449958e-01	
5  2.39077	2.745276e-01	4.127591e-02	6.391060e-01	
11  2.85456	2.589073e-01	-1.821771e-02	7.142200e-01	
5  1.67446	3.190642e-01	6.991752e-02	5.659278e-01	
15  1.90734	3.279306e-01	7.505873e-02	5.519203e-01	
3  1.87213	2.951155e-01	6.932847e-02	5.904656e-01	
9  3.21092	2.824972e-01	-3.406852e-02	7.064808e-01	
3  1.60584	2.967191e-01	5.412424e-02	6.040662e-01	
7  1.92909	3.092841e-01	9.407933e-02	5.515461e-01	
7  3.87572	3.586031e-01	8.154254e-02	5.147639e-01	
1  1.83572	2.858831e-01	4.524065e-02	6.237858e-01	
2  2.53948	2.687653e-01	-1.897814e-02	7.051223e-01	
4  3.0307	3.131203e-01	5.252586e-03	6.365367e-01	
1  4.01393	2.534502e-01	2.756839e-02	6.738910e-01	
1  3.78155	2.503240e-01	8.902311e-03	6.956832e-01	
2  3.46103	2.512029e-01	-3.627355e-02	7.399802e-01	
8  3.0433	2.579296e-01	-2.950234e-02	7.264823e-01	
15  2.37441	2.747372e-01	4.120346e-02	6.389689e-01	
15  2.70148	2.957030e-01	-1.073029e-02	6.699368e-01	
26  1.74343	2.875032e-01	1.990009e-02	6.475063e-01	
6  3.96497	2.978679e-01	-3.214204e-02	6.891837e-01	
4  3.38975	2.653399e-01	-4.582917e-02	7.353988e-01	
31  2.58292	3.077846e-01	7.501371e-03	6.396236e-01	
8  2.36505	3.233096e-01	1.247372e-01	5.068628e-01	
9  2.04578	3.001523e-01	8.547589e-02	5.692814e-01	
1  2.59501	3.423377e-01	7.954399e-02	5.330278e-01	
1  1.90588	2.976522e-01	1.550814e-02	6.417492e-01	
5  1.58979	3.073865e-01	4.815932e-02	5.993637e-01	
4  1.80712	3.136916e-01	9.284402e-02	5.483740e-01	
11  1.77424	2.954756e-01	1.984029e-02	6.395936e-01	
2  1.84573	3.280477e-01	8.695743e-02	5.399044e-01	
4  1.68297	3.103949e-01	8.183722e-02	5.626774e-01	
1  4.13505	3.537936e-01	6.207412e-02	5.390418e-01	
8  3.96354	3.403561e-01	3.555000e-02	5.790034e-01	
1  3.92167	3.459585e-01	4.849032e-02	5.604607e-01	
24  1.77454	3.134671e-01	9.072822e-02	5.507142e-01	
8  1.68521	2.984305e-01	6.502300e-02	5.914560e-01	
7  4.53134	2.689155e-01	-6.626866e-02	7.522627e-01	
3  5.8761	2.744021e-01	-8.075400e-02	7.612615e-01	
3  4.42819	2.425870e-01	-6.008497e-02	7.724075e-01	
3  4.05195	2.430387e-01	-4.238615e-02	7.542570e-01	
1  2.57928	3.175279e-01	2.309946e-02	6.142822e-01	
5  2.58896	2.702406e-01	3.622221e-02	6.484467e-01	
5  2.15941	3.318891e-01	6.970056e-02	5.533199e-01	
18  2.09657	3.327282e-01	7.657575e-02	5.456056e-01	
2  1.78616	3.255691e-01	8.505103e-02	5.442894e-01	
3  2.56932	3.451693e-01	1.370901e-01	4.726501e-01	
3  2.71911	2.658247e-01	-2.477574e-02	7.138606e-01	
4  2.76477	3.380250e-01	6.057427e-02	5.563103e-01	
1  2.87883	2.578962e-01	-1.235476e-02	7.093681e-01	
3  3.49198	3.676638e-01	1.411789e-01	4.460668e-01	
2  6.11158	4.060957e-01	2.032619e-01	3.455520e-01	
2  5.27978	2.827133e-01	1.190771e-01	5.531191e-01	
21  2.17171	2.845014e-01	-5.033107e-03	6.754413e-01	
2  1.98784	2.777613e-01	2.739819e-02	6.497501e-01	
1  2.65706	3.094502e-01	8.126182e-03	6.373332e-01	
13  3.10091	2.559543e-01	-2.775820e-02	7.267135e-01	
4  2.36181	2.677076e-01	-3.109882e-03	6.903118e-01	
5  1.70743	3.001331e-01	6.960563e-02	5.851709e-01	
19  1.83731	2.997437e-01	2.088923e-02	6.342766e-01	
2  2.06781	3.358917e-01	1.030110e-01	5.160068e-01	
10  2.08752	3.329390e-01	7.805638e-02	5.439141e-01	
2  2.43286	3.096381e-01	1.117899e-01	5.334815e-01	
6  2.27496	2.732781e-01	3.130807e-02	6.503234e-01	
5  1.68518	3.122263e-01	8.354789e-02	5.591353e-01	
1  1.98155	3.287516e-01	7.146660e-02	5.546913e-01	
7  1.54886	3.073200e-01	6.273382e-02	5.848557e-01	
9  2.81515	3.538544e-01	1.148911e-01	4.861640e-01	
1  4.25919	3.182113e-01	-9.088553e-03	6.457868e-01	
1  4.01822	3.430608e-01	1.838758e-01	4.279729e-01	
3  1.59208	2.941814e-01	4.164948e-02	6.190787e-01	
2  2.47566	3.281318e-01	4.685665e-02	5.799211e-01	
1  3.76758	3.640045e-01	1.819617e-01	4.089434e-01	
1  4.21022	3.717411e-01	1.132426e-01	4.699259e-01	
15  2.41039	3.323817e-01	1.319149e-01	4.906129e-01	
7  4.0845	3.750333e-01	1.345674e-01	4.453089e-01	
6  4.92782	3.837798e-01	1.323177e-01	4.388120e-01	
14  2.4397	2.697012e-01	2.720930e-02	6.579990e-01	
1  2.97533	2.965953e-01	1.051634e-01	5.531508e-01	
1  1.56441	3.068280e-01	6.614195e-02	5.819396e-01	
9  2.22152	2.706421e-01	1.200241e-02	6.722650e-01	
5  3.62906	2.743467e-01	7.475733e-02	6.058055e-01	
7  2.51283	2.645706e-01	-6.805240e-03	6.971442e-01	
4  3.43708	2.821089e-01	8.758926e-02	5.852113e-01	
3  2.37179	2.768391e-01	4.721042e-02	6.308600e-01	
1  4.12741	2.416800e-01	-2.517951e-02	7.384091e-01	
1  3.71752	3.562345e-01	7.947427e-02	5.192008e-01	
1  2.17443	2.862472e-01	6.325199e-02	6.054103e-01	
13  2.03297	2.829490e-01	4.893794e-02	6.230226e-01	
5  2.44035	2.833745e-01	6.587068e-02	6.056643e-01	
3  2.2963	2.687699e-01	3.017349e-03	6.831223e-01	
2  6.65046	2.778704e-01	-8.669275e-02	7.637319e-01	
7  5.51705	2.797691e-01	-7.198858e-02	7.471291e-01	
8  5.16223	3.348395e-01	4.693321e-03	6.153767e-01	
1  3.65479	2.718696e-01	-4.955528e-02	7.325953e-01	
6  2.43845	2.659227e-01	-3.594760e-03	6.925817e-01	
2  1.77187	2.916000e-01	5.625035e-02	6.070592e-01	
8  1.57072	3.023593e-01	4.285738e-02	6.096929e-01	
23  1.77706	2.845217e-01	1.995807e-02	6.504298e-01	
4  1.98969	2.857261e-01	5.409140e-02	6.150920e-01	
10  2.20017	3.109203e-01	1.063058e-01	5.376834e-01	
2  2.00694	2.781004e-01	4.689987e-03	6.721192e-01	
4  2.61073	2.651820e-01	-1.829769e-02	7.080252e-01	
6  2.08537	3.365054e-01	1.004789e-01	5.179252e-01	
4  2.16649	2.969393e-01	8.424882e-02	5.737214e-01	
1  3.55543	3.101987e-01	1.381792e-01	5.065317e-01	
1  3.96569	3.664904e-01	1.035176e-01	4.849015e-01	
5  3.13196	2.540799e-01	-1.923260e-02	7.200622e-01	
1  3.25243	2.769966e-01	-3.866110e-02	7.165741e-01	
2  2.54605	2.655527e-01	-1.462234e-02	7.039792e-01	
1  2.33125	3.262909e-01	1.257415e-01	5.028771e-01	
6  3.90576	3.461574e-01	1.835007e-01	4.252515e-01	
1  4.67463	3.011826e-01	1.432076e-01	5.105194e-01	
5  4.5578	3.485921e-01	1.993355e-01	4.069820e-01	
1  2.92465	3.309832e-01	1.480071e-01	4.759193e-01	
1  4.43454	3.152458e-01	1.607153e-01	4.789485e-01	
2  4.17442	3.388106e-01	1.835637e-01	4.325353e-01	
3  3.24553	3.633779e-01	1.398860e-01	4.516457e-01	
14  3.09412	2.840246e-01	8.426102e-02	5.866239e-01	
3  4.00073	3.111513e-01	1.476411e-01	4.961172e-01	
3  3.25857	3.563839e-01	9.661350e-02	5.019121e-01	
2  2.54466	3.002752e-01	1.009657e-01	5.536687e-01	
5  1.89917	3.183170e-01	1.014806e-01	5.351119e-01	
8  2.11166	3.282404e-01	6.187670e-02	5.647925e-01	
3  3.56748	3.566096e-01	8.535786e-02	5.129421e-01	
7  2.11801	3.105622e-01	1.030281e-01	5.413192e-01	
11  2.67722	3.517034e-01	1.277542e-01	4.754520e-01	
1  3.71033	3.281533e-01	1.637028e-01	4.630534e-01	
3  2.04362	2.906705e-01	3.609673e-03	6.606293e-01	
5  2.43897	2.785423e-01	5.424528e-02	6.221220e-01	
6  2.16846	3.363474e-01	1.173273e-01	5.012348e-01	
5  2.04961	3.030155e-01	9.014790e-02	5.617461e-01	
3  1.97123	2.819424e-01	4.152778e-03	6.688144e-01	
7  4.35664	3.602821e-01	7.330218e-02	5.213252e-01	
1  3.74733	3.490676e-01	1.811775e-01	4.246645e-01	
6  2.12032	3.373441e-01	9.769901e-02	5.198665e-01	
2  3.15452	3.452265e-01	6.651873e-02	5.431643e-01	
6  1.9046	2.814235e-01	3.542207e-02	6.380639e-01	
5  6.14882	2.870980e-01	1.387880e-01	5.290236e-01	
3  4.66358	3.635594e-01	7.461460e-02	5.167355e-01	
1  6.09037	2.426587e-01	3.670025e-02	6.755506e-01	
1  3.16898	3.348850e-01	4.174895e-02	5.782756e-01	
7  3.01721	2.700971e-01	5.009289e-02	6.347195e-01	
3  2.57398	2.710622e-01	3.821617e-02	6.456312e-01	
4  2.7033	2.626407e-01	-1.893384e-02	7.112027e-01	
1  3.6882	2.850022e-01	-4.092767e-02	7.108350e-01	
2  3.16581	3.552666e-01	9.685861e-02	5.027844e-01	
2  4.52489	3.518197e-01	2.009062e-01	4.021837e-01	
1  4.2886	3.291701e-01	1.758483e-01	4.498912e-01	
4  4.65183	2.556939e-01	4.826111e-02	6.509545e-01	
2  3.05492	2.895848e-01	9.430934e-02	5.710154e-01	
5  2.54049	3.372473e-01	1.384898e-01	4.791724e-01	
3  2.3846	3.240470e-01	1.260084e-01	5.048542e-01	
3  2.10025	3.146115e-01	1.070564e-01	5.332417e-01	
2  2.56463	3.445008e-01	8.879511e-02	5.216137e-01	
2  1.85489	2.810738e-01	1.745557e-02	6.563802e-01	
2  1.6417	3.075057e-01	7.561188e-02	5.717919e-01	
6  1.93384	3.132348e-01	9.877367e-02	5.429011e-01	
9  2.1911	2.901306e-01	7.219211e-02	5.925869e-01	
3  2.52156	3.472934e-01	1.281536e-01	4.794625e-01	
1  5.38939	3.825320e-01	1.118100e-01	4.605675e-01	
2  5.67827	2.340523e-01	-6.253516e-04	7.214826e-01	
1  4.28497	2.497117e-01	-6.382784e-02	7.690257e-01	
1  3.6591	3.060073e-01	-1.687855e-02	6.657808e-01	
1  1.80732	2.906209e-01	5.616490e-02	6.081238e-01	
2  1.68803	2.925225e-01	5.209122e-02	6.102958e-01	
10  2.38019	3.006778e-01	3.194961e-03	6.510368e-01	
2  2.80171	2.591242e-01	-8.616274e-03	7.044016e-01	
6  3.46673	3.575519e-01	9.196736e-02	5.053903e-01	
1  4.47939	3.616464e-01	7.392856e-02	5.193345e-01	
4  5.00263	3.726526e-01	9.155982e-02	4.906971e-01	
9  6.02961	3.450411e-01	2.215427e-01	3.883258e-01	
4  4.29178	3.727889e-01	1.966288e-01	3.854919e-01	
4  2.99905	2.962612e-01	1.051126e-01	5.535357e-01	
1  1.54173	3.060200e-01	5.510651e-02	5.937830e-01	
1  2.15073	2.730377e-01	2.000936e-02	6.618625e-01	
11  2.31974	2.832369e-01	6.157796e-02	6.100947e-01	
2  1.76251	2.875994e-01	1.788737e-02	6.494228e-01	
2  3.1091	3.194647e-01	1.410804e-01	4.943644e-01	
3  2.81383	3.287793e-01	1.431354e-01	4.829949e-01	
1  2.92544	3.513678e-01	9.437652e-02	5.091652e-01	
2  2.63149	3.507683e-01	1.202936e-01	4.838476e-01	
2  2.48797	3.474066e-01	1.191660e-01	4.883369e-01	
7  1.74474	2.866003e-01	2.073744e-02	6.475718e-01	
5  1.55018	2.993840e-01	4.959972e-02	6.059258e-01	
7  1.56168	2.989259e-01	4.197584e-02	6.140078e-01	
27  1.73329	3.129893e-01	8.767331e-02	5.542469e-01	
13  1.88551	2.898421e-01	5.877873e-02	6.062887e-01	
2  2.93228	3.572445e-01	1.300720e-01	4.675930e-01	
14  2.43435	3.096750e-01	1.416900e-02	6.310655e-01	
1  3.92627	2.720544e-01	-5.448583e-02	7.373410e-01	
5  2.69512	2.741665e-01	-2.594301e-02	7.066861e-01	
1  1.91091	2.893698e-01	5.899356e-02	6.065462e-01	
4  1.54489	3.011406e-01	4.741658e-02	6.063524e-01	
1  2.5525	3.326212e-01	1.374609e-01	4.848275e-01	
1  4.31643	3.620850e-01	2.003221e-01	3.925024e-01	
2  7.1767	3.132322e-01	1.950753e-01	4.466020e-01	
11  5.83386	3.991426e-01	2.256315e-01	3.301354e-01	
12  3.40071	3.257173e-01	1.545871e-01	4.746051e-01	
4  2.61794	3.206909e-01	1.301002e-01	5.041184e-01	
4  2.39664	3.330411e-01	6.147940e-02	5.603890e-01	
1  3.04556	3.546676e-01	1.555125e-01	4.447294e-01	
1  3.32065	3.639608e-01	1.298542e-01	4.610945e-01	
1  4.66793	2.852811e-01	1.150994e-01	5.545290e-01	
6  4.54369	3.846136e-01	1.793377e-01	3.909583e-01	
9  3.12813	3.309270e-01	1.533185e-01	4.706640e-01	
12  2.2757	3.254637e-01	1.230850e-01	5.063609e-01	
6  1.8931	3.237743e-01	1.032391e-01	5.278961e-01	
2  1.90046	3.224103e-01	5.832913e-02	5.741701e-01	
4  1.54271	3.035242e-01	4.999409e-02	6.013912e-01	
9  1.91035	3.257579e-01	1.042885e-01	5.248632e-01	
7  1.64157	3.149928e-01	8.027099e-02	5.596458e-01	
6  7.00012	4.169187e-01	2.238731e-01	3.141177e-01	
8  6.33755	3.873019e-01	2.529725e-01	3.146351e-01	
3  5.2046	3.568237e-01	2.179343e-01	3.801515e-01	
3  2.9615	3.149658e-01	1.321977e-01	5.077460e-01	
3  2.54785	2.971498e-01	9.584707e-02	5.619127e-01	
3  2.30259	2.904327e-01	-5.440236e-03	6.699170e-01	
8  2.04456	2.815987e-01	-3.500457e-05	6.733459e-01	
4  3.71755	3.697426e-01	1.307359e-01	4.544310e-01	
2  3.33826	3.094127e-01	-6.390380e-03	6.518873e-01	
1  3.08549	2.781033e-01	7.138976e-02	6.054165e-01	
6  6.59004	3.088281e-01	1.812348e-01	4.648466e-01	
3  5.50077	3.522877e-01	2.198672e-01	3.827546e-01	
3  5.32943	3.784865e-01	2.280177e-01	3.484054e-01	
3  4.90834	3.883944e-01	1.988211e-01	3.676940e-01	
2  1.96097	3.132560e-01	9.999476e-02	5.416588e-01	
3  2.01051	3.284705e-01	6.847206e-02	5.579670e-01	
2  3.07375	3.206057e-01	1.415941e-01	4.927097e-01	
1  4.64835	2.722379e-01	8.829260e-02	5.943790e-01	
8  1.5565	3.091916e-01	6.488145e-02	5.808364e-01	
5  1.9873	3.065645e-01	2.368643e-02	6.246586e-01	
1  2.45856	3.444675e-01	9.648931e-02	5.139527e-01	
2  2.30527	3.218925e-01	3.940288e-02	5.936142e-01	
6  2.07774	2.882172e-01	5.959548e-04	6.660964e-01	
2  2.77526	2.767236e-01	-2.747311e-02	7.056591e-01	
3  2.72237	2.627304e-01	-2.049440e-02	7.126736e-01	
1  3.27141	2.562607e-01	1.334251e-02	6.853063e-01	
9  1.72979	2.886146e-01	4.455375e-02	6.217412e-01	
23  1.77965	2.865622e-01	1.680381e-02	6.515435e-01	
1  1.63232	2.988979e-01	3.262275e-02	6.233889e-01	
1  1.92054	3.290856e-01	7.846416e-02	5.473598e-01	
5  2.05265	2.819159e-01	4.706480e-02	6.259288e-01	
3  2.01025	3.274315e-01	1.110453e-01	5.164328e-01	
9  2.34463	2.798457e-01	5.418779e-02	6.208761e-01	
5  2.12385	3.230139e-01	1.152931e-01	5.166026e-01	
4  3.89329	3.540448e-01	6.863773e-02	5.322270e-01	
2  2.02776	3.050190e-01	9.231042e-02	5.575802e-01	
3  2.27319	3.247859e-01	1.225350e-01	5.075886e-01	
6  4.33147	3.758807e-01	1.948397e-01	3.841891e-01	
5  3.20734	3.442963e-01	1.639896e-01	4.466237e-01	
7  3.40503	3.211354e-01	1.495009e-01	4.842733e-01	
1  6.23273	3.778116e-01	7.879249e-02	4.983054e-01	
6  4.39836	3.222902e-01	-4.862308e-03	6.374817e-01	
11  4.8466	2.555758e-01	-7.609830e-02	7.754321e-01	
19  1.61224	2.930672e-01	4.322102e-02	6.186213e-01	
1  3.29811	2.915819e-01	1.031057e-01	5.602220e-01	
1  3.76539	3.722789e-01	1.618171e-01	4.208136e-01	
1  3.35349	3.340610e-01	1.615314e-01	4.593171e-01	
5  1.54507	3.049989e-01	5.150818e-02	5.984025e-01	
6  1.794	2.913991e-01	5.719636e-02	6.063141e-01	
1  1.56453	3.018586e-01	5.942676e-02	5.936242e-01	
4  3.01655	3.233085e-01	1.432191e-01	4.883820e-01	
1  3.81262	3.344231e-01	1.721258e-01	4.483607e-01	
4  1.8781	3.236745e-01	6.329807e-02	5.679369e-01	
23  2.28916	2.703334e-01	1.927631e-02	6.652998e-01	
1  2.0723	3.262366e-01	5.862402e-02	5.700490e-01	
2  3.02499	2.558855e-01	-6.122604e-03	7.051467e-01	
3  1.8863	3.089335e-01	3.150696e-02	6.144691e-01	
2  2.28647	3.293985e-01	5.679219e-02	5.687189e-01	
12  1.90277	2.999868e-01	7.949510e-02	5.754277e-01	
23  1.60647	3.151259e-01	6.924902e-02	5.705347e-01	
9  2.16719	3.072079e-01	1.003278e-01	5.473739e-01	
9  2.83174	3.338080e-01	4.844694e-02	5.726546e-01	
4  1.8084	2.825531e-01	2.199389e-02	6.503626e-01	
4  2.61385	2.784357e-01	-2.225811e-02	6.987320e-01	
3  2.00107	2.814133e-01	4.263856e-02	6.308577e-01	
10  1.60715	3.095075e-01	5.036363e-02	5.950384e-01	
3  2.20248	3.160457e-01	1.122933e-01	5.265706e-01	
1  6.62547	2.955077e-01	1.596601e-01	4.997418e-01	
5  3.56767	3.042989e-01	1.296355e-01	5.209751e-01	
8  1.92263	3.256192e-01	6.584668e-02	5.634437e-01	
2  2.21397	3.091927e-01	1.045452e-01	5.411716e-01	
2  2.93963	2.668447e-01	-3.347395e-02	7.215388e-01	
16  2.52144	3.121457e-01	1.568085e-02	6.270830e-01	
18  1.84781	3.255014e-01	7.187375e-02	5.575344e-01	
8  2.24835	2.974953e-01	8.786727e-02	5.695470e-01	
3  2.02577	3.112292e-01	2.959722e-02	6.140831e-01	
4  3.22071	3.034687e-01	-1.227299e-02	6.637138e-01	
3  3.86513	2.503231e-01	1.193358e-02	6.926529e-01	
6  4.80696	2.429365e-01	1.159936e-02	7.003737e-01	
1  3.13624	2.721281e-01	5.849452e-02	6.242869e-01	
3  7.45029	2.461373e-01	6.561838e-02	6.431538e-01	
3  3.4891	2.678758e-01	5.625523e-02	6.307785e-01	
5  2.54951	2.921137e-01	8.688266e-02	5.759132e-01	
1  3.0433	3.496371e-01	8.303329e-02	5.222392e-01	
14  3.12672	3.580704e-01	1.553236e-01	4.415156e-01	
4  2.98444	2.843939e-01	8.252732e-02	5.879883e-01	
9  2.14533	3.376502e-01	9.476053e-02	5.224988e-01	
2  2.4349	3.237169e-01	3.885202e-02	5.923406e-01	
1  2.09121	2.827239e-01	5.119282e-02	6.209928e-01	
10  1.77809	2.840533e-01	2.146454e-02	6.493917e-01	
9  2.98579	2.732413e-01	-3.424603e-02	7.159142e-01	
1  1.8658	3.036303e-01	8.360618e-02	5.676731e-01	
3  2.26766	3.210350e-01	1.193998e-01	5.144748e-01	
5  2.80661	2.744061e-01	-2.912721e-02	7.096307e-01	
10  2.34851	2.720816e-01	-1.200258e-02	6.948305e-01	
2  3.06793	3.141309e-01	1.335433e-01	5.072354e-01	
2  4.55403	2.667121e-01	7.428500e-02	6.139124e-01	
2  3.99979	2.503272e-01	-5.658975e-02	7.611720e-01	
2  4.23016	3.242406e-01	1.005507e-03	6.296634e-01	
18  2.62601	2.622284e-01	-1.518479e-03	6.941996e-01	
11  1.92108	2.830098e-01	4.243574e-02	6.294640e-01	
5  1.92275	2.845957e-01	4.736604e-02	6.229478e-01	
2  5.1428	3.579466e-01	5.108511e-02	5.458779e-01	
1  4.39385	3.768726e-01	1.262364e-01	4.518005e-01	
2  3.92399	3.728529e-01	1.334366e-01	4.486200e-01	
1  4.0733	3.752532e-01	1.808255e-01	3.988308e-01	
1  2.28482	2.968636e-01	8.790405e-02	5.701419e-01	
3  2.38632	3.442552e-01	1.038163e-01	5.068380e-01	
9  3.59803	2.619382e-01	4.284315e-02	6.501282e-01	
4  4.94992	3.183211e-01	-1.913949e-02	6.557280e-01	
2  4.01525	2.685919e-01	6.901625e-02	6.173013e-01	
1  3.3083	3.221581e-01	1.486289e-01	4.841225e-01	
1  4.26257	3.288849e-01	1.750571e-01	4.509676e-01	
1  3.3222	3.164909e-01	1.420574e-01	4.963613e-01	
1  2.26002	2.963750e-01	8.628037e-02	5.722542e-01	
2  1.78097	2.849489e-01	1.840178e-02	6.515588e-01	
1  1.55314	2.986976e-01	4.581094e-02	6.104010e-01	
15  2.2741	2.787203e-01	4.844242e-02	6.277468e-01	
8  1.96729	3.200007e-01	4.892364e-02	5.859852e-01	
8  1.64602	2.913708e-01	4.324803e-02	6.202907e-01	
1  4.05319	2.681955e-01	6.879660e-02	6.179175e-01	
5  4.74079	2.362076e-01	-2.400140e-02	7.427034e-01	
1  4.50862	2.503935e-01	-6.930682e-02	7.738229e-01	
21  1.63143	2.958211e-01	3.065348e-02	6.284349e-01	
8  3.18218	3.059213e-01	-8.259718e-03	6.572480e-01	
13  5.40463	2.642203e-01	-8.146783e-02	7.721571e-01	
2  5.46951	3.189359e-01	-2.520197e-02	6.611757e-01	
2  5.59322	2.406954e-01	-8.709336e-02	8.013075e-01	
2  6.5093	2.276162e-01	-9.413099e-02	8.214243e-01	
7  6.04014	2.655088e-01	-8.888331e-02	7.782840e-01	
1  7.02525	2.493515e-01	-1.079408e-01	8.134988e-01	
12  5.59604	2.925373e-01	-6.052767e-02	7.228999e-01	
1  4.13609	2.526724e-01	-6.169666e-02	7.639338e-01	
1  1.95868	2.788151e-01	8.302166e-03	6.677923e-01	
2  1.83238	3.117453e-01	9.234298e-02	5.508213e-01	
12  1.55125	2.993018e-01	4.990808e-02	6.056997e-01	
3  1.9795	3.329114e-01	9.241028e-02	5.295879e-01	
2  2.29703	3.388744e-01	1.248094e-01	4.912257e-01	
1  1.68623	3.171898e-01	8.548487e-02	5.522349e-01	
2  1.88825	3.292108e-01	9.720452e-02	5.284942e-01	
2  3.42868	3.621242e-01	1.675847e-01	4.252006e-01	
2  1.95993	2.775673e-01	2.124594e-02	6.560964e-01	
11  1.62444	2.991211e-01	3.354117e-02	6.222473e-01	
6  1.76652	2.946255e-01	6.270642e-02	5.975776e-01	
2  2.55124	3.478600e-01	1.061356e-01	5.009139e-01	
6  3.40633	3.648031e-01	1.265523e-01	4.635542e-01	
9  3.30717	2.645462e-01	-4.375199e-02	7.341153e-01	
5  1.82759	3.191058e-01	5.459179e-02	5.812120e-01	
4  2.35218	3.092431e-01	1.089150e-01	5.367515e-01	
1  1.70634	3.203209e-01	6.956743e-02	5.650212e-01	
5  1.75996	2.847670e-01	2.283024e-02	6.473123e-01	
6  1.76745	3.050053e-01	3.118750e-02	6.187168e-01	
1  5.09561	2.726737e-01	9.610152e-02	5.861343e-01	
4  2.18835	3.226904e-01	1.177434e-01	5.144757e-01	
1  1.87054	3.132646e-01	9.581204e-02	5.458329e-01	
12  1.92223	3.112652e-01	3.384596e-02	6.097984e-01	
16  1.55172	3.065104e-01	5.267104e-02	5.957281e-01	
1  3.87266	3.098297e-01	-1.522141e-02	6.603012e-01	
2  4.45712	2.385067e-01	-2.544133e-02	7.418442e-01	
1  3.08736	3.108443e-01	6.316907e-04	6.434335e-01	
1  2.21241	3.289797e-01	5.894710e-02	5.669827e-01	
16  2.70038	2.612934e-01	-1.304325e-02	7.066594e-01	
2  3.89568	3.611869e-01	8.858144e-02	5.051412e-01	
2  3.10085	3.166880e-01	9.411779e-03	6.288097e-01	
4  3.5545	3.688770e-01	1.532137e-01	4.328188e-01	
2  4.50912	3.635483e-01	7.829178e-02	5.130695e-01	
4  3.0635	3.590648e-01	1.461014e-01	4.497434e-01	
1  2.43631	2.694696e-01	2.609276e-02	6.593472e-01	
3  3.47948	2.684548e-01	5.750690e-02	6.289479e-01	
21  3.70248	2.674101e-01	-5.232467e-02	7.398242e-01	
2  3.16944	2.853494e-01	8.857877e-02	5.809814e-01	
11  1.58173	2.951050e-01	4.115689e-02	6.186476e-01	
1  2.29956	3.396173e-01	8.776443e-02	5.275278e-01	
4  5.76054	3.785014e-01	9.034688e-02	4.860613e-01	
1  5.4239	2.924789e-01	1.391059e-01	5.233247e-01	
4  2.05421	3.206777e-01	4.642350e-02	5.878084e-01	
1  2.05574	2.845628e-01	-2.128432e-04	6.705596e-01	
1  3.55281	2.866694e-01	9.889852e-02	5.693417e-01	
4  2.95624	2.584421e-01	-2.531793e-02	7.217854e-01	
6  2.83826	2.746924e-01	-2.990911e-02	7.101262e-01	
9  2.83265	2.732686e-01	-3.014550e-02	7.117864e-01	
5  1.8251	2.886754e-01	5.240192e-02	6.138322e-01	
7  2.39991	2.666410e-01	-1.631461e-03	6.899000e-01	
2  2.07251	2.812174e-01	4.609888e-02	6.275932e-01	
7  1.94274	3.309447e-01	8.498248e-02	5.389823e-01	
21  1.8072	2.961961e-01	1.868284e-02	6.400306e-01	
6  2.65409	3.222355e-01	1.326844e-01	4.999897e-01	
4  2.18108	2.742305e-01	2.884418e-02	6.518349e-01	
1  3.79388	3.027601e-01	-2.339226e-02	6.755417e-01	
2  4.30019	3.202587e-01	-6.547729e-03	6.411986e-01	
10  2.23752	3.119206e-01	1.087765e-01	5.342124e-01	
2  3.2505	2.729894e-01	6.338161e-02	6.185386e-01	
1  6.22595	2.687493e-01	1.032221e-01	5.829381e-01	
4  1.56833	3.092707e-01	6.826806e-02	5.773708e-01	
8  1.78526	3.235810e-01	7.164876e-02	5.596798e-01	
23  1.53755	3.035245e-01	5.372487e-02	5.976601e-01	
6  3.14719	2.697596e-01	5.272413e-02	6.324258e-01	
2  2.32986	3.286883e-01	5.333773e-02	5.728835e-01	
7  1.58679	3.108018e-01	5.618433e-02	5.879234e-01	
15  1.66488	3.162314e-01	8.309491e-02	5.555833e-01	
3  2.25234	3.294703e-01	1.241487e-01	5.012906e-01	
12  3.42576	3.148255e-01	1.420115e-01	4.980726e-01	
10  1.69793	2.919997e-01	5.159397e-02	6.113159e-01	
11  1.82048	3.148817e-01	9.460759e-02	5.454202e-01	
5  3.02134	3.457341e-01	7.228274e-02	5.368927e-01	
8  2.32032	2.986918e-01	9.209958e-02	5.641181e-01	
4  6.06066	3.819957e-01	9.358415e-02	4.793297e-01	
5  3.92235	3.427961e-01	1.815664e-01	4.305470e-01	
3  5.71554	3.564190e-01	3.789619e-02	5.605944e-01	
4  1.7521	3.184971e-01	5.851956e-02	5.778929e-01	
3  1.55832	3.037346e-01	6.145467e-02	5.897203e-01	
11  1.88924	2.804401e-01	2.889581e-02	6.455736e-01	
21  1.90065	3.007562e-01	1.927221e-02	6.348812e-01	
2  1.88711	2.808223e-01	3.071914e-02	6.433681e-01	
1  2.21288	2.761452e-01	-7.414956e-03	6.861793e-01	
4  2.90461	2.992672e-01	-1.114555e-02	6.667879e-01	
3  1.91039	3.157818e-01	1.001006e-01	5.390271e-01	
9  1.56872	3.105635e-01	6.805323e-02	5.762928e-01	
4  1.90731	3.065852e-01	8.964914e-02	5.586752e-01	
16  1.83778	3.091770e-01	8.974496e-02	5.559876e-01	
7  1.63179	3.031523e-01	3.741843e-02	6.143388e-01	
10  1.90331	3.107182e-01	3.373198e-02	6.104594e-01	
3  1.84281	3.016079e-01	7.942128e-02	5.738804e-01	
7  2.35722	3.401982e-01	1.278293e-01	4.868820e-01	
4  2.58839	3.332091e-01	5.472095e-02	5.669795e-01	
4  2.86929	3.229211e-01	1.391484e-01	4.928401e-01	
1  2.16539	3.224572e-01	1.166518e-01	5.158006e-01	
2  2.10716	2.735364e-01	1.667218e-02	6.647010e-01	
2  1.67836	2.956069e-01	2.628109e-02	6.330216e-01	
1  1.74787	2.997044e-01	2.543699e-02	6.297681e-01	
1  1.62529	2.993955e-01	6.202173e-02	5.934923e-01	
1  2.22904	2.777770e-01	4.376011e-02	6.333724e-01	
2  2.1202	3.264532e-01	5.682754e-02	5.716288e-01	
2  2.28609	3.413874e-01	1.184981e-01	4.950240e-01	
1  2.52821	2.680440e-01	2.561747e-02	6.612481e-01	
2  2.78677	2.798287e-01	6.781728e-02	6.072635e-01	
3  2.26911	3.077012e-01	1.042961e-01	5.429123e-01	
3  2.47057	3.015916e-01	1.010899e-01	5.522280e-01	
1  2.30128	3.394205e-01	8.679301e-02	5.286960e-01	
5  3.73314	3.351876e-01	2.975633e-02	5.899656e-01	
2  3.48716	3.675955e-01	1.530806e-01	4.342334e-01	
1  3.27209	3.010926e-01	1.188520e-01	5.349650e-01	
5  3.9232	3.523288e-01	1.871533e-01	4.154275e-01	
2  5.93161	2.948598e-01	1.499677e-01	5.100821e-01	
1  6.29195	3.724539e-01	6.437536e-02	5.180803e-01	
4  3.30444	3.242181e-01	1.794811e-02	6.127433e-01	
4  1.7596	2.853172e-01	2.093593e-02	6.486564e-01	
4  2.78957	3.117169e-01	8.421245e-03	6.347714e-01	
3  3.21602	3.445739e-01	6.297358e-02	5.473620e-01	
1  2.85598	3.044372e-01	1.151220e-01	5.353503e-01	
7  1.96999	3.314455e-01	1.042984e-01	5.191657e-01	
10  1.79127	3.077210e-01	3.408935e-02	6.130992e-01	
1  1.84684	2.810646e-01	2.231261e-02	6.515323e-01	
2  2.68242	2.625224e-01	9.443703e-03	6.829435e-01	
16  2.35661	2.676414e-01	8.070043e-03	6.791981e-01	
1  3.25832	2.555808e-01	9.691607e-03	6.896371e-01	
1  3.64103	3.069512e-01	-1.529175e-02	6.632501e-01	
9  1.71251	3.210511e-01	7.184366e-02	5.620148e-01	
5  1.8086	3.265543e-01	8.716679e-02	5.411884e-01	
6  1.81157	2.825513e-01	2.059147e-02	6.517668e-01	
1  2.38285	3.398745e-01	8.283100e-02	5.322040e-01	
17  1.84089	3.021626e-01	2.367239e-02	6.290746e-01	
3  1.56538	3.093678e-01	5.650217e-02	5.890395e-01	
19  1.55999	3.019333e-01	5.878243e-02	5.941939e-01	
16  1.54314	3.069683e-01	5.757186e-02	5.903694e-01	
11  2.09821	2.755936e-01	6.448834e-04	6.786711e-01	
2  6.83812	3.903543e-01	1.008416e-01	4.637136e-01	
3  3.4403	3.429850e-01	5.301733e-02	5.589072e-01	
9  2.82521	3.548793e-01	1.234489e-01	4.765814e-01	
3  3.27527	3.559046e-01	1.660338e-01	4.329712e-01	
10  1.98056	3.223189e-01	1.080968e-01	5.244938e-01	
4  1.8601	3.042189e-01	8.421308e-02	5.664776e-01	
5  2.20837	2.948097e-01	1.567942e-03	6.585319e-01	
1  2.30025	2.842087e-01	6.315220e-02	6.075487e-01	
10  2.28891	3.137226e-01	1.125964e-01	5.285905e-01	
9  2.01437	3.115425e-01	1.003113e-01	5.430558e-01	
9  1.87035	3.254710e-01	6.956593e-02	5.598726e-01	
9  1.73212	3.082507e-01	3.824644e-02	6.084124e-01	
1  1.95257	3.222286e-01	5.485448e-02	5.778265e-01	
1  3.14092	3.563978e-01	1.588908e-01	4.396209e-01	
2  9.2747	3.088008e-01	2.106767e-01	4.354320e-01	
2  8.53167	4.328932e-01	2.248200e-01	2.971963e-01	
1  7.46466	4.219858e-01	2.189611e-01	3.139627e-01	
3  7.16207	3.436965e-01	2.360236e-01	3.751894e-01	
4  7.5011	4.198176e-01	2.576589e-01	2.774331e-01	
1  6.04809	3.685540e-01	2.412245e-01	3.451310e-01	
2  3.6132	3.598347e-01	1.780549e-01	4.170200e-01	
1  2.87669	3.412992e-01	1.522113e-01	4.613990e-01	
3  2.80341	3.536791e-01	1.380160e-01	4.632144e-01	
17  2.69722	3.491348e-01	1.405613e-01	4.652134e-01	
6  2.31401	3.354572e-01	7.208108e-02	5.473712e-01	
7  2.96743	3.578718e-01	1.286581e-01	4.683796e-01	
5  3.75895	3.704433e-01	1.317011e-01	4.527651e-01	
4  4.92706	3.512387e-01	2.085850e-01	3.950859e-01	
5  6.05953	3.197341e-01	1.907484e-01	4.444270e-01	
8  1.67603	3.175023e-01	6.339031e-02	5.740169e-01	
1  2.16504	2.750074e-01	-3.685716e-03	6.835879e-01	
1  2.27033	2.845923e-01	-8.547808e-03	6.788651e-01	
1  4.61747	3.427663e-01	2.821065e-02	5.839326e-01	
1  1.78535	2.904652e-01	1.616054e-02	6.482838e-01	
5  1.8768	3.222405e-01	1.019428e-01	5.307262e-01	
6  3.49049	2.932811e-01	1.099216e-01	5.517069e-01	
3  2.39569	3.136997e-01	2.164567e-02	6.195642e-01	
1  2.30348	3.176614e-01	1.174124e-01	5.198358e-01	
9  2.10726	2.766708e-01	3.326415e-02	6.449746e-01	
16  2.51232	2.969009e-01	-4.772261e-03	6.627809e-01	
1  1.77374	2.841302e-01	3.024583e-02	6.405335e-01	
1  1.85719	3.262972e-01	7.395789e-02	5.546545e-01	
17  1.98331	2.895464e-01	6.283574e-02	6.025274e-01	
2  2.88169	3.025364e-01	1.127865e-01	5.395867e-01	
2  2.16523	2.852686e-01	-4.421483e-03	6.740625e-01	
1  1.78373	2.901037e-01	5.333788e-02	6.114680e-01	
3  1.74031	3.091979e-01	3.937755e-02	6.063341e-01	
10  1.72732	3.004392e-01	2.745892e-02	6.270114e-01	
4  2.34309	2.757133e-01	-1.340417e-02	6.926004e-01	
2  2.53636	2.685265e-01	2.790720e-02	6.584758e-01	
4  1.93202	2.782698e-01	1.593089e-02	6.607088e-01	
3  1.97472	3.328951e-01	9.519102e-02	5.268235e-01	
5  2.49538	3.344583e-01	1.360266e-01	4.844247e-01	
5  5.15623	3.908276e-01	2.084150e-01	3.556670e-01	
4  5.35278	3.954542e-01	2.034002e-01	3.560552e-01	
12  2.02537	3.341541e-01	9.154616e-02	5.292093e-01	
6  3.35698	3.517233e-01	7.790449e-02	5.252817e-01	
8  2.60216	2.805583e-01	-2.094320e-02	6.952945e-01	
2  1.80114	2.964262e-01	1.921020e-02	6.392732e-01	
13  1.93981	3.140820e-01	3.814230e-02	6.026853e-01	
2  2.66965	3.209907e-01	2.689154e-02	6.070274e-01	
2  1.90828	3.065529e-01	2.683840e-02	6.215183e-01	
8  2.75855	2.662615e-01	2.994307e-02	6.587050e-01	
5  2.42131	2.720736e-01	3.483081e-02	6.480052e-01	
2  2.95869	2.568720e-01	-5.221757e-03	7.032593e-01	
3  1.62701	3.146811e-01	7.819383e-02	5.620346e-01	
2  4.01612	3.766764e-01	1.613906e-01	4.168426e-01	
9  6.38032	3.935881e-01	2.528513e-01	3.084701e-01	
5  4.40775	3.826388e-01	1.643493e-01	4.079215e-01	
5  3.37346	3.590215e-01	1.682838e-01	4.276043e-01	
9  3.44221	3.229361e-01	1.523802e-01	4.795932e-01	
7  1.61902	2.936890e-01	3.225183e-02	6.289687e-01	
2  2.07764	3.139183e-01	1.054504e-01	5.355409e-01	
4  3.33815	2.706669e-01	5.976808e-02	6.244746e-01	
2  3.52301	3.569625e-01	8.799037e-02	5.099567e-01	
1  4.20141	3.795777e-01	1.675596e-01	4.077723e-01	
1  4.53791	3.844678e-01	1.800980e-01	3.903437e-01	
3  3.48407	3.627615e-01	1.697866e-01	4.223615e-01	
2  2.94455	3.149028e-01	9.912502e-03	6.300942e-01	
1  5.6893	3.148241e-01	1.787218e-01	4.613636e-01	
1  3.78258	3.632981e-01	1.829959e-01	4.086156e-01	
1  3.45479	3.576619e-01	1.727308e-01	4.245168e-01	
4  4.4524	2.383162e-01	-2.818016e-02	7.447735e-01	
2  3.93711	2.437334e-01	-2.398193e-02	7.351580e-01	
7  3.07057	2.976753e-01	1.090638e-01	5.481705e-01	
1  3.21447	3.626459e-01	1.449664e-01	4.472972e-01	
6  2.84525	3.482764e-01	1.502960e-01	4.563372e-01	
3  2.42428	3.333770e-01	1.328038e-01	4.887288e-01	
4  2.10144	3.279642e-01	6.166515e-02	5.652802e-01	
2  2.08232	3.199355e-01	4.367071e-02	5.913033e-01	
7  1.75294	2.985294e-01	6.953298e-02	5.868472e-01	
2  1.76745	2.880436e-01	4.633503e-02	6.205309e-01	
17  1.832	3.270268e-01	9.347688e-02	5.344059e-01	
8  1.77177	2.869235e-01	1.734885e-02	6.506372e-01	
6  2.94203	2.570674e-01	-5.765409e-03	7.036075e-01	
1  4.50165	2.577042e-01	-6.977790e-02	7.669832e-01	
1  3.64039	2.899128e-01	-3.546394e-02	7.004607e-01	
2  4.19342	3.335674e-01	1.796677e-02	6.033753e-01	
5  1.69849	3.173164e-01	8.682060e-02	5.507725e-01	
8  2.46918	3.390054e-01	7.514260e-02	5.407616e-01	
7  3.3577	3.451243e-01	1.687782e-01	4.410071e-01	
15  1.8901	3.047853e-01	2.503291e-02	6.250914e-01	
1  2.99593	2.771525e-01	6.705568e-02	6.107014e-01	
4  3.78437	2.458933e-01	-1.683076e-02	7.258470e-01	
9  1.78097	3.114403e-01	4.106188e-02	6.024074e-01	
2  1.91123	3.250129e-01	1.044922e-01	5.254044e-01	
4  3.0276	2.555363e-01	-1.291344e-02	7.122867e-01	
2  2.36122	2.722587e-01	-1.282074e-02	6.954716e-01	
13  2.55678	2.688079e-01	2.994805e-02	6.561536e-01	
4  3.08192	3.540904e-01	1.581008e-01	4.427184e-01	
3  4.86981	3.408990e-01	1.985105e-01	4.155001e-01	
9  5.94967	3.708670e-01	2.405415e-01	3.435011e-01	
3  7.43816	4.218772e-01	2.224600e-01	3.105724e-01	
1  7.6006	4.160587e-01	1.705866e-01	3.682643e-01	
1  3.84732	3.683275e-01	1.813846e-01	4.051975e-01	
3  3.14541	3.302672e-01	1.531708e-01	4.714716e-01	
20  1.96261	3.096354e-01	9.592881e-02	5.493453e-01	
11  1.92445	2.872866e-01	5.466822e-02	6.129548e-01	
6  3.05301	2.954815e-01	-1.862415e-02	6.780522e-01	
5  4.1959	2.914317e-01	-4.287177e-02	7.063496e-01	
1  5.1821	2.832064e-01	1.186576e-01	5.530455e-01	
2  5.1985	2.590299e-01	6.640512e-02	6.294746e-01	
11  2.50672	3.265582e-01	1.320624e-01	4.962889e-01	
7  2.27658	3.253298e-01	1.230312e-01	5.065486e-01	
2  2.4565	3.184560e-01	1.230645e-01	5.133890e-01	
5  2.00452	3.291412e-01	1.102738e-01	5.154945e-01	
16  1.57628	2.976981e-01	5.208487e-02	6.051266e-01	
6  2.63569	2.711770e-01	4.094458e-02	6.427880e-01	
1  1.83121	2.938709e-01	1.548121e-02	6.455574e-01	
35  2.42459	2.670484e-01	-8.269747e-03	6.961309e-01	
2  1.68699	3.086003e-01	4.175526e-02	6.045540e-01	
2  3.81281	3.714386e-01	1.725045e-01	4.109664e-01	
1  3.21607	3.615764e-01	1.237333e-01	4.695998e-01	
6  3.08334	2.557296e-01	-6.795830e-04	6.998595e-01	
13  3.31026	2.579263e-01	2.150302e-02	6.754803e-01	
18  2.08151	2.751625e-01	3.220874e-03	6.765262e-01	
7  3.48562	2.522863e-01	5.121172e-03	6.975021e-01	
2  1.84079	3.098756e-01	9.071504e-02	5.543189e-01	
2  2.59645	3.333280e-01	5.473003e-02	5.668515e-01	
4  2.11162	3.318034e-01	1.167394e-01	5.063667e-01	
2  2.10235	3.370002e-01	1.001728e-01	5.177365e-01	
1  1.79929	3.167997e-01	9.468302e-02	5.434268e-01	
1  2.29878	3.308728e-01	5.999024e-02	5.640465e-01	
21  2.11638	3.050480e-01	9.554578e-02	5.543157e-01	
4  2.09729	3.311767e-01	7.127350e-02	5.524594e-01	
1  1.65366	2.907209e-01	2.919309e-02	6.349955e-01	
4  1.58306	2.963027e-01	4.919627e-02	6.094106e-01	
2  2.58048	3.359006e-01	6.168708e-02	5.573218e-01	
11  1.57343	2.959710e-01	4.366330e-02	6.152753e-01	
1  2.65772	2.792793e-01	6.296890e-02	6.126614e-01	
19  1.7282	3.029438e-01	3.051116e-02	6.214545e-01	
13  1.57497	3.107141e-01	5.828748e-02	5.859080e-01	
6  1.98644	2.898187e-01	6.357567e-02	6.015151e-01	
4  2.40493	3.214300e-01	1.244148e-01	5.090648e-01	
3  2.66727	3.346587e-01	5.553832e-02	5.647125e-01	
5  2.2676	3.088870e-01	1.058561e-01	5.401664e-01	
2  3.87704	3.004754e-01	-2.760587e-02	6.820400e-01	
4  6.58825	3.066463e-01	-5.528002e-02	7.035433e-01	
4  3.96088	2.457708e-01	-4.778835e-02	7.569271e-01	
1  2.15031	2.724252e-01	4.807730e-03	6.776766e-01	
15  1.83054	3.190883e-01	9.788312e-02	5.379382e-01	
28  1.65106	3.024792e-01	6.954229e-02	5.828880e-01	
1  2.97724	3.440074e-01	6.904314e-02	5.418590e-01	
2  3.71171	3.022757e-01	1.291133e-01	5.235206e-01	
1  3.87381	2.621822e-01	4.997563e-02	6.427517e-01	
3  3.85062	3.406722e-01	3.852245e-02	5.757149e-01	
4  3.40401	3.005225e-01	1.205416e-01	5.338454e-01	
6  2.41373	3.420293e-01	8.909347e-02	5.237868e-01	
9  3.22374	2.853578e-01	8.975175e-02	5.798000e-01	
5  1.79872	2.829830e-01	2.189478e-02	6.500317e-01	
14  1.84151	2.981588e-01	7.353826e-02	5.832125e-01	
7  2.78346	3.280123e-01	3.741126e-02	5.894860e-01	
3  4.26017	2.671957e-01	-6.272178e-02	7.504356e-01	
15  1.95835	2.965429e-01	7.583731e-02	5.825294e-01	
4  2.95296	3.555918e-01	1.115394e-01	4.877784e-01	
1  3.17756	3.426409e-01	5.926106e-02	5.530076e-01	
10  1.70959	3.206716e-01	8.605936e-02	5.481786e-01	
3  3.87455	3.083289e-01	1.413122e-01	5.052685e-01	
1  3.07511	3.475986e-01	1.602036e-01	4.471074e-01	
2  5.59463	3.829067e-01	1.073916e-01	4.646112e-01	
5  2.01944	3.271239e-01	1.116190e-01	5.161666e-01	
2  1.83785	3.277662e-01	8.970947e-02	5.374338e-01	
7  5.21013	3.910705e-01	2.111680e-01	3.526710e-01	
6  4.63845	3.843819e-01	1.930375e-01	3.774901e-01	
1  6.18228	4.060615e-01	1.887732e-01	3.600749e-01	
4  6.38515	4.075613e-01	1.835449e-01	3.638034e-01	
15  6.33685	4.084982e-01	1.977605e-01	3.486509e-01	
14  3.21537	3.625403e-01	1.465551e-01	4.458142e-01	
3  2.47763	3.079587e-01	1.107492e-01	5.362017e-01	
1  4.4859	3.810986e-01	1.422462e-01	4.315648e-01	
23  4.07328	3.639016e-01	1.931204e-01	3.978875e-01	
8  1.75889	3.221347e-01	6.930604e-02	5.634688e-01	
8  1.80425	3.212100e-01	9.647540e-02	5.372242e-01	
8  1.94394	2.862590e-01	5.309663e-02	6.155539e-01	
1  3.29508	3.390867e-01	4.777718e-02	5.680457e-01	
3  2.42787	2.714369e-01	3.297228e-02	6.505004e-01	
6  2.49362	3.160182e-01	2.280947e-02	6.160819e-01	
4  1.76393	3.017484e-01	2.697188e-02	6.261893e-01	
3  2.91962	2.579890e-01	5.081345e-04	6.964124e-01	
2  3.02894	2.561071e-01	-2.188014e-02	7.206826e-01	
10  2.07581	2.801199e-01	-1.480534e-03	6.762701e-01	
25  1.79763	3.189460e-01	9.558074e-02	5.403828e-01	
9  1.64589	3.154217e-01	8.077531e-02	5.587126e-01	
6  2.19947	3.306082e-01	1.219090e-01	5.023924e-01	
1  3.15414	2.933643e-01	1.033615e-01	5.581837e-01	
1  1.94797	3.308883e-01	1.024806e-01	5.215406e-01	
5  1.8978	3.292073e-01	9.907980e-02	5.266225e-01	
4  5.69086	2.999364e-01	-5.327331e-02	7.082464e-01	
3  3.78592	2.473209e-01	-4.311693e-02	7.507056e-01	
5  3.75313	2.792280e-01	-4.677188e-02	7.224535e-01	
14  2.91123	3.096179e-01	2.547411e-03	6.427443e-01	
6  1.67201	3.141299e-01	8.353837e-02	5.572413e-01	
1  2.39978	3.188274e-01	1.217093e-01	5.143729e-01	
3  2.06808	2.914520e-01	3.282878e-03	6.601747e-01	
1  3.11168	2.614307e-01	-3.689430e-02	7.303731e-01	
4  3.6073	3.099931e-01	-1.046630e-02	6.553828e-01	
2  2.65134	3.356134e-01	1.423404e-01	4.769558e-01	
4  1.70632	3.200331e-01	6.836006e-02	5.665164e-01	
2  2.06022	3.145484e-01	3.408074e-02	6.062804e-01	
4  2.34816	2.901224e-01	7.729608e-02	5.874911e-01	
9  3.15256	3.612013e-01	1.293206e-01	4.643877e-01	
4  1.91566	3.278999e-01	7.410232e-02	5.529073e-01	
4  2.24507	3.263818e-01	5.126551e-02	5.772623e-01	
2  2.35195	2.698282e-01	2.205001e-02	6.630314e-01	
2  1.92335	3.205657e-01	5.245661e-02	5.818873e-01	
5  1.69453	3.209306e-01	7.653850e-02	5.574404e-01	
2  2.11439	3.239306e-01	1.154335e-01	5.155455e-01	
4  1.6939	2.900175e-01	4.524583e-02	6.196462e-01	
5  2.84932	3.276160e-01	1.431278e-01	4.841658e-01	
1  2.83397	3.058562e-01	-1.105888e-03	6.501592e-01	
10  2.82263	2.588181e-01	-6.497742e-03	7.025892e-01	
2  2.37841	2.670334e-01	-8.660913e-05	6.879628e-01	
3  1.86967	3.113455e-01	3.635357e-02	6.072105e-01	
15  2.16485	2.743444e-01	-2.802968e-03	6.833681e-01	
12  2.70439	2.612577e-01	-1.338375e-02	7.070356e-01	
5  4.21012	2.776563e-01	9.261823e-02	5.846351e-01	
4  2.13053	2.815893e-01	-4.220989e-03	6.775413e-01	
2  2.21153	2.732255e-01	-4.646097e-03	6.863301e-01	
3  1.92793	2.837955e-01	4.534040e-02	6.257736e-01	
10  2.94239	2.643117e-01	3.049952e-02	6.600983e-01	
12  1.67212	2.897892e-01	2.723099e-02	6.378893e-01	
13  1.89676	2.906417e-01	6.118306e-02	6.030848e-01	
2  1.841	2.828762e-01	3.480162e-02	6.372317e-01	
3  1.76702	3.172552e-01	9.271311e-02	5.449413e-01	
2  2.54718	3.458805e-01	9.575938e-02	5.132697e-01	
10  3.66974	3.497935e-01	6.359888e-02	5.415172e-01	
1  2.59898	3.110843e-01	1.182517e-01	5.255735e-01	
1  2.73324	3.394451e-01	6.535836e-02	5.501061e-01	
6  3.27121	3.623116e-01	1.230833e-01	4.695146e-01	
14  3.77141	3.283556e-01	1.651527e-01	4.614013e-01	
1  4.43238	3.718716e-01	1.055764e-01	4.774615e-01	
2  2.92534	3.342982e-01	1.504375e-01	4.701739e-01	
5  1.918	3.245653e-01	1.049899e-01	5.253543e-01	
4  1.59559	3.105583e-01	5.419468e-02	5.901566e-01	
15  2.24132	2.959687e-01	1.750915e-03	6.571899e-01	
9  2.58054	3.175701e-01	1.256857e-01	5.116537e-01	
12  2.94928	2.708876e-01	5.028080e-02	6.337411e-01	
9  2.38098	2.683781e-01	-8.309605e-03	6.948410e-01	
22  2.05218	2.862980e-01	6.038441e-04	6.680077e-01	
1  2.25896	3.368856e-01	8.004671e-02	5.379772e-01	
3  2.01803	3.265451e-01	6.238307e-02	5.659814e-01	
7  1.91623	2.977578e-01	1.518146e-02	6.419703e-01	
5  2.00191	2.882373e-01	6.071433e-02	6.059580e-01	
13  1.59245	2.960934e-01	5.040481e-02	6.084113e-01	
10  1.62445	2.975422e-01	5.815156e-02	5.992158e-01	
5  1.73373	3.182956e-01	9.029319e-02	5.463208e-01	
12  2.37694	2.695678e-01	2.267920e-02	6.626625e-01	
3  3.12373	2.620830e-01	-3.770480e-02	7.305313e-01	
1  4.28048	2.955240e-01	1.276002e-01	5.317853e-01	
6  2.64172	3.152955e-01	1.246959e-01	5.149182e-01	
5  1.6096	3.143538e-01	6.332801e-02	5.772277e-01	
4  2.16822	3.032080e-01	9.456377e-02	5.571378e-01	
1  2.31776	2.739151e-01	-1.166066e-02	6.926551e-01	
4  1.5526	3.089288e-01	5.968978e-02	5.862910e-01	
8  3.01951	2.596534e-01	-3.137674e-02	7.266329e-01	
14  3.07759	3.037227e-01	-9.118787e-03	6.603056e-01	
1  2.82162	2.588843e-01	-5.253221e-03	7.012784e-01	
14  1.67377	3.161246e-01	8.415970e-02	5.546252e-01	
1  2.10955	3.332077e-01	1.158071e-01	5.058948e-01	
12  2.02608	3.321755e-01	8.048531e-02	5.422487e-01	
3  3.18429	3.610906e-01	1.237606e-01	4.700584e-01	
10  2.39995	2.745448e-01	4.172034e-02	6.386445e-01	
4  5.86017	3.508281e-01	2.424041e-02	5.798411e-01	
2  2.40972	3.352233e-01	1.325274e-01	4.871589e-01	
1  3.25688	3.106472e-01	1.328880e-01	5.113743e-01	
1  3.97343	3.184831e-01	1.572001e-01	4.792264e-01	
3  2.35754	3.404544e-01	8.676644e-02	5.276887e-01	
29  2.03617	2.915953e-01	4.613182e-03	6.587010e-01	
6  2.0338	2.776829e-01	3.163785e-02	6.455888e-01	
5  1.67216	2.970148e-01	6.125115e-02	5.966436e-01	
3  4.15611	3.230185e-01	2.089453e-04	6.316821e-01	
1  1.8722	2.802978e-01	2.385890e-02	6.507528e-01	
3  3.84368	3.173968e-01	-3.525852e-03	6.410386e-01	
3  3.79205	2.768066e-01	-4.917932e-02	7.272823e-01	
7  2.95346	2.708557e-01	-3.395762e-02	7.180115e-01	
3  2.72769	2.692840e-01	-2.693322e-02	7.125587e-01	
6  4.42578	2.395142e-01	-1.902744e-02	7.344228e-01	
2  2.95696	2.699676e-01	-3.416059e-02	7.191025e-01	
1  4.03159	2.427893e-01	-3.813195e-02	7.502522e-01	
1  4.10118	2.821614e-01	-5.022805e-02	7.229762e-01	
2  3.10544	2.838459e-01	8.414753e-02	5.869161e-01	
3  2.88229	3.482279e-01	8.535577e-02	5.213258e-01	
9  4.23611	3.652170e-01	9.040955e-02	4.992830e-01	
4  3.56843	2.985722e-01	1.204694e-01	5.358679e-01	
11  4.58815	3.717952e-01	1.003693e-01	4.827451e-01	
1  4.47865	3.822710e-01	1.504233e-01	4.222153e-01	
7  3.0798	2.553011e-01	-2.272703e-02	7.223355e-01	
10  2.49762	2.652739e-01	-9.037423e-03	6.986731e-01	
10  1.71728	3.054859e-01	3.474504e-02	6.146786e-01	
