2  487.69	2.253425e+00	1.280271e-01	6.598222e-01	3.066909e+00	8.454453e-01	2.000000e+00	0.000000e+00	2.000000e+00	0.000000e+00	2.000000e+00	0.000000e+00	2.000000e+00	0.000000e+00	3.473072e-01	2.147541e+00	8.118377e-01	
38  156.863	2.307237e+00	1.053552e-01	6.509325e-01	2.979595e+00	8.350289e-01	2.000000e+00	0.000000e+00	2.000000e+00	0.000000e+00	2.000000e+00	0.000000e+00	2.000000e+00	0.000000e+00	3.046206e-01	1.967984e+00	6.812378e-01	
1  141.657	2.242913e+00	1.089388e-01	6.601390e-01	2.945003e+00	8.548308e-01	2.000000e+00	0.000000e+00	2.000000e+00	0.000000e+00	2.000000e+00	0.000000e+00	2.000000e+00	0.000000e+00	3.029304e-01	1.901073e+00	6.938717e-01	
70  141.292	2.327595e+00	1.059474e-01	6.502834e-01	3.015168e+00	9.328584e-01	2.000000e+00	0.000000e+00	2.000000e+00	0.000000e+00	2.000000e+00	0.000000e+00	2.000000e+00	0.000000e+00	3.071109e-01	2.039251e+00	7.174087e-01	
141  139.487	2.257587e+00	1.023281e-01	6.472509e-01	3.006303e+00	9.399993e-01	2.000000e+00	0.000000e+00	2.000000e+00	0.000000e+00	2.000000e+00	0.000000e+00	2.000000e+00	0.000000e+00	2.996848e-01	2.021254e+00	7.031926e-01	
7  127.431	2.257587e+00	1.023281e-01	6.472509e-01	3.006303e+00	9.399993e-01	2.214746e+00	6.685568e-02	2.223780e+00	1.907760e-01	1.991169e+00	3.661639e-01	1.892502e+00	-1.046674e-01	2.996848e-01	2.021254e+00	7.031926e-01	
39  125.269	2.359868e+00	1.044791e-01	6.628248e-01	2.991285e+00	9.872487e-01	2.214746e+00	6.685568e-02	2.223780e+00	1.907760e-01	1.991169e+00	3.661639e-01	1.892502e+00	-1.046674e-01	2.929914e-01	1.991126e+00	7.165501e-01	
74  121.779	2.422002e+00	1.120184e-01	6.622840e-01	2.896932e+00	9.874021e-01	2.214746e+00	6.685568e-02	2.223780e+00	1.907760e-01	1.991169e+00	3.661639e-01	1.892502e+00	-1.046674e-01	3.120754e-01	1.811848e+00	7.123136e-01	
2  117.878	2.433166e+00	1.036344e-01	6.677177e-01	2.936940e+00	9.901319e-01	2.214746e+00	6.685568e-02	2.223780e+00	1.907760e-01	1.991169e+00	3.661639e-01	1.892502e+00	-1.046674e-01	2.884626e-01	1.885806e+00	6.909914e-01	
329  113.867	2.373031e+00	1.092556e-01	6.802913e-01	2.901663e+00	9.277001e-01	2.214746e+00	6.685568e-02	2.223780e+00	1.907760e-01	1.991169e+00	3.661639e-01	1.892502e+00	-1.046674e-01	2.887450e-01	1.820440e+00	6.938638e-01	
39  112.044	2.355513e+00	1.190030e-01	6.703538e-01	2.822820e+00	9.434018e-01	2.214746e+00	6.685568e-02	2.223780e+00	1.907760e-01	1.991169e+00	3.661639e-01	1.892502e+00	-1.046674e-01	3.186704e-01	1.682422e+00	7.081282e-01	
39  113.43	2.379504e+00	1.190349e-01	6.688427e-01	2.820078e+00	8.492833e-01	2.214746e+00	6.685568e-02	2.223780e+00	1.907760e-01	1.991169e+00	3.661639e-01	1.892502e+00	-1.046674e-01	3.207196e-01	1.677816e+00	6.822796e-01	
33  109.495	2.377146e+00	1.213326e-01	6.785428e-01	2.761569e+00	8.564357e-01	2.214746e+00	6.685568e-02	2.223780e+00	1.907760e-01	1.991169e+00	3.661639e-01	1.892502e+00	-1.046674e-01	3.165547e-01	1.582465e+00	6.742249e-01	
371  109.909	2.412440e+00	1.225477e-01	6.864427e-01	2.776663e+00	8.841711e-01	2.214746e+00	6.685568e-02	2.223780e+00	1.907760e-01	1.991169e+00	3.661639e-01	1.892502e+00	-1.046674e-01	3.126381e-01	1.606531e+00	6.901488e-01	
38  106.271	2.373159e+00	1.203839e-01	6.930053e-01	2.773362e+00	8.967045e-01	2.214746e+00	6.685568e-02	2.223780e+00	1.907760e-01	1.991169e+00	3.661639e-01	1.892502e+00	-1.046674e-01	3.014215e-01	1.601238e+00	6.878134e-01	
518  104.149	2.316006e+00	1.268577e-01	6.818826e-01	2.742097e+00	8.676171e-01	2.214746e+00	6.685568e-02	2.223780e+00	1.907760e-01	1.991169e+00	3.661639e-01	1.892502e+00	-1.046674e-01	3.240292e-01	1.551950e+00	6.931384e-01	
2  105.7	2.280651e+00	1.307799e-01	6.987311e-01	2.705960e+00	8.288510e-01	2.214746e+00	6.685568e-02	2.223780e+00	1.907760e-01	1.991169e+00	3.661639e-01	1.892502e+00	-1.046674e-01	3.159004e-01	1.496868e+00	6.887912e-01	
146  104.105	2.321598e+00	1.265761e-01	6.963017e-01	2.708026e+00	8.581408e-01	2.214746e+00	6.685568e-02	2.223780e+00	1.907760e-01	1.991169e+00	3.661639e-01	1.892502e+00	-1.046674e-01	3.102825e-01	1.499963e+00	6.806333e-01	
112  104.347	2.316063e+00	1.292134e-01	6.840920e-01	2.704129e+00	8.547076e-01	2.214746e+00	6.685568e-02	2.223780e+00	1.907760e-01	1.991169e+00	3.661639e-01	1.892502e+00	-1.046674e-01	3.269746e-01	1.494130e+00	6.850020e-01	
408  105.759	2.293525e+00	1.313114e-01	6.741729e-01	2.722792e+00	8.143572e-01	2.214746e+00	6.685568e-02	2.223780e+00	1.907760e-01	1.991169e+00	3.661639e-01	1.892502e+00	-1.046674e-01	3.407870e-01	1.522277e+00	6.872239e-01	
71  106.943	2.320969e+00	1.159477e-01	6.724411e-01	2.807660e+00	8.655058e-01	2.214746e+00	6.685568e-02	2.223780e+00	1.907760e-01	1.991169e+00	3.661639e-01	1.892502e+00	-1.046674e-01	3.091743e-01	1.657109e+00	6.744770e-01	
296  105.648	2.268051e+00	1.246244e-01	6.721648e-01	2.738349e+00	8.152073e-01	2.214746e+00	6.685568e-02	2.223780e+00	1.907760e-01	1.991169e+00	3.661639e-01	1.892502e+00	-1.046674e-01	3.274619e-01	1.546144e+00	6.722965e-01	
591  104.83	2.217823e+00	1.184570e-01	6.595033e-01	2.804100e+00	8.741351e-01	2.214746e+00	6.685568e-02	2.223780e+00	1.907760e-01	1.991169e+00	3.661639e-01	1.892502e+00	-1.046674e-01	3.248216e-01	1.651221e+00	6.875899e-01	
444  104.365	2.231987e+00	1.180347e-01	6.758739e-01	2.801365e+00	8.749446e-01	2.214746e+00	6.685568e-02	2.223780e+00	1.907760e-01	1.991169e+00	3.661639e-01	1.892502e+00	-1.046674e-01	3.086624e-01	1.646710e+00	6.878047e-01	
111  103.657	2.238760e+00	1.103087e-01	6.726889e-01	2.845750e+00	9.286270e-01	2.214746e+00	6.685568e-02	2.223780e+00	1.907760e-01	1.991169e+00	3.661639e-01	1.892502e+00	-1.046674e-01	2.946683e-01	1.721447e+00	6.853525e-01	
40  105.57	2.257601e+00	1.107443e-01	6.814425e-01	2.828984e+00	9.105632e-01	2.214746e+00	6.685568e-02	2.223780e+00	1.907760e-01	1.991169e+00	3.661639e-01	1.892502e+00	-1.046674e-01	2.884903e-01	1.692825e+00	6.775976e-01	
145  106.325	2.229934e+00	1.074052e-01	6.795743e-01	2.859718e+00	9.287404e-01	2.214746e+00	6.685568e-02	2.223780e+00	1.907760e-01	1.991169e+00	3.661639e-01	1.892502e+00	-1.046674e-01	2.822491e-01	1.745660e+00	6.799893e-01	
222  106.625	2.252930e+00	1.211997e-01	6.758900e-01	2.769854e+00	9.236870e-01	2.214746e+00	6.685568e-02	2.223780e+00	1.907760e-01	1.991169e+00	3.661639e-01	1.892502e+00	-1.046674e-01	3.160343e-01	1.595631e+00	6.995456e-01	
371  106.075	2.295695e+00	1.183732e-01	6.748288e-01	2.779333e+00	8.522399e-01	2.214746e+00	6.685568e-02	2.223780e+00	1.907760e-01	1.991169e+00	3.661639e-01	1.892502e+00	-1.046674e-01	3.117614e-01	1.610827e+00	6.724183e-01	
2  108.46	2.268677e+00	1.122806e-01	6.840231e-01	2.823783e+00	8.764194e-01	2.214746e+00	6.685568e-02	2.223780e+00	1.907760e-01	1.991169e+00	3.661639e-01	1.892502e+00	-1.046674e-01	2.898377e-01	1.684044e+00	6.735178e-01	
109  108.44	2.288019e+00	1.054216e-01	6.846564e-01	2.875664e+00	9.449108e-01	2.214746e+00	6.685568e-02	2.223780e+00	1.907760e-01	1.991169e+00	3.661639e-01	1.892502e+00	-1.046674e-01	2.750820e-01	1.773720e+00	6.785002e-01	
114  106.482	2.224729e+00	1.181600e-01	6.969865e-01	2.781251e+00	8.963234e-01	2.214746e+00	6.685568e-02	2.223780e+00	1.907760e-01	1.991169e+00	3.661639e-01	1.892502e+00	-1.046674e-01	2.903546e-01	1.613920e+00	6.911253e-01	
33  107.83	2.208691e+00	1.262444e-01	6.963182e-01	2.684458e+00	8.293473e-01	2.214746e+00	6.685568e-02	2.223780e+00	1.907760e-01	1.991169e+00	3.661639e-01	1.892502e+00	-1.046674e-01	3.072551e-01	1.465026e+00	6.703075e-01	
38  105.906	2.229308e+00	1.210054e-01	6.952202e-01	2.728114e+00	8.781026e-01	2.214746e+00	6.685568e-02	2.223780e+00	1.907760e-01	1.991169e+00	3.661639e-01	1.892502e+00	-1.046674e-01	2.978137e-01	1.530399e+00	6.780757e-01	
445  103.423	2.234133e+00	1.222789e-01	6.772122e-01	2.755692e+00	8.886527e-01	2.214746e+00	6.685568e-02	2.223780e+00	1.907760e-01	1.991169e+00	3.661639e-01	1.892502e+00	-1.046674e-01	3.167448e-01	1.573192e+00	6.908704e-01	
220  104.699	2.212058e+00	1.258291e-01	6.758692e-01	2.716573e+00	8.298898e-01	2.214746e+00	6.685568e-02	2.223780e+00	1.907760e-01	1.991169e+00	3.661639e-01	1.892502e+00	-1.046674e-01	3.252934e-01	1.512839e+00	6.760012e-01	
818  104.432	2.191612e+00	1.226049e-01	6.814350e-01	2.748650e+00	8.646434e-01	2.214746e+00	6.685568e-02	2.223780e+00	1.907760e-01	1.991169e+00	3.661639e-01	1.892502e+00	-1.046674e-01	3.126176e-01	1.562153e+00	6.867480e-01	
145  104.825	2.225473e+00	1.261986e-01	6.856792e-01	2.716169e+00	8.818941e-01	2.214746e+00	6.685568e-02	2.223780e+00	1.907760e-01	1.991169e+00	3.661639e-01	1.892502e+00	-1.046674e-01	3.171234e-01	1.512228e+00	6.912364e-01	
77  105.027	2.233989e+00	1.288241e-01	6.810195e-01	2.726214e+00	8.582856e-01	2.214746e+00	6.685568e-02	2.223780e+00	1.907760e-01	1.991169e+00	3.661639e-01	1.892502e+00	-1.046674e-01	3.273224e-01	1.527495e+00	6.959806e-01	
1849  102.753	2.245749e+00	1.197072e-01	6.774244e-01	2.783315e+00	8.947437e-01	2.214746e+00	6.685568e-02	2.223780e+00	1.907760e-01	1.991169e+00	3.661639e-01	1.892502e+00	-1.046674e-01	3.111956e-01	1.617254e+00	6.921517e-01	
850  103.696	2.251836e+00	1.211110e-01	6.891013e-01	2.755801e+00	9.069856e-01	2.214746e+00	6.685568e-02	2.223780e+00	1.907760e-01	1.991169e+00	3.661639e-01	1.892502e+00	-1.046674e-01	3.038229e-01	1.573364e+00	6.928945e-01	
73  104.472	2.234163e+00	1.184496e-01	6.888960e-01	2.758393e+00	8.838587e-01	2.214746e+00	6.685568e-02	2.223780e+00	1.907760e-01	1.991169e+00	3.661639e-01	1.892502e+00	-1.046674e-01	2.980235e-01	1.577448e+00	6.791841e-01	
527  103.98	2.241728e+00	1.094705e-01	6.731370e-01	2.855250e+00	9.215745e-01	2.214746e+00	6.685568e-02	2.223780e+00	1.907760e-01	1.991169e+00	3.661639e-01	1.892502e+00	-1.046674e-01	2.924918e-01	1.737878e+00	6.833896e-01	
